#      mass       lower
 8.9907e-03  1.8333e-04
 9.0814e-03  1.5641e-04
 9.1546e-03  1.6973e-04
 9.2284e-03  1.8085e-04
 9.3215e-03  1.6286e-04
 9.3967e-03  1.6553e-04
 9.4724e-03  1.5685e-04
 9.5488e-03  1.5405e-04
 9.6258e-03  1.3969e-04
 9.7034e-03  1.2371e-04
 9.8013e-03  1.3241e-04
 9.8803e-03  1.2071e-04
 9.9599e-03  1.2327e-04
 1.0040e-02  1.2354e-04
 1.0121e-02  1.0562e-04
 1.0182e-02  1.1806e-04
 1.0264e-02  9.1038e-05
 1.0347e-02  1.0298e-04
 1.0431e-02  1.0184e-04
 1.0515e-02  1.2725e-04
 1.0599e-02  1.3218e-04
 1.0663e-02  1.3423e-04
 1.0749e-02  1.2508e-04
 1.0836e-02  1.2691e-04
 1.0923e-02  1.2507e-04
 1.1034e-02  1.3133e-04
 1.1123e-02  1.3609e-04
 1.1235e-02  1.2632e-04
 1.1325e-02  1.2634e-04
 1.1440e-02  1.2207e-04
 1.1532e-02  1.2245e-04
 1.1625e-02  1.1081e-04
 1.1742e-02  1.0278e-04
 1.1837e-02  1.1071e-04
 1.1932e-02  1.2143e-04
 1.2028e-02  1.3025e-04
 1.2125e-02  1.2188e-04
 1.2223e-02  1.2268e-04
 1.2322e-02  1.1831e-04
 1.2421e-02  9.6196e-05
 1.2521e-02  1.0240e-04
 1.2622e-02  9.6077e-05
 1.2724e-02  9.6153e-05
 1.2827e-02  1.0018e-04
 1.2930e-02  1.1734e-04
 1.3034e-02  1.1109e-04
 1.3139e-02  1.1859e-04
 1.3245e-02  1.0377e-04
 1.3325e-02  1.1227e-04
 1.3433e-02  1.0068e-04
 1.3541e-02  7.5350e-05
 1.3623e-02  8.6872e-05
 1.3733e-02  8.1198e-05
 1.3843e-02  1.0148e-04
 1.3927e-02  1.1077e-04
 1.4039e-02  1.2862e-04
 1.4124e-02  1.2067e-04
 1.4238e-02  1.2385e-04
 1.4324e-02  1.1383e-04
 1.4439e-02  1.2396e-04
 1.4527e-02  1.1443e-04
 1.4644e-02  9.7157e-05
 1.4762e-02  1.0594e-04
 1.4881e-02  1.2963e-04
 1.5001e-02  1.4856e-04
 1.5122e-02  1.3917e-04
 1.5244e-02  1.4187e-04
 1.5366e-02  1.3434e-04
 1.5459e-02  1.3598e-04
 1.5584e-02  1.1482e-04
 1.5710e-02  9.5134e-05
 1.5836e-02  9.3723e-05
 1.5964e-02  1.0922e-04
 1.6060e-02  1.1762e-04
 1.6190e-02  1.0803e-04
 1.6320e-02  1.0619e-04
 1.6419e-02  1.1632e-04
 1.6551e-02  1.1529e-04
 1.6685e-02  1.0377e-04
 1.6786e-02  1.1173e-04
 1.6921e-02  1.2998e-04
 1.7023e-02  1.2286e-04
 1.7160e-02  1.1779e-04
 1.7264e-02  1.6522e-04
 1.7403e-02  1.5635e-04
 1.7508e-02  1.4226e-04
 1.7649e-02  1.3680e-04
 1.7756e-02  1.4025e-04
 1.7863e-02  1.2300e-04
 1.8007e-02  9.9720e-05
 1.8116e-02  1.0491e-04
 1.8226e-02  1.0727e-04
 1.8336e-02  1.1320e-04
 1.8483e-02  9.8080e-05
 1.8595e-02  1.2695e-04
 1.8745e-02  1.3342e-04
 1.8896e-02  1.2991e-04
 1.9048e-02  1.5357e-04
 1.9164e-02  1.4276e-04
 1.9318e-02  1.4149e-04
 1.9435e-02  1.0471e-04
 1.9591e-02  1.3106e-04
 1.9749e-02  1.1270e-04
 1.9869e-02  9.7288e-05
 2.0029e-02  9.9135e-05
 2.0150e-02  8.8085e-05
 2.0312e-02  8.8342e-05
 2.0435e-02  7.5393e-05
 2.0558e-02  7.7766e-05
 2.0724e-02  8.7951e-05
 2.0849e-02  8.1548e-05
 2.0975e-02  6.9975e-05
 2.1144e-02  8.4942e-05
 2.1272e-02  7.5781e-05
 2.1401e-02  6.6670e-05
 2.1573e-02  6.8955e-05
 2.1704e-02  9.8120e-05
 2.1835e-02  1.3175e-04
 2.1967e-02  1.2445e-04
 2.2099e-02  1.3105e-04
 2.2233e-02  1.5222e-04
 2.2412e-02  1.5384e-04
 2.2593e-02  1.0948e-04
 2.2729e-02  8.0851e-05
 2.2912e-02  8.2923e-05
 2.3051e-02  8.6416e-05
 2.3237e-02  7.3512e-05
 2.3377e-02  7.0413e-05
 2.3518e-02  7.8159e-05
 2.3708e-02  7.9069e-05
 2.3851e-02  7.6533e-05
 2.3995e-02  7.1782e-05
 2.4189e-02  8.3075e-05
 2.4335e-02  8.6474e-05
 2.4482e-02  1.0158e-04
 2.4679e-02  1.2714e-04
 2.4828e-02  1.1988e-04
 2.4978e-02  1.2579e-04
 2.5129e-02  1.1734e-04
 2.5281e-02  1.2512e-04
 2.5433e-02  1.0811e-04
 2.5638e-02  1.1506e-04
 2.5793e-02  1.1064e-04
 2.5949e-02  1.1547e-04
 2.6106e-02  1.0414e-04
 2.6264e-02  9.7843e-05
 2.6475e-02  8.7477e-05
 2.6635e-02  7.9518e-05
 2.6796e-02  7.3374e-05
 2.7012e-02  6.9660e-05
 2.7175e-02  8.9670e-05
 2.7340e-02  7.6880e-05
 2.7560e-02  8.9190e-05
 2.7726e-02  1.0638e-04
 2.7894e-02  1.1404e-04
 2.8062e-02  1.4023e-04
 2.8232e-02  1.1486e-04
 2.8460e-02  1.2989e-04
 2.8631e-02  1.0657e-04
 2.8804e-02  9.1924e-05
 2.8978e-02  1.0507e-04
 2.9153e-02  8.2762e-05
 2.9330e-02  9.1759e-05
 2.9507e-02  1.0582e-04
 2.9685e-02  1.1445e-04
 2.9864e-02  1.0339e-04
 3.0105e-02  7.9018e-05
 3.0287e-02  8.0863e-05
 3.0470e-02  7.2572e-05
 3.0654e-02  7.0797e-05
 3.0901e-02  7.6390e-05
 3.1088e-02  9.2085e-05
 3.1276e-02  9.9418e-05
 3.1464e-02  8.6057e-05
 3.1655e-02  9.1106e-05
 3.1910e-02  1.0544e-04
 3.2102e-02  1.3058e-04
 3.2296e-02  1.3128e-04
 3.2491e-02  1.3128e-04
 3.2688e-02  1.3246e-04
 3.2885e-02  1.1651e-04
 3.3084e-02  9.3574e-05
 3.3284e-02  8.3043e-05
 3.3485e-02  8.4988e-05
 3.3687e-02  6.5680e-05
 3.3891e-02  7.3704e-05
 3.4095e-02  8.8072e-05
 3.4370e-02  1.0376e-04
 3.4578e-02  9.7662e-05
 3.4787e-02  8.3786e-05
 3.4997e-02  8.7136e-05
 3.5208e-02  8.3934e-05
 3.5421e-02  8.1575e-05
 3.5635e-02  7.1757e-05
 3.5850e-02  6.9494e-05
 3.6139e-02  6.0730e-05
 3.6357e-02  8.6055e-05
 3.6577e-02  1.0811e-04
 3.6798e-02  1.1084e-04
 3.7020e-02  1.0907e-04
 3.7169e-02  1.4353e-04
 3.7394e-02  1.5943e-04
 3.7620e-02  1.6375e-04
 3.7923e-02  1.4378e-04
 3.8152e-02  1.2805e-04
 3.8382e-02  1.3484e-04
 3.8614e-02  1.2203e-04
 3.8847e-02  1.4610e-04
 3.9082e-02  1.4199e-04
 3.9318e-02  1.3702e-04
 3.9556e-02  1.4378e-04
 3.9795e-02  1.3874e-04
 4.0035e-02  1.3436e-04
 4.0277e-02  1.3800e-04
 4.0520e-02  1.4688e-04
 4.0765e-02  1.4455e-04
 4.1011e-02  1.5303e-04
 4.1259e-02  1.7902e-04
 4.1508e-02  1.4430e-04
 4.1759e-02  9.3408e-05
 4.2011e-02  7.9141e-05
 4.2265e-02  7.9708e-05
 4.2520e-02  8.3935e-05
 4.2777e-02  9.2414e-05
 4.3035e-02  1.5276e-04
 4.3295e-02  1.7460e-04
 4.3557e-02  1.7122e-04
 4.3820e-02  1.6790e-04
 4.4085e-02  1.6640e-04
 4.4351e-02  1.4200e-04
 4.4619e-02  1.2669e-04
 4.4889e-02  1.0230e-04
 4.5160e-02  1.2269e-04
 4.5432e-02  1.1445e-04
 4.5707e-02  1.1713e-04
 4.5983e-02  1.3129e-04
 4.6261e-02  1.1610e-04
 4.6540e-02  1.4584e-04
 4.6821e-02  1.3850e-04
 4.7104e-02  1.2966e-04
 4.7389e-02  1.3199e-04
 4.7675e-02  1.2851e-04
 4.7963e-02  1.5690e-04
 4.8253e-02  1.5662e-04
 4.8544e-02  1.5830e-04
 4.8837e-02  1.5802e-04
 4.9034e-02  1.6880e-04
 4.9330e-02  1.7275e-04
 4.9628e-02  1.5195e-04
 4.9928e-02  1.4074e-04
 5.0229e-02  1.7838e-04
 5.0533e-02  1.6910e-04
 5.0838e-02  1.6940e-04
 5.1145e-02  1.2692e-04
 5.1454e-02  9.8189e-05
 5.1765e-02  1.1344e-04
 5.2078e-02  9.4077e-05
 5.2392e-02  9.4246e-05
 5.2709e-02  8.3489e-05
 5.3027e-02  1.1548e-04
 5.3347e-02  1.4301e-04
 5.3670e-02  1.1486e-04
 5.3994e-02  9.1596e-05
 5.4211e-02  1.0830e-04
 5.4539e-02  9.0139e-05
 5.4868e-02  1.2052e-04
 5.5199e-02  1.0658e-04
 5.5533e-02  1.2579e-04
 5.5868e-02  1.3654e-04
 5.6206e-02  1.3341e-04
 5.6545e-02  1.4610e-04
 5.6887e-02  1.0488e-04
 5.7231e-02  9.1433e-05
 5.7576e-02  9.7840e-05
 5.7808e-02  1.3199e-04
 5.8157e-02  1.2805e-04
 5.8508e-02  1.5635e-04
 5.8862e-02  1.5468e-04
 5.9217e-02  1.7838e-04
 5.9575e-02  1.7244e-04
 5.9935e-02  1.2737e-04
 6.0297e-02  1.2534e-04
 6.0540e-02  1.2226e-04
 6.0905e-02  1.5802e-04
 6.1273e-02  1.3974e-04
 6.1643e-02  1.2204e-04
 6.2016e-02  1.3654e-04
 6.2390e-02  1.4200e-04
 6.2767e-02  1.3082e-04
 6.3146e-02  1.6058e-04
 6.3528e-02  1.5087e-04
 6.3783e-02  1.2468e-04
 6.4169e-02  1.2313e-04
 6.4556e-02  1.3059e-04
 6.4946e-02  8.8390e-05
 6.5339e-02  6.6461e-05
 6.5733e-02  6.8749e-05
 6.6130e-02  8.6520e-05
 6.6530e-02  1.1124e-04
 6.6797e-02  1.0121e-04
 6.7201e-02  1.5087e-04
 6.7607e-02  1.7368e-04
 6.8015e-02  1.8953e-04
 6.8426e-02  1.9397e-04
 6.8839e-02  2.0245e-04
 6.9255e-02  2.2092e-04
 6.9534e-02  1.9054e-04
 6.9954e-02  1.7062e-04
 7.0376e-02  1.7681e-04
 7.0802e-02  1.7681e-04
 7.1229e-02  1.6087e-04
 7.1659e-02  1.4980e-04
 7.1948e-02  1.3801e-04
 7.2382e-02  1.4689e-04
 7.2820e-02  1.4533e-04
 7.3260e-02  1.2117e-04
 7.3702e-02  1.4226e-04
 7.4147e-02  1.3999e-04
 7.4595e-02  1.8355e-04
 7.4895e-02  1.6289e-04
 7.5348e-02  1.6435e-04
 7.5803e-02  2.1624e-04
 7.6261e-02  1.9572e-04
 7.6721e-02  2.0427e-04
 7.7185e-02  1.7493e-04
 7.7495e-02  2.0137e-04
 7.7963e-02  1.9432e-04
 7.8434e-02  1.4742e-04
 7.8908e-02  1.7807e-04
 7.9385e-02  1.8454e-04
 7.9704e-02  2.1549e-04
 8.0186e-02  2.1281e-04
 8.0670e-02  1.9363e-04
 8.1157e-02  1.7999e-04
 8.1648e-02  1.4150e-04
 8.1976e-02  1.6231e-04
 8.2471e-02  1.0526e-04
 8.2969e-02  1.0267e-04
 8.3471e-02  1.0285e-04
 8.3975e-02  1.2204e-04
 8.4482e-02  1.3485e-04
 8.4822e-02  1.0947e-04
 8.5334e-02  1.4457e-04
 8.5850e-02  1.6911e-04
 8.6368e-02  2.1588e-04
 8.6716e-02  1.9959e-04
 8.7240e-02  1.8323e-04
 8.7767e-02  2.1018e-04
 8.8297e-02  2.1281e-04
 8.8830e-02  2.1358e-04
 8.9367e-02  2.0031e-04
 8.9726e-02  1.6731e-04
 9.0268e-02  2.1131e-04
 9.0814e-02  2.3641e-04
 9.1362e-02  2.1665e-04
 9.1730e-02  2.4152e-04
 9.2284e-02  1.9747e-04
 9.2841e-02  2.3938e-04
 9.3402e-02  2.0538e-04
 9.3966e-02  2.3811e-04
 9.4344e-02  2.6831e-04
 9.4914e-02  2.5119e-04
 9.5488e-02  3.0072e-04
 9.6064e-02  3.1053e-04
 9.6645e-02  3.6391e-04
 9.7033e-02  3.7178e-04
 9.7620e-02  3.6980e-04
 9.8209e-02  3.7311e-04
 9.8802e-02  3.7982e-04
 9.9200e-02  3.5242e-04
 9.9799e-02  3.1443e-04
 1.0040e-01  2.7657e-04
 1.0101e-01  2.8712e-04
 1.0162e-01  3.3766e-04
 1.0203e-01  3.1443e-04
 1.0264e-01  2.7904e-04
 1.0326e-01  2.9227e-04
 1.0389e-01  3.2180e-04
 1.0431e-01  3.0020e-04
 1.0494e-01  3.2527e-04
 1.0557e-01  3.8323e-04
 1.0621e-01  4.3029e-04
 1.0663e-01  4.7970e-04
 1.0728e-01  5.0786e-04
 1.0793e-01  5.4635e-04
 1.0858e-01  5.3959e-04
 1.0923e-01  5.7330e-04
 1.0967e-01  5.6317e-04
 1.1034e-01  5.5421e-04
 1.1100e-01  5.8152e-04
 1.1167e-01  6.3572e-04
 1.1212e-01  6.6351e-04
 1.1280e-01  6.6233e-04
 1.1348e-01  7.5841e-04
 1.1417e-01  7.5437e-04
 1.1463e-01  6.6707e-04
 1.1532e-01  6.9005e-04
 1.1602e-01  7.7342e-04
 1.1672e-01  8.5156e-04
 1.1719e-01  9.9972e-04
 1.1789e-01  7.1765e-04
 1.1861e-01  1.1947e-03
