#      mass       lower
 2.1410e-01  5.3617e-04
 2.1420e-01  4.8096e-04
 2.1430e-01  2.8240e-04
 2.1450e-01  2.2916e-04
 2.1460e-01  2.0072e-04
 2.1470e-01  2.7659e-04
 2.1490e-01  4.1793e-04
 2.1500e-01  5.8300e-04
 2.1520e-01  6.4827e-04
 2.1530e-01  5.2135e-04
 2.1550e-01  5.0296e-04
 2.1560e-01  3.6025e-04
 2.1580e-01  3.2696e-04
 2.1590e-01  3.3426e-04
 2.1610e-01  3.6771e-04
 2.1620e-01  3.7684e-04
 2.1640e-01  5.4188e-04
 2.1660e-01  4.2885e-04
 2.1670e-01  4.0659e-04
 2.1690e-01  4.4069e-04
 2.1710e-01  4.8082e-04
 2.1730e-01  5.2408e-04
 2.1750e-01  6.3948e-04
 2.1770e-01  4.0036e-04
 2.1780e-01  2.5151e-04
 2.1800e-01  3.5268e-04
 2.1820e-01  2.5118e-04
 2.1840e-01  2.1992e-04
 2.1860e-01  2.1205e-04
 2.1880e-01  3.0922e-04
 2.1910e-01  4.3913e-04
 2.1930e-01  5.3159e-04
 2.1950e-01  5.7144e-04
 2.1970e-01  5.7227e-04
 2.1990e-01  5.6869e-04
 2.2010e-01  5.6332e-04
 2.2040e-01  5.9108e-04
 2.2060e-01  5.9954e-04
 2.2080e-01  5.2646e-04
 2.2110e-01  5.2364e-04
 2.2130e-01  5.1177e-04
 2.2160e-01  4.5222e-04
 2.2180e-01  2.9433e-04
 2.2200e-01  4.2860e-04
 2.2230e-01  3.1074e-04
 2.2260e-01  4.8027e-04
 2.2280e-01  4.8147e-04
 2.2310e-01  4.1084e-04
 2.2330e-01  3.9535e-04
 2.2360e-01  3.2865e-04
 2.2390e-01  3.0476e-04
 2.2410e-01  2.9747e-04
 2.2440e-01  3.4598e-04
 2.2470e-01  3.6108e-04
 2.2500e-01  4.5190e-04
 2.2530e-01  5.3441e-04
 2.2560e-01  5.9122e-04
 2.2590e-01  5.0778e-04
 2.2620e-01  4.1031e-04
 2.2650e-01  4.2686e-04
 2.2680e-01  2.8967e-04
 2.2710e-01  2.8741e-04
 2.2740e-01  3.3042e-04
 2.2770e-01  4.4388e-04
 2.2800e-01  3.6337e-04
 2.2830e-01  4.3680e-04
 2.2860e-01  5.7143e-04
 2.2900e-01  6.8038e-04
 2.2930e-01  5.8456e-04
 2.2960e-01  5.5436e-04
 2.3000e-01  4.9226e-04
 2.3030e-01  4.5324e-04
 2.3060e-01  4.2854e-04
 2.3100e-01  4.2928e-04
 2.3130e-01  4.7372e-04
 2.3170e-01  4.9785e-04
 2.3200e-01  4.6058e-04
 2.3240e-01  4.2952e-04
 2.3270e-01  2.8676e-04
 2.3310e-01  2.5606e-04
 2.3350e-01  2.6007e-04
 2.3380e-01  3.2226e-04
 2.3420e-01  3.9961e-04
 2.3460e-01  4.7693e-04
 2.3500e-01  5.8486e-04
 2.3530e-01  5.0543e-04
 2.3570e-01  5.1287e-04
 2.3610e-01  4.5576e-04
 2.3650e-01  6.0956e-04
 2.3690e-01  6.2673e-04
 2.3730e-01  5.9274e-04
 2.3770e-01  4.3514e-04
 2.3810e-01  4.2132e-04
 2.3850e-01  5.1306e-04
 2.3890e-01  5.5574e-04
 2.3930e-01  4.2126e-04
 2.3980e-01  3.7307e-04
 2.4020e-01  3.7167e-04
 2.4060e-01  3.9230e-04
 2.4100e-01  5.1992e-04
 2.4150e-01  4.7824e-04
 2.4190e-01  4.2742e-04
 2.4230e-01  2.7477e-04
 2.4280e-01  3.3518e-04
 2.4320e-01  2.9683e-04
 2.4370e-01  3.5765e-04
 2.4410e-01  4.9320e-04
 2.4460e-01  5.5609e-04
 2.4500e-01  6.9120e-04
 2.4550e-01  6.4412e-04
 2.4600e-01  6.4026e-04
 2.4640e-01  5.1245e-04
 2.4690e-01  6.3572e-04
 2.4740e-01  5.5972e-04
 2.4780e-01  3.9294e-04
 2.4830e-01  5.0808e-04
 2.4880e-01  5.1489e-04
 2.4930e-01  3.1167e-04
 2.4980e-01  2.8326e-04
 2.5030e-01  2.7012e-04
 2.5080e-01  2.8911e-04
 2.5130e-01  4.2895e-04
 2.5180e-01  4.4530e-04
 2.5230e-01  3.8147e-04
 2.5280e-01  3.3808e-04
 2.5330e-01  3.1321e-04
 2.5380e-01  3.7104e-04
 2.5430e-01  4.5250e-04
 2.5480e-01  6.3832e-04
 2.5540e-01  5.5010e-04
 2.5590e-01  5.1151e-04
 2.5640e-01  4.9298e-04
 2.5700e-01  5.4161e-04
 2.5750e-01  3.6551e-04
 2.5800e-01  5.0400e-04
 2.5860e-01  3.3763e-04
 2.5910e-01  4.2767e-04
 2.5970e-01  4.7458e-04
 2.6020e-01  5.1024e-04
 2.6080e-01  5.0785e-04
 2.6130e-01  4.9099e-04
 2.6190e-01  4.8500e-04
 2.6250e-01  6.0101e-04
 2.6300e-01  5.9427e-04
 2.6360e-01  5.8160e-04
 2.6420e-01  4.0680e-04
 2.6480e-01  2.7121e-04
 2.6530e-01  3.0167e-04
 2.6590e-01  3.1920e-04
 2.6650e-01  5.6107e-04
 2.6710e-01  8.2097e-04
 2.6770e-01  6.8191e-04
 2.6830e-01  6.0301e-04
 2.6890e-01  3.4421e-04
 2.6950e-01  3.1235e-04
 2.7010e-01  3.7062e-04
 2.7070e-01  3.0411e-04
 2.7130e-01  5.1262e-04
 2.7190e-01  5.3266e-04
 2.7260e-01  5.9101e-04
 2.7320e-01  5.9240e-04
 2.7380e-01  6.3876e-04
 2.7440e-01  5.2465e-04
 2.7510e-01  4.5322e-04
 2.7570e-01  4.2195e-04
 2.7630e-01  3.2265e-04
 2.7700e-01  2.8717e-04
 2.7760e-01  2.4220e-04
 2.7830e-01  2.2941e-04
 2.7890e-01  4.3875e-04
 2.7960e-01  5.6229e-04
 2.8020e-01  6.6599e-04
 2.8090e-01  8.9725e-04
 2.8160e-01  8.8136e-04
 2.8220e-01  6.6976e-04
 2.8290e-01  5.4208e-04
 2.8360e-01  2.7249e-04
 2.8420e-01  2.5008e-04
 2.8490e-01  3.0579e-04
 2.8560e-01  3.7728e-04
 2.8630e-01  5.3113e-04
 2.8700e-01  6.7883e-04
 2.8770e-01  8.2175e-04
 2.8830e-01  6.5764e-04
 2.8900e-01  6.7410e-04
 2.8970e-01  5.4994e-04
 2.9040e-01  6.4370e-04
 2.9120e-01  4.1676e-04
 2.9190e-01  2.4009e-04
 2.9260e-01  2.2239e-04
 2.9330e-01  2.6366e-04
 2.9400e-01  4.3972e-04
 2.9470e-01  6.9857e-04
 2.9540e-01  8.4694e-04
 2.9620e-01  6.0651e-04
 2.9690e-01  6.7094e-04
 2.9760e-01  4.6336e-04
 2.9840e-01  3.9928e-04
 2.9910e-01  3.4689e-04
 2.9990e-01  2.2175e-04
 3.0060e-01  3.0933e-04
 3.0140e-01  4.1572e-04
 3.0210e-01  6.1504e-04
 3.0290e-01  6.9082e-04
 3.0360e-01  7.0100e-04
 3.0440e-01  7.0718e-04
 3.0510e-01  7.0736e-04
 3.0590e-01  6.0734e-04
 3.0670e-01  5.7005e-04
 3.0740e-01  5.0122e-04
 3.0820e-01  4.5750e-04
 3.0900e-01  5.2877e-04
 3.0980e-01  4.3107e-04
 3.1060e-01  3.7472e-04
 3.1130e-01  4.3927e-04
 3.1210e-01  5.3872e-04
 3.1290e-01  6.2294e-04
 3.1370e-01  5.4198e-04
 3.1450e-01  3.1289e-04
 3.1530e-01  3.1803e-04
 3.1610e-01  2.7036e-04
 3.1690e-01  2.3328e-04
 3.1780e-01  5.5963e-04
 3.1860e-01  6.7385e-04
 3.1940e-01  7.5727e-04
 3.2020e-01  7.8969e-04
 3.2100e-01  7.4253e-04
 3.2190e-01  7.3188e-04
 3.2270e-01  7.0334e-04
 3.2350e-01  6.4097e-04
 3.2430e-01  4.2614e-04
 3.2520e-01  2.9589e-04
 3.2600e-01  2.6676e-04
 3.2690e-01  3.3015e-04
 3.2770e-01  4.0924e-04
 3.2860e-01  5.7905e-04
 3.2940e-01  7.3587e-04
 3.3030e-01  8.0920e-04
 3.3110e-01  6.4066e-04
 3.3200e-01  6.7813e-04
 3.3280e-01  4.4732e-04
 3.3370e-01  4.1885e-04
 3.3460e-01  4.0673e-04
 3.3550e-01  4.0182e-04
 3.3630e-01  4.1423e-04
 3.3720e-01  3.7273e-04
 3.3810e-01  4.2329e-04
 3.3900e-01  5.6764e-04
 3.3990e-01  4.4130e-04
 3.4080e-01  5.1285e-04
 3.4160e-01  5.3984e-04
 3.4250e-01  3.8922e-04
 3.4340e-01  3.4444e-04
 3.4430e-01  4.1695e-04
 3.4520e-01  3.7550e-04
 3.4620e-01  5.2500e-04
 3.4710e-01  5.9477e-04
 3.4800e-01  7.5121e-04
 3.4890e-01  8.3530e-04
 3.4980e-01  6.1907e-04
 3.5070e-01  4.8743e-04
 3.5170e-01  4.0362e-04
 3.5260e-01  3.8045e-04
 3.5350e-01  3.1745e-04
 3.5440e-01  3.6813e-04
 3.5540e-01  6.4760e-04
 3.5630e-01  8.8424e-04
 3.5730e-01  9.4058e-04
 3.5820e-01  1.0338e-03
 3.5920e-01  8.3364e-04
 3.6010e-01  6.9337e-04
 3.6110e-01  5.7274e-04
 3.6200e-01  4.8980e-04
 3.6300e-01  4.6507e-04
 3.6390e-01  4.3085e-04
 3.6490e-01  4.2612e-04
 3.6590e-01  4.2764e-04
 3.6680e-01  6.3076e-04
 3.6780e-01  5.4744e-04
 3.6880e-01  5.4089e-04
 3.6980e-01  4.6804e-04
 3.7070e-01  3.9246e-04
 3.7170e-01  3.9774e-04
 3.7270e-01  4.2221e-04
 3.7370e-01  4.7966e-04
 3.7470e-01  5.5051e-04
 3.7570e-01  5.3175e-04
 3.7670e-01  4.8389e-04
 3.7770e-01  6.1592e-04
 3.7870e-01  4.7414e-04
 3.7970e-01  6.5046e-04
 3.8070e-01  6.5910e-04
 3.8170e-01  9.1219e-04
 3.8270e-01  7.0083e-04
 3.8380e-01  7.4177e-04
 3.8480e-01  7.3923e-04
 3.8580e-01  4.5591e-04
 3.8680e-01  8.0634e-04
 3.8790e-01  8.6439e-04
 3.8890e-01  7.9938e-04
 3.8990e-01  8.1765e-04
 3.9100e-01  9.7195e-04
 3.9200e-01  6.8178e-04
 3.9310e-01  5.6063e-04
 3.9410e-01  5.1545e-04
 3.9520e-01  4.5775e-04
 3.9620e-01  4.4001e-04
 3.9730e-01  4.5119e-04
 3.9830e-01  5.4780e-04
 3.9940e-01  5.9448e-04
 4.0040e-01  7.0321e-04
 4.0150e-01  6.5681e-04
 4.0260e-01  6.4072e-04
 4.0360e-01  4.9757e-04
 4.0470e-01  7.9742e-04
 4.0580e-01  8.1693e-04
 4.0690e-01  4.8923e-04
 4.0800e-01  4.8461e-04
 4.0900e-01  5.8791e-04
 4.1010e-01  5.2570e-04
 4.1120e-01  4.7484e-04
 4.1230e-01  4.6509e-04
 4.1340e-01  5.1094e-04
 4.1450e-01  6.9947e-04
 4.1560e-01  5.5387e-04
 4.1670e-01  8.4005e-04
 4.1780e-01  5.0422e-04
 4.1890e-01  5.2040e-04
 4.2010e-01  6.0393e-04
 4.2120e-01  7.7726e-04
 4.2230e-01  9.3519e-04
 4.2340e-01  1.0466e-03
 4.2450e-01  1.0858e-03
 4.2570e-01  1.0452e-03
 4.2680e-01  9.7566e-04
 4.2790e-01  8.5114e-04
 4.2910e-01  6.9329e-04
 4.3020e-01  5.5873e-04
 4.3140e-01  3.8957e-04
 4.3250e-01  3.9799e-04
 4.3360e-01  7.0841e-04
 4.3480e-01  7.9541e-04
 4.3600e-01  7.8232e-04
 4.3710e-01  7.5277e-04
 4.3830e-01  8.8728e-04
 4.3940e-01  5.0701e-04
 4.4060e-01  4.3829e-04
 4.4180e-01  4.0826e-04
 4.4290e-01  4.8700e-04
 4.4410e-01  9.8590e-04
 4.4530e-01  1.0616e-03
 4.4650e-01  8.9068e-04
 4.4760e-01  9.4123e-04
 4.4880e-01  9.4914e-04
 4.5000e-01  9.3240e-04
 4.5120e-01  6.1051e-04
 4.5240e-01  5.4017e-04
 4.5360e-01  5.4603e-04
 4.5480e-01  6.6602e-04
 4.5600e-01  6.9380e-04
 4.5720e-01  7.5743e-04
 4.5840e-01  8.4720e-04
 4.5960e-01  8.8888e-04
 4.6080e-01  9.5821e-04
 4.6200e-01  9.2983e-04
 4.6320e-01  8.0286e-04
 4.6450e-01  6.8169e-04
 4.6570e-01  5.1897e-04
 4.6690e-01  7.8355e-04
 4.6810e-01  7.1354e-04
 4.6940e-01  7.0242e-04
 4.7060e-01  6.4366e-04
 4.7180e-01  7.6816e-04
 4.7310e-01  7.3128e-04
 4.7430e-01  1.0001e-03
 4.7560e-01  1.0083e-03
 4.7680e-01  1.1408e-03
 4.7810e-01  8.8816e-04
 4.7930e-01  9.5482e-04
 4.8060e-01  8.6300e-04
 4.8180e-01  6.3804e-04
 4.8310e-01  4.9911e-04
 4.8440e-01  4.4107e-04
 4.8560e-01  5.8077e-04
 4.8690e-01  9.7981e-04
 4.8820e-01  6.8220e-04
 4.8950e-01  7.7999e-04
 4.9070e-01  1.2975e-03
 4.9200e-01  1.2257e-03
 4.9330e-01  9.4731e-04
 4.9460e-01  7.1937e-04
 4.9590e-01  4.5729e-04
 4.9720e-01  5.2609e-04
 4.9850e-01  4.2565e-04
 4.9980e-01  4.4701e-04
 5.0110e-01  4.1374e-04
 5.0240e-01  4.5388e-04
 5.0370e-01  5.4255e-04
 5.0500e-01  1.0488e-03
 5.0630e-01  1.3617e-03
 5.0760e-01  1.3161e-03
 5.0900e-01  1.1071e-03
 5.1030e-01  4.4936e-04
 5.1160e-01  3.2947e-04
 5.1290e-01  4.0379e-04
 5.1430e-01  5.3613e-04
 5.1560e-01  6.5601e-04
 5.1690e-01  8.2995e-04
 5.1830e-01  1.2022e-03
 5.1960e-01  1.2427e-03
 5.2100e-01  5.9318e-04
 5.2230e-01  5.1717e-04
 5.2370e-01  4.0829e-04
 5.3000e-01  1.0000e+05
 5.7270e-01  9.4276e-04
 5.7420e-01  8.3402e-04
 5.7570e-01  1.0071e-03
 5.7710e-01  1.2931e-03
 5.7860e-01  1.2223e-03
 5.8010e-01  7.3490e-04
 5.8150e-01  6.8324e-04
 5.8300e-01  5.1699e-04
 5.8450e-01  5.0430e-04
 5.8590e-01  4.3014e-04
 5.8740e-01  5.1351e-04
 5.8890e-01  7.4543e-04
 5.9040e-01  6.3233e-04
 5.9190e-01  9.6477e-04
 5.9340e-01  8.1368e-04
 5.9490e-01  1.0542e-03
 5.9640e-01  1.1710e-03
 5.9790e-01  1.1021e-03
 5.9940e-01  9.3657e-04
 6.0090e-01  3.6115e-04
 6.0240e-01  2.9261e-04
 6.0390e-01  3.4871e-04
 6.0540e-01  3.8504e-04
 6.0700e-01  6.7372e-04
 6.0850e-01  7.6605e-04
 6.1000e-01  9.2719e-04
 6.1150e-01  1.0942e-03
 6.1310e-01  1.4365e-03
 6.1460e-01  1.1032e-03
 6.1610e-01  7.6815e-04
 6.1770e-01  5.3821e-04
 6.1920e-01  2.7395e-04
 6.2080e-01  2.2003e-04
 6.2230e-01  2.3782e-04
 6.2390e-01  4.3468e-04
 6.2540e-01  7.6613e-04
 6.2700e-01  1.0821e-03
 6.2850e-01  1.1225e-03
 6.3010e-01  1.2312e-03
 6.3170e-01  6.6641e-04
 6.3320e-01  4.5673e-04
 6.3480e-01  3.8497e-04
 6.3640e-01  3.3709e-04
 6.3800e-01  5.2810e-04
 6.3960e-01  6.4333e-04
 6.4110e-01  6.9768e-04
 6.4270e-01  7.5975e-04
 6.4430e-01  7.8160e-04
 6.4590e-01  3.9986e-04
 6.4750e-01  5.0763e-04
 6.4910e-01  4.1951e-04
 6.5070e-01  4.5922e-04
 6.5230e-01  9.2309e-04
 6.5390e-01  7.3600e-04
 6.5560e-01  5.5328e-04
 6.5720e-01  6.0826e-04
 6.5880e-01  5.2502e-04
 6.6040e-01  4.4457e-04
 6.6200e-01  3.5616e-04
 6.6370e-01  3.8862e-04
 6.6530e-01  5.2190e-04
 6.6690e-01  3.8291e-04
 6.6860e-01  4.2120e-04
 6.7020e-01  5.0562e-04
 6.7190e-01  6.3016e-04
 6.7350e-01  6.5325e-04
 6.7520e-01  6.3271e-04
 6.7680e-01  4.7295e-04
 6.7850e-01  6.3765e-04
 6.8010e-01  3.5643e-04
 6.8180e-01  5.9813e-04
 6.8350e-01  4.4513e-04
 6.8510e-01  6.5600e-04
 6.8680e-01  6.0286e-04
 6.8850e-01  5.2075e-04
 6.9010e-01  3.3804e-04
 6.9180e-01  2.6176e-04
 6.9350e-01  2.9824e-04
 6.9520e-01  2.7334e-04
 6.9690e-01  3.2185e-04
 6.9860e-01  3.1544e-04
 7.0030e-01  2.9467e-04
 7.0200e-01  2.6502e-04
 7.0370e-01  3.1562e-04
 7.0540e-01  3.6762e-04
 7.0710e-01  3.5666e-04
 7.0880e-01  4.2796e-04
 7.1050e-01  2.9592e-04
 7.1230e-01  3.4527e-04
 7.1400e-01  4.7494e-04
 7.1570e-01  4.5311e-04
 7.1740e-01  5.3409e-04
 7.1920e-01  3.3163e-04
 7.2090e-01  5.3109e-04
 7.2260e-01  3.8844e-04
 7.2440e-01  2.7922e-04
 7.2610e-01  2.3636e-04
 7.2790e-01  2.4316e-04
 7.2960e-01  2.9095e-04
 7.3140e-01  2.4789e-04
 7.3310e-01  3.9526e-04
 7.3490e-01  5.4926e-04
 7.3670e-01  5.3789e-04
 7.3840e-01  4.9594e-04
 7.4020e-01  4.6822e-04
 7.5000e-01  1.0000e+05
 8.2750e-01  3.4461e-04
 8.2940e-01  8.2796e-04
 8.3140e-01  7.3558e-04
 8.3330e-01  6.5712e-04
 8.3530e-01  4.7477e-04
 8.3720e-01  3.1252e-04
 8.3920e-01  2.9843e-04
 8.4110e-01  3.2512e-04
 8.4310e-01  2.8657e-04
 8.4500e-01  3.2191e-04
 8.4700e-01  7.4607e-04
 8.4890e-01  8.4838e-04
 8.5090e-01  8.7978e-04
 8.5290e-01  7.2930e-04
 8.5490e-01  5.3909e-04
 8.5680e-01  5.6953e-04
 8.5880e-01  6.8030e-04
 8.6080e-01  6.0474e-04
 8.6280e-01  6.4111e-04
 8.6480e-01  4.7999e-04
 8.6680e-01  7.3945e-04
 8.6880e-01  7.6368e-04
 8.7080e-01  8.8064e-04
 8.7280e-01  7.4952e-04
 8.7480e-01  5.7373e-04
 8.7680e-01  6.9934e-04
 8.7890e-01  4.0822e-04
 8.8090e-01  7.2644e-04
 8.8290e-01  5.1432e-04
 8.8490e-01  5.1765e-04
 8.8700e-01  5.4639e-04
 8.8900e-01  7.2615e-04
 8.9100e-01  6.6890e-04
 8.9310e-01  7.6137e-04
 8.9510e-01  8.1552e-04
 8.9720e-01  5.2097e-04
 8.9920e-01  5.5357e-04
 9.0130e-01  7.2206e-04
 9.0330e-01  4.2844e-04
 9.0540e-01  8.7878e-04
 9.0750e-01  1.1424e-03
 9.0960e-01  1.3662e-03
 9.1160e-01  9.3569e-04
 9.1370e-01  8.1510e-04
 9.1580e-01  4.5660e-04
 9.1790e-01  3.4289e-04
 9.2000e-01  9.6376e-04
 9.2210e-01  1.3405e-03
 9.2420e-01  1.4802e-03
 9.2630e-01  9.8857e-04
 9.2840e-01  1.0252e-03
 9.3050e-01  4.3078e-04
 9.3260e-01  2.8538e-04
 9.3470e-01  9.5013e-04
 9.3680e-01  9.1558e-04
 9.3890e-01  3.5386e-04
 9.4110e-01  9.3264e-04
 9.4320e-01  1.5561e-03
 9.4530e-01  1.7916e-03
 9.4750e-01  1.6444e-03
 9.4960e-01  1.4137e-03
 9.5180e-01  8.3321e-04
 9.5390e-01  5.1199e-04
 9.5610e-01  1.2570e-03
 9.5820e-01  1.3746e-03
 9.6000e-01  1.0000e+05
 1.1620e+00  1.4404e-03
 1.1650e+00  1.4787e-03
 1.1670e+00  1.5942e-03
 1.1700e+00  1.5030e-03
 1.1720e+00  1.4587e-03
 1.1750e+00  1.6395e-03
 1.1780e+00  1.9428e-03
 1.1800e+00  1.8063e-03
 1.1830e+00  1.5062e-03
 1.1850e+00  1.0278e-03
 1.1880e+00  1.0395e-03
 1.1900e+00  1.7010e-03
 1.1930e+00  1.7579e-03
 1.1950e+00  1.9305e-03
 1.1980e+00  1.9548e-03
 1.2000e+00  1.8705e-03
 1.2030e+00  1.5985e-03
 1.2060e+00  1.2920e-03
 1.2080e+00  1.0928e-03
 1.2110e+00  1.0778e-03
 1.2130e+00  1.4550e-03
 1.2160e+00  1.0832e-03
 1.2190e+00  1.0273e-03
 1.2210e+00  1.0751e-03
 1.2240e+00  1.3900e-03
 1.2260e+00  1.6391e-03
 1.2290e+00  1.4623e-03
 1.2320e+00  1.7318e-03
 1.2340e+00  1.2674e-03
 1.2370e+00  1.9690e-03
 1.2400e+00  1.7757e-03
 1.2420e+00  1.8310e-03
 1.2450e+00  1.9490e-03
 1.2470e+00  2.0129e-03
 1.2500e+00  2.0881e-03
 1.2530e+00  2.1426e-03
 1.2550e+00  2.1039e-03
 1.2580e+00  2.0341e-03
 1.2610e+00  2.0410e-03
 1.2630e+00  1.4217e-03
 1.2660e+00  1.2130e-03
 1.2690e+00  1.0667e-03
 1.2710e+00  9.3448e-04
 1.2740e+00  8.1308e-04
 1.2770e+00  1.0699e-03
 1.2800e+00  1.4703e-03
 1.2820e+00  1.7706e-03
 1.2850e+00  2.0342e-03
 1.2880e+00  2.2632e-03
 1.2900e+00  2.0724e-03
 1.2930e+00  1.8756e-03
 1.2960e+00  1.3494e-03
 1.2990e+00  9.2597e-04
 1.3010e+00  1.0525e-03
 1.3040e+00  2.1251e-03
 1.3070e+00  2.0002e-03
 1.3100e+00  1.8160e-03
 1.3120e+00  1.7218e-03
 1.3150e+00  1.9493e-03
 1.3180e+00  1.0699e-03
 1.3210e+00  1.0432e-03
 1.3230e+00  9.7751e-04
 1.3260e+00  7.8173e-04
 1.3290e+00  8.9270e-04
 1.3320e+00  1.0302e-03
 1.3350e+00  1.0634e-03
 1.3370e+00  1.1975e-03
 1.3400e+00  1.2948e-03
 1.3430e+00  1.4720e-03
 1.3460e+00  1.2473e-03
 1.3490e+00  1.8507e-03
 1.3510e+00  2.3138e-03
 1.3540e+00  1.5694e-03
 1.3570e+00  1.4295e-03
 1.3600e+00  1.4416e-03
 1.3630e+00  1.8804e-03
 1.3660e+00  1.5261e-03
 1.3680e+00  1.4684e-03
 1.3710e+00  2.1320e-03
 1.3740e+00  1.8928e-03
 1.3770e+00  2.3890e-03
 1.3800e+00  2.4246e-03
 1.3830e+00  9.4569e-04
 1.3860e+00  9.8966e-04
 1.3890e+00  1.0094e-03
 1.3910e+00  1.2994e-03
 1.3940e+00  1.4675e-03
 1.3970e+00  1.9802e-03
 1.4000e+00  2.2050e-03
 1.4030e+00  2.3980e-03
 1.4060e+00  2.4029e-03
 1.4090e+00  2.4166e-03
 1.4120e+00  1.5376e-03
 1.4150e+00  1.2209e-03
 1.4180e+00  1.2821e-03
 1.4210e+00  1.0123e-03
 1.4230e+00  1.7140e-03
 1.4260e+00  1.1237e-03
 1.4290e+00  1.5232e-03
 1.4320e+00  1.4925e-03
 1.4350e+00  1.6855e-03
 1.4380e+00  1.6356e-03
 1.4410e+00  1.4436e-03
 1.4440e+00  1.4945e-03
 1.4470e+00  1.3429e-03
 1.4500e+00  1.4611e-03
 1.4530e+00  1.8934e-03
 1.4560e+00  2.0088e-03
 1.4590e+00  2.4019e-03
 1.4620e+00  2.6697e-03
 1.4650e+00  2.5338e-03
 1.4680e+00  2.6638e-03
 1.4710e+00  1.8856e-03
 1.4740e+00  1.6982e-03
 1.4770e+00  1.9695e-03
 1.4800e+00  1.7204e-03
 1.4830e+00  1.9853e-03
 1.4860e+00  1.8804e-03
 1.4890e+00  1.3828e-03
 1.4920e+00  1.5447e-03
 1.4960e+00  1.6607e-03
 1.4990e+00  2.1639e-03
 1.5020e+00  2.2078e-03
 1.5050e+00  2.1326e-03
 1.5080e+00  2.0706e-03
 1.5110e+00  2.2679e-03
 1.5140e+00  2.0785e-03
 1.5170e+00  1.6361e-03
 1.5200e+00  1.2268e-03
 1.5230e+00  1.1773e-03
 1.5260e+00  1.2172e-03
 1.5300e+00  1.2451e-03
 1.5330e+00  1.4050e-03
 1.5360e+00  1.3915e-03
 1.5390e+00  1.7295e-03
 1.5420e+00  2.4915e-03
 1.5450e+00  2.7784e-03
 1.5480e+00  2.3107e-03
 1.5510e+00  2.4096e-03
 1.5550e+00  1.8063e-03
 1.5580e+00  1.8682e-03
 1.5610e+00  2.3233e-03
 1.5640e+00  2.2532e-03
 1.5670e+00  2.2004e-03
 1.5700e+00  1.8724e-03
 1.5740e+00  1.6721e-03
 1.5770e+00  1.4130e-03
 1.5800e+00  1.3035e-03
 1.5830e+00  1.4372e-03
 1.5860e+00  2.4445e-03
 1.5900e+00  1.4364e-03
 1.5930e+00  1.7487e-03
 1.5960e+00  2.7300e-03
 1.5990e+00  2.8616e-03
 1.6030e+00  3.1275e-03
 1.6060e+00  2.3226e-03
 1.6090e+00  2.0301e-03
 1.6120e+00  2.0714e-03
 1.6160e+00  2.1295e-03
 1.6190e+00  2.2468e-03
 1.6220e+00  2.4762e-03
 1.6250e+00  1.6643e-03
 1.6290e+00  2.2082e-03
 1.6320e+00  2.1442e-03
 1.6350e+00  2.3626e-03
 1.6390e+00  1.9796e-03
 1.6420e+00  1.8320e-03
 1.6450e+00  1.6899e-03
 1.6480e+00  1.6325e-03
 1.6520e+00  1.4728e-03
 1.6550e+00  1.4251e-03
 1.6580e+00  1.7180e-03
 1.6620e+00  2.0855e-03
 1.6650e+00  1.6330e-03
 1.6680e+00  3.5914e-03
 1.6720e+00  2.6310e-03
 1.6750e+00  3.2330e-03
 1.6790e+00  2.9570e-03
 1.6820e+00  2.2438e-03
 1.6850e+00  2.4753e-03
 1.6890e+00  2.1405e-03
 1.6920e+00  1.5730e-03
 1.6950e+00  1.2786e-03
 1.6990e+00  2.2628e-03
 1.7020e+00  1.9311e-03
 1.7060e+00  1.6489e-03
 1.7090e+00  1.5515e-03
 1.7120e+00  1.3760e-03
 1.7160e+00  1.8727e-03
 1.7190e+00  2.1443e-03
 1.7230e+00  1.8124e-03
 1.7260e+00  2.0214e-03
 1.7300e+00  2.5914e-03
 1.7330e+00  2.6634e-03
 1.7370e+00  3.1175e-03
 1.7400e+00  3.0592e-03
 1.7430e+00  1.2516e-03
 1.7470e+00  9.4918e-04
 1.7500e+00  8.8102e-04
 1.7540e+00  9.8670e-04
 1.7570e+00  3.0170e-03
 1.7610e+00  3.1601e-03
 1.7640e+00  3.1984e-03
 1.7680e+00  3.3385e-03
 1.7710e+00  2.7963e-03
 1.7750e+00  2.3442e-03
 1.7780e+00  1.4639e-03
 1.7820e+00  1.2086e-03
 1.7860e+00  1.3006e-03
 1.7890e+00  1.3398e-03
 1.7930e+00  1.4977e-03
 1.7960e+00  2.1213e-03
 1.8000e+00  1.8611e-03
 1.8030e+00  1.9405e-03
 1.8070e+00  2.0281e-03
 1.8100e+00  1.5741e-03
 1.8140e+00  1.2774e-03
 1.8180e+00  1.1640e-03
 1.8210e+00  1.3989e-03
 1.8250e+00  2.0158e-03
 1.8280e+00  2.7286e-03
 1.8320e+00  2.7662e-03
 1.8360e+00  2.3074e-03
 1.8390e+00  2.0173e-03
 1.8430e+00  1.5253e-03
 1.8470e+00  1.5583e-03
 1.8500e+00  1.9728e-03
 1.8540e+00  2.3203e-03
 1.8570e+00  2.4417e-03
 1.8610e+00  1.9260e-03
 1.8650e+00  1.7673e-03
 1.8680e+00  2.0309e-03
 1.8720e+00  2.1237e-03
 1.8760e+00  2.0303e-03
 1.8800e+00  2.1324e-03
 1.8830e+00  1.8778e-03
 1.8870e+00  1.7460e-03
 1.8910e+00  1.4562e-03
 1.8940e+00  1.7196e-03
 1.8980e+00  1.3316e-03
 1.9020e+00  2.4875e-03
 1.9060e+00  2.7633e-03
 1.9090e+00  2.7375e-03
 1.9130e+00  2.8977e-03
 1.9170e+00  2.6382e-03
 1.9210e+00  2.7599e-03
 1.9240e+00  2.7968e-03
 1.9280e+00  2.6696e-03
 1.9320e+00  2.6430e-03
 1.9360e+00  2.4453e-03
 1.9390e+00  2.6191e-03
 1.9430e+00  1.9016e-03
 1.9470e+00  1.7446e-03
 1.9510e+00  1.9977e-03
 1.9550e+00  2.1000e-03
 1.9580e+00  2.1260e-03
 1.9620e+00  2.1968e-03
 1.9660e+00  2.4738e-03
 1.9700e+00  2.0449e-03
 1.9740e+00  2.0058e-03
 1.9780e+00  2.2681e-03
 1.9820e+00  2.0477e-03
 1.9850e+00  1.8033e-03
 1.9890e+00  1.3345e-03
 1.9930e+00  2.1381e-03
 1.9970e+00  1.5781e-03
 2.0010e+00  2.1062e-03
 2.0050e+00  2.0634e-03
 2.0090e+00  1.9305e-03
 2.0130e+00  1.5156e-03
 2.0170e+00  1.5312e-03
 2.0200e+00  1.9444e-03
 2.0240e+00  2.7735e-03
 2.0280e+00  1.9046e-03
 2.0320e+00  2.5266e-03
 2.0360e+00  2.4252e-03
 2.0400e+00  2.1774e-03
 2.0440e+00  1.6200e-03
 2.0480e+00  1.4561e-03
 2.0520e+00  1.9290e-03
 2.0560e+00  2.1292e-03
 2.0600e+00  2.3975e-03
 2.0640e+00  2.4858e-03
 2.0680e+00  2.0011e-03
 2.0720e+00  2.2408e-03
 2.0760e+00  1.6979e-03
 2.0800e+00  1.6631e-03
 2.0840e+00  1.9864e-03
 2.0880e+00  1.5982e-03
 2.0920e+00  2.5306e-03
 2.0960e+00  1.2618e-03
 2.1000e+00  1.6958e-03
 2.1040e+00  1.6987e-03
 2.1080e+00  1.5416e-03
 2.1120e+00  2.3406e-03
 2.1170e+00  1.9161e-03
 2.1210e+00  2.8747e-03
 2.1250e+00  2.9914e-03
 2.1290e+00  2.9329e-03
 2.1330e+00  2.7372e-03
 2.1370e+00  1.8621e-03
 2.1410e+00  1.9896e-03
 2.1450e+00  1.9201e-03
 2.1490e+00  2.1864e-03
 2.1540e+00  2.6072e-03
 2.1580e+00  3.3574e-03
 2.1620e+00  2.3502e-03
 2.1660e+00  1.2640e-03
 2.1700e+00  1.3148e-03
 2.1740e+00  1.2888e-03
 2.1780e+00  1.5370e-03
 2.1830e+00  1.7901e-03
 2.1870e+00  2.7575e-03
 2.1910e+00  3.1293e-03
 2.1950e+00  3.2378e-03
 2.1990e+00  3.1385e-03
 2.2040e+00  2.9335e-03
 2.2080e+00  2.6781e-03
 2.2120e+00  1.4842e-03
 2.2160e+00  1.8918e-03
 2.2210e+00  1.8981e-03
 2.2250e+00  1.6382e-03
 2.2290e+00  1.6617e-03
 2.2330e+00  1.7373e-03
 2.2380e+00  1.8222e-03
 2.2420e+00  1.8679e-03
 2.2460e+00  1.6521e-03
 2.2510e+00  1.5984e-03
 2.2550e+00  2.3370e-03
 2.2590e+00  2.4565e-03
 2.2640e+00  2.5935e-03
 2.2680e+00  2.3887e-03
 2.2720e+00  2.3460e-03
 2.2770e+00  2.8719e-03
 2.2810e+00  1.9743e-03
 2.2850e+00  1.8167e-03
 2.2900e+00  2.8322e-03
 2.2940e+00  2.6147e-03
 2.2980e+00  2.5171e-03
 2.3030e+00  2.2557e-03
 2.3070e+00  1.6559e-03
 2.3110e+00  1.4582e-03
 2.3160e+00  1.5226e-03
 2.3200e+00  1.4340e-03
 2.3250e+00  1.5235e-03
 2.3290e+00  1.4150e-03
 2.3340e+00  1.5832e-03
 2.3380e+00  2.6690e-03
 2.3420e+00  1.8994e-03
 2.3470e+00  2.4061e-03
 2.3510e+00  2.3303e-03
 2.3560e+00  1.6318e-03
 2.3600e+00  1.3004e-03
 2.3650e+00  2.3726e-03
 2.3690e+00  1.8078e-03
 2.3740e+00  2.3220e-03
 2.3780e+00  2.5990e-03
 2.3830e+00  2.6870e-03
 2.3870e+00  2.6554e-03
 2.3920e+00  2.5642e-03
 2.3960e+00  2.5687e-03
 2.4010e+00  2.0560e-03
 2.4050e+00  2.5168e-03
 2.4100e+00  3.3912e-03
 2.4150e+00  2.2052e-03
 2.4190e+00  1.9754e-03
 2.4240e+00  1.5609e-03
 2.4280e+00  1.5607e-03
 2.4330e+00  2.0085e-03
 2.4380e+00  1.6576e-03
 2.4420e+00  2.9991e-03
 2.4470e+00  3.6296e-03
 2.4510e+00  2.4454e-03
 2.4560e+00  2.1796e-03
 2.4610e+00  1.8539e-03
 2.4650e+00  2.3509e-03
 2.4700e+00  1.6196e-03
 2.4750e+00  1.9529e-03
 2.4790e+00  2.1291e-03
 2.4840e+00  2.3380e-03
 2.4890e+00  2.0551e-03
 2.4930e+00  2.1572e-03
 2.4980e+00  2.0549e-03
 2.5030e+00  2.2499e-03
 2.5070e+00  2.2466e-03
 2.5120e+00  2.9384e-03
 2.5170e+00  3.1159e-03
 2.5220e+00  3.1000e-03
 2.5260e+00  3.0058e-03
 2.5310e+00  2.6176e-03
 2.5360e+00  2.2150e-03
 2.5410e+00  2.3124e-03
 2.5450e+00  1.6506e-03
 2.5500e+00  1.9162e-03
 2.5550e+00  1.5559e-03
 2.5600e+00  2.3216e-03
 2.5650e+00  1.9836e-03
 2.5690e+00  2.0212e-03
 2.5740e+00  2.3686e-03
 2.5790e+00  2.8447e-03
 2.5840e+00  3.0254e-03
 2.5890e+00  2.4863e-03
 2.5940e+00  1.5936e-03
 2.5980e+00  1.6785e-03
 2.6030e+00  2.7439e-03
 2.6080e+00  2.3950e-03
 2.6130e+00  2.8288e-03
 2.6180e+00  2.3149e-03
 2.6230e+00  2.7045e-03
 2.6280e+00  1.4471e-03
 2.6330e+00  1.5444e-03
 2.6380e+00  2.7028e-03
 2.6430e+00  1.6232e-03
 2.6480e+00  1.8149e-03
 2.6520e+00  1.8321e-03
 2.6570e+00  2.6523e-03
 2.6620e+00  2.9163e-03
 2.6670e+00  3.3624e-03
 2.6720e+00  3.3919e-03
 2.6770e+00  3.4187e-03
 2.6820e+00  2.8609e-03
 2.6870e+00  3.0682e-03
 2.6920e+00  2.8217e-03
 2.6970e+00  2.0344e-03
 2.9000e+00  1.0000e+05
 3.3000e+00  2.1594e-03
 3.3070e+00  2.2469e-03
 3.3140e+00  3.2221e-03
 3.3210e+00  3.2653e-03
 3.3290e+00  3.0716e-03
 3.3360e+00  2.3581e-03
 3.3440e+00  2.0466e-03
 3.3510e+00  1.9870e-03
 3.3580e+00  2.0925e-03
 3.3660e+00  2.6145e-03
 3.3730e+00  2.2549e-03
 3.3810e+00  2.0363e-03
 3.3880e+00  1.9299e-03
 3.3950e+00  2.6213e-03
 3.4030e+00  3.4757e-03
 3.4100e+00  3.2934e-03
 3.4180e+00  3.2728e-03
 3.4250e+00  3.1936e-03
 3.4330e+00  3.4513e-03
 3.4400e+00  2.1629e-03
 3.4480e+00  1.6274e-03
 3.4560e+00  1.4175e-03
 3.4630e+00  1.3841e-03
 3.4710e+00  2.9658e-03
 3.4780e+00  3.1071e-03
 3.4860e+00  2.9543e-03
 3.4940e+00  3.3176e-03
 3.5010e+00  3.5011e-03
 3.5090e+00  3.5712e-03
 3.5170e+00  3.3911e-03
 3.5240e+00  3.1718e-03
 3.5320e+00  3.9040e-03
 3.6000e+00  1.0000e+05
 3.9340e+00  3.8428e-03
 3.9430e+00  2.6286e-03
 3.9510e+00  2.3918e-03
 3.9600e+00  2.1965e-03
 3.9680e+00  2.9884e-03
 3.9770e+00  2.3314e-03
 3.9850e+00  1.8361e-03
 3.9940e+00  1.9449e-03
 4.0030e+00  2.3494e-03
 4.0110e+00  4.2031e-03
 4.0200e+00  3.3272e-03
 4.0280e+00  3.6079e-03
 4.0370e+00  4.4376e-03
 4.0460e+00  5.0100e-03
 4.0540e+00  4.1308e-03
 4.0630e+00  3.5592e-03
 4.0720e+00  3.7731e-03
 4.0800e+00  3.0125e-03
 4.0890e+00  2.6981e-03
 4.0980e+00  2.6372e-03
 4.1060e+00  2.6193e-03
 4.1150e+00  3.4776e-03
 4.1240e+00  4.9914e-03
 4.1330e+00  3.7836e-03
 4.1420e+00  1.6152e-03
 4.1510e+00  1.4064e-03
 4.1590e+00  1.4010e-03
 4.1680e+00  1.4129e-03
 4.1770e+00  1.4536e-03
 4.1860e+00  2.7467e-03
 4.1950e+00  3.4504e-03
 4.2040e+00  2.9225e-03
 4.2130e+00  2.9349e-03
 4.2220e+00  2.9685e-03
 4.2310e+00  2.5296e-03
 4.2400e+00  2.4479e-03
 4.2490e+00  3.4862e-03
 4.2580e+00  2.3626e-03
 4.2670e+00  2.6177e-03
 4.2760e+00  2.4217e-03
 4.2850e+00  2.4696e-03
 4.2940e+00  2.5578e-03
 4.3030e+00  2.6899e-03
 4.3120e+00  3.0274e-03
 4.3220e+00  3.4114e-03
 4.3310e+00  3.1258e-03
 4.3400e+00  3.0201e-03
 4.3490e+00  1.7405e-03
 4.3580e+00  1.4681e-03
 4.3680e+00  1.7044e-03
 4.3770e+00  2.4600e-03
 4.3860e+00  2.3457e-03
 4.3950e+00  2.2587e-03
 4.4050e+00  3.1419e-03
 4.4140e+00  3.4063e-03
 4.4230e+00  3.3801e-03
 4.4330e+00  3.5203e-03
 4.4420e+00  3.4859e-03
 4.4520e+00  3.8565e-03
 4.4610e+00  3.3998e-03
 4.4700e+00  3.5443e-03
 4.4800e+00  2.3581e-03
 4.4890e+00  2.1719e-03
 4.4990e+00  2.0251e-03
 4.5080e+00  2.9810e-03
 4.5180e+00  2.8388e-03
 4.5270e+00  3.1309e-03
 4.5370e+00  2.6393e-03
 4.5470e+00  3.4683e-03
 4.5560e+00  3.0204e-03
 4.5660e+00  3.1921e-03
 4.5750e+00  3.3251e-03
 4.5850e+00  2.2886e-03
 4.5950e+00  1.9149e-03
 4.6040e+00  1.3496e-03
 4.6140e+00  1.3533e-03
 4.6240e+00  1.9185e-03
 4.6340e+00  1.9739e-03
 4.6430e+00  2.5340e-03
 4.6530e+00  2.5861e-03
 4.6630e+00  2.6598e-03
 4.6730e+00  2.8466e-03
 4.6830e+00  2.8991e-03
 4.6920e+00  2.9568e-03
 4.7020e+00  2.4987e-03
 4.7120e+00  1.7327e-03
 4.7220e+00  2.3477e-03
 4.7320e+00  2.4853e-03
 4.7420e+00  3.1526e-03
 4.7520e+00  3.4687e-03
 4.7620e+00  3.8707e-03
 4.7720e+00  3.9729e-03
 4.7820e+00  4.1537e-03
 4.7920e+00  3.4829e-03
 4.8020e+00  1.6310e-03
 4.8120e+00  1.4150e-03
 4.8220e+00  1.4607e-03
 4.8330e+00  1.8940e-03
 4.8430e+00  2.3771e-03
 4.8530e+00  4.0482e-03
 4.8630e+00  3.5200e-03
 4.8730e+00  3.3694e-03
 4.8830e+00  3.3025e-03
 4.8940e+00  2.8252e-03
 4.9040e+00  2.6238e-03
 4.9140e+00  1.8904e-03
 4.9250e+00  1.9355e-03
 4.9350e+00  1.8534e-03
 4.9450e+00  1.7668e-03
 4.9560e+00  1.9707e-03
 4.9660e+00  2.3018e-03
 4.9760e+00  2.3411e-03
 4.9870e+00  1.8924e-03
 4.9970e+00  1.8682e-03
 5.0080e+00  1.5809e-03
 5.0180e+00  1.8327e-03
 5.0290e+00  2.2091e-03
 5.0390e+00  2.0561e-03
 5.0500e+00  2.6728e-03
 5.0600e+00  3.2431e-03
 5.0710e+00  2.8424e-03
 5.0820e+00  1.9879e-03
 5.0920e+00  1.6524e-03
 5.1030e+00  2.4602e-03
 5.1140e+00  2.1347e-03
 5.1240e+00  1.9777e-03
 5.1350e+00  2.1006e-03
 5.1460e+00  3.2219e-03
 5.1570e+00  2.7072e-03
 5.1670e+00  3.1143e-03
 5.1780e+00  3.0494e-03
 5.1890e+00  2.2416e-03
 5.2000e+00  2.5652e-03
 5.2110e+00  2.5638e-03
 5.2220e+00  2.6866e-03
 5.2320e+00  2.9059e-03
 5.2430e+00  3.0032e-03
 5.2540e+00  3.0850e-03
 5.2650e+00  2.9437e-03
 5.2760e+00  2.8303e-03
 5.2870e+00  2.2267e-03
 5.2980e+00  2.4683e-03
 5.3090e+00  2.3239e-03
 5.3210e+00  2.6194e-03
 5.3320e+00  2.0001e-03
 5.3430e+00  1.8798e-03
 5.3540e+00  1.9576e-03
 5.3650e+00  2.1073e-03
 5.3760e+00  2.6162e-03
 5.3880e+00  2.8534e-03
 5.3990e+00  2.7416e-03
 5.4100e+00  2.6823e-03
 5.4210e+00  1.4951e-03
 5.4330e+00  1.6888e-03
 5.4440e+00  3.2431e-03
 5.4550e+00  3.2329e-03
 5.4670e+00  2.9392e-03
 5.4780e+00  2.5956e-03
 5.4900e+00  2.0938e-03
 5.5010e+00  1.6347e-03
 5.5120e+00  1.5202e-03
 5.5240e+00  1.7984e-03
 5.5350e+00  1.7419e-03
 5.5470e+00  1.9354e-03
 5.5590e+00  2.2361e-03
 5.5700e+00  2.3492e-03
 5.5820e+00  2.2686e-03
 5.5930e+00  2.5540e-03
 5.6050e+00  2.5934e-03
 5.6170e+00  2.5409e-03
 5.6280e+00  3.0453e-03
 5.6400e+00  2.9844e-03
 5.6520e+00  3.1226e-03
 5.6640e+00  2.6991e-03
 5.6750e+00  3.2540e-03
 5.6870e+00  2.2977e-03
 5.6990e+00  3.2921e-03
 5.7110e+00  2.0463e-03
 5.7230e+00  3.2959e-03
 5.7350e+00  3.3526e-03
 5.7470e+00  3.1773e-03
 5.7590e+00  3.8506e-03
 5.7710e+00  3.0261e-03
 5.7830e+00  2.9793e-03
 5.7950e+00  2.1010e-03
 5.8070e+00  2.5882e-03
 5.8190e+00  2.5513e-03
 5.8310e+00  2.3606e-03
 5.8430e+00  2.3212e-03
 5.8550e+00  2.4891e-03
 5.8670e+00  2.2447e-03
 5.8800e+00  1.9947e-03
 5.8920e+00  1.5177e-03
 5.9040e+00  1.7237e-03
 5.9160e+00  1.7800e-03
 5.9290e+00  1.6954e-03
 5.9410e+00  1.5994e-03
 5.9530e+00  1.5018e-03
 5.9660e+00  1.6685e-03
 5.9780e+00  3.0122e-03
 5.9910e+00  3.2336e-03
 6.0030e+00  2.8170e-03
 6.0150e+00  2.5476e-03
 6.0280e+00  2.2328e-03
 6.0410e+00  2.2355e-03
 6.0530e+00  2.3175e-03
 6.0660e+00  1.8912e-03
 6.0780e+00  2.7011e-03
 6.0910e+00  1.6299e-03
 6.1040e+00  1.7005e-03
 6.1160e+00  2.2142e-03
 6.1290e+00  2.6825e-03
 6.1420e+00  3.8526e-03
 6.1540e+00  3.9441e-03
 6.1670e+00  3.8366e-03
 6.1800e+00  2.4833e-03
 6.1930e+00  2.7515e-03
 6.2060e+00  2.4410e-03
 6.2190e+00  1.4758e-03
 6.2320e+00  2.6933e-03
 6.2450e+00  2.5538e-03
 6.2580e+00  1.6493e-03
 6.2710e+00  2.0287e-03
 6.2840e+00  2.1657e-03
 6.2970e+00  2.8880e-03
 6.3100e+00  2.6734e-03
 6.3230e+00  2.6873e-03
 6.3360e+00  2.2389e-03
 6.3490e+00  1.8932e-03
 6.3620e+00  2.2598e-03
 6.3760e+00  2.3867e-03
 6.3890e+00  2.9017e-03
 6.4020e+00  1.2313e-03
 6.4150e+00  1.1956e-03
 6.4290e+00  1.8209e-03
 6.4420e+00  2.1835e-03
 6.4560e+00  2.5347e-03
 6.4690e+00  2.8830e-03
 6.4820e+00  3.7121e-03
 6.4960e+00  3.7998e-03
 6.5090e+00  2.9464e-03
 6.5230e+00  2.6895e-03
 6.5360e+00  1.9025e-03
 6.5500e+00  1.6134e-03
 6.5640e+00  1.4131e-03
 6.5770e+00  1.7106e-03
 6.5910e+00  1.9023e-03
 6.6050e+00  1.5554e-03
 6.6180e+00  3.3351e-03
 6.6320e+00  2.7259e-03
 6.6460e+00  2.7426e-03
 6.6600e+00  1.8401e-03
 6.6740e+00  1.6258e-03
 6.6870e+00  1.4369e-03
 6.7010e+00  1.4819e-03
 6.7150e+00  1.3875e-03
 6.7290e+00  2.3646e-03
 6.7430e+00  2.5845e-03
 6.7570e+00  1.7751e-03
 6.7710e+00  1.7764e-03
 6.7850e+00  1.4706e-03
 6.8000e+00  1.3943e-03
 6.8140e+00  1.3165e-03
 6.8280e+00  2.1865e-03
 6.8420e+00  2.6773e-03
 6.8560e+00  2.9522e-03
 6.8710e+00  2.9887e-03
 6.8850e+00  3.2183e-03
 6.8990e+00  3.1533e-03
 6.9130e+00  2.7771e-03
 6.9280e+00  2.4755e-03
 6.9420e+00  1.5901e-03
 6.9570e+00  1.7493e-03
 6.9710e+00  2.5459e-03
 6.9860e+00  2.9928e-03
 7.0000e+00  3.8511e-03
 7.0150e+00  3.5196e-03
 7.0290e+00  1.9227e-03
 7.0440e+00  1.5942e-03
 7.0590e+00  1.5970e-03
 7.0730e+00  1.1973e-03
 7.0880e+00  1.2350e-03
 7.1030e+00  1.9325e-03
 7.1180e+00  3.3842e-03
 7.1320e+00  3.9830e-03
 7.1470e+00  4.3281e-03
 7.1620e+00  2.8753e-03
 7.1770e+00  1.6984e-03
 7.1920e+00  1.7307e-03
 7.2070e+00  1.0547e-03
 7.2220e+00  2.2534e-03
 7.2370e+00  2.5326e-03
 7.2520e+00  3.3471e-03
 7.2670e+00  3.3681e-03
 7.2820e+00  2.8875e-03
 7.2980e+00  2.6396e-03
 7.3130e+00  2.8143e-03
 7.3280e+00  1.3200e-03
 7.3430e+00  2.6098e-03
 7.3590e+00  2.8901e-03
 7.3740e+00  3.1890e-03
 7.3890e+00  2.9973e-03
 7.4050e+00  3.1620e-03
 7.4200e+00  2.9196e-03
 7.4360e+00  2.3491e-03
 7.4510e+00  1.8587e-03
 7.4670e+00  1.5993e-03
 7.4820e+00  1.2956e-03
 7.4980e+00  1.3694e-03
 7.5130e+00  1.4345e-03
 7.5290e+00  2.0953e-03
 7.5450e+00  4.9668e-03
 7.5610e+00  2.3502e-03
 7.5760e+00  1.8572e-03
 7.5920e+00  1.5359e-03
 7.6080e+00  1.1890e-03
 7.6240e+00  1.8936e-03
 7.6400e+00  2.2261e-03
 7.6560e+00  3.2337e-03
 7.6720e+00  3.4266e-03
 7.6880e+00  3.1841e-03
 7.7040e+00  2.9896e-03
 7.7200e+00  2.5657e-03
 7.7360e+00  1.3554e-03
 7.7520e+00  1.4991e-03
 7.7680e+00  1.5413e-03
 7.7850e+00  1.6680e-03
 7.8010e+00  1.9795e-03
 7.8170e+00  2.7177e-03
 7.8340e+00  2.2696e-03
 7.8500e+00  2.3372e-03
 7.8660e+00  2.4472e-03
 7.8830e+00  2.3655e-03
 7.8990e+00  1.8582e-03
 7.9160e+00  2.4738e-03
 7.9320e+00  2.4005e-03
 7.9490e+00  2.0540e-03
 7.9660e+00  2.4077e-03
 7.9820e+00  1.6694e-03
 7.9990e+00  1.9933e-03
 8.0160e+00  1.7160e-03
 8.0320e+00  2.4204e-03
 8.0490e+00  2.5597e-03
 8.0660e+00  2.5555e-03
 8.0830e+00  2.2990e-03
 8.1000e+00  1.6159e-03
 8.1170e+00  1.8554e-03
 8.1340e+00  1.7779e-03
 8.1510e+00  1.8764e-03
 8.1680e+00  1.8906e-03
 8.1850e+00  2.0949e-03
 8.2020e+00  2.0835e-03
 8.2190e+00  2.1976e-03
 8.2370e+00  2.2524e-03
 8.2540e+00  2.5230e-03
 8.2710e+00  2.5949e-03
 8.2890e+00  3.0118e-03
 8.3060e+00  2.6159e-03
 8.3230e+00  2.5611e-03
 8.3410e+00  2.2794e-03
 8.3580e+00  2.4413e-03
 8.3760e+00  2.6285e-03
 8.3930e+00  3.3328e-03
 8.4110e+00  3.3035e-03
 8.4290e+00  3.1921e-03
 8.4460e+00  3.2653e-03
 8.4640e+00  2.1199e-03
 8.4820e+00  2.5399e-03
 8.5000e+00  2.1596e-03
 8.5180e+00  1.5918e-03
 8.5350e+00  1.5833e-03
 8.5530e+00  2.0144e-03
 8.5710e+00  2.8836e-03
 8.5890e+00  3.2244e-03
 8.6070e+00  3.2961e-03
 8.6260e+00  3.3199e-03
 8.6440e+00  3.4060e-03
 8.6620e+00  2.5158e-03
 8.6800e+00  2.8016e-03
 8.6980e+00  4.0157e-03
 8.7170e+00  5.1105e-03
 8.7350e+00  2.9398e-03
 8.7530e+00  1.2477e-03
 8.7720e+00  9.3527e-04
 8.7900e+00  1.0279e-03
 8.8090e+00  1.2389e-03
 8.8270e+00  4.0399e-03
 9.1000e+00  1.0000e+05
 1.0690e+01  2.4109e-03
 1.0710e+01  3.8108e-03
 1.0740e+01  3.2314e-03
 1.0760e+01  2.3287e-03
 1.0780e+01  1.5625e-03
 1.0810e+01  1.7900e-03
 1.0830e+01  2.0426e-03
 1.0850e+01  2.7980e-03
 1.0880e+01  3.8373e-03
 1.0900e+01  4.2406e-03
 1.0920e+01  3.7070e-03
 1.0950e+01  3.5663e-03
 1.0970e+01  2.9496e-03
 1.0990e+01  2.2102e-03
 1.1020e+01  2.2992e-03
 1.1040e+01  9.5169e-04
 1.1060e+01  2.6749e-03
 1.1090e+01  2.4787e-03
 1.1110e+01  2.6799e-03
 1.1140e+01  3.3128e-03
 1.1160e+01  3.6794e-03
 1.1180e+01  3.3916e-03
 1.1210e+01  2.3796e-03
 1.1230e+01  2.0221e-03
 1.1260e+01  1.8583e-03
 1.1280e+01  1.6115e-03
 1.1310e+01  2.2711e-03
 1.1330e+01  2.1781e-03
 1.1350e+01  1.8602e-03
 1.1380e+01  1.8606e-03
 1.1400e+01  1.3948e-03
 1.1430e+01  1.4367e-03
 1.1450e+01  1.1652e-03
 1.1480e+01  1.1563e-03
 1.1500e+01  2.5402e-03
 1.1530e+01  3.1051e-03
 1.1550e+01  2.8006e-03
 1.1580e+01  2.3656e-03
 1.1600e+01  1.2840e-03
 1.1630e+01  1.8136e-03
 1.1650e+01  1.0589e-03
 1.1680e+01  1.0434e-03
 1.1710e+01  1.2598e-03
 1.1730e+01  2.1086e-03
 1.1760e+01  1.8423e-03
 1.1780e+01  2.7701e-03
 1.1810e+01  2.3364e-03
 1.1830e+01  2.9384e-03
 1.1860e+01  2.7017e-03
 1.1880e+01  1.4179e-03
 1.1910e+01  1.2477e-03
 1.1940e+01  1.1781e-03
 1.1960e+01  1.3192e-03
 1.1990e+01  1.2277e-03
 1.2020e+01  1.3022e-03
 1.2040e+01  1.5451e-03
 1.2070e+01  2.0609e-03
 1.2090e+01  2.7389e-03
 1.2120e+01  3.3924e-03
 1.2150e+01  3.5276e-03
 1.2170e+01  4.0336e-03
 1.2200e+01  2.8047e-03
 1.2230e+01  1.7766e-03
 1.2250e+01  1.1993e-03
 1.2280e+01  1.1961e-03
 1.2310e+01  1.2457e-03
 1.2330e+01  1.5978e-03
 1.2360e+01  1.5565e-03
 1.2390e+01  3.2248e-03
 1.2420e+01  2.9865e-03
 1.2440e+01  2.4249e-03
 1.2470e+01  1.9037e-03
 1.2500e+01  1.4554e-03
 1.2530e+01  1.2123e-03
 1.2550e+01  1.1340e-03
 1.2580e+01  1.6881e-03
 1.2610e+01  1.4262e-03
 1.2640e+01  2.8942e-03
 1.2660e+01  2.6190e-03
 1.2690e+01  2.2765e-03
 1.2720e+01  2.6440e-03
 1.2750e+01  2.5248e-03
 1.2780e+01  2.4908e-03
 1.2800e+01  1.7926e-03
 1.2830e+01  1.3211e-03
 1.2860e+01  1.4435e-03
 1.2890e+01  2.1759e-03
 1.2920e+01  1.4769e-03
 1.2950e+01  2.3132e-03
 1.2980e+01  2.6255e-03
 1.3000e+01  2.8342e-03
 1.3030e+01  2.9081e-03
 1.3060e+01  2.5874e-03
 1.3090e+01  1.9993e-03
 1.3120e+01  1.6063e-03
 1.3150e+01  1.4107e-03
 1.3180e+01  1.4550e-03
 1.3210e+01  1.7976e-03
 1.3240e+01  1.5516e-03
 1.3270e+01  1.5742e-03
 1.3300e+01  1.6782e-03
 1.3320e+01  2.0675e-03
 1.3350e+01  1.9895e-03
 1.3380e+01  2.0933e-03
 1.3410e+01  2.0814e-03
 1.3440e+01  1.8096e-03
 1.3470e+01  2.2923e-03
 1.3500e+01  1.7665e-03
 1.3530e+01  2.6868e-03
 1.3560e+01  2.7877e-03
 1.3590e+01  3.1052e-03
 1.3620e+01  3.2830e-03
 1.3650e+01  2.5390e-03
 1.3690e+01  2.4896e-03
 1.3720e+01  2.5861e-03
 1.3750e+01  2.2733e-03
 1.3780e+01  2.0388e-03
 1.3810e+01  2.5054e-03
 1.3840e+01  1.4997e-03
 1.3870e+01  1.3300e-03
 1.3900e+01  1.5893e-03
 1.3930e+01  1.6511e-03
 1.3960e+01  2.6177e-03
 1.3990e+01  3.1812e-03
 1.4030e+01  3.0911e-03
 1.4060e+01  1.2984e-03
 1.4090e+01  1.2729e-03
 1.4120e+01  1.6505e-03
 1.4150e+01  1.5181e-03
 1.4180e+01  1.4566e-03
 1.4220e+01  1.2463e-03
 1.4250e+01  1.6133e-03
 1.4280e+01  1.4872e-03
 1.4310e+01  1.5834e-03
 1.4340e+01  2.2991e-03
 1.4380e+01  2.6687e-03
 1.4410e+01  2.6810e-03
 1.4440e+01  2.8395e-03
 1.4470e+01  3.1712e-03
 1.4510e+01  3.3854e-03
 1.4540e+01  3.0872e-03
 1.4570e+01  3.2623e-03
 1.4610e+01  2.8689e-03
 1.4640e+01  2.0687e-03
 1.4670e+01  1.7764e-03
 1.4710e+01  1.4698e-03
 1.4740e+01  1.3398e-03
 1.4770e+01  1.9380e-03
 1.4810e+01  2.9279e-03
 1.4840e+01  2.9628e-03
 1.4870e+01  2.8302e-03
 1.4910e+01  2.2571e-03
 1.4940e+01  1.9072e-03
 1.4970e+01  1.3643e-03
 1.5010e+01  1.3642e-03
 1.5040e+01  1.4768e-03
 1.5080e+01  1.6301e-03
 1.5110e+01  1.9775e-03
 1.5150e+01  3.8000e-03
 1.5180e+01  4.1564e-03
 1.5210e+01  2.8868e-03
 1.5250e+01  2.7302e-03
 1.5280e+01  2.3454e-03
 1.5320e+01  1.1323e-03
 1.5350e+01  1.6494e-03
 1.5390e+01  1.6572e-03
 1.5420e+01  1.7162e-03
 1.5460e+01  1.8615e-03
 1.5490e+01  2.9255e-03
 1.5530e+01  3.0813e-03
 1.5570e+01  2.2699e-03
 1.5600e+01  1.6928e-03
 1.5640e+01  1.3109e-03
 1.5670e+01  1.6825e-03
 1.5710e+01  1.9955e-03
 1.5740e+01  2.1030e-03
 1.5780e+01  2.2077e-03
 1.5820e+01  2.7537e-03
 1.5850e+01  2.9807e-03
 1.5890e+01  3.3382e-03
 1.5930e+01  1.8061e-03
 1.5960e+01  2.4717e-03
 1.6000e+01  1.5029e-03
 1.6040e+01  1.5145e-03
 1.6070e+01  3.3924e-03
 1.6110e+01  3.2548e-03
 1.6150e+01  3.0630e-03
 1.6190e+01  3.0497e-03
 1.6220e+01  2.6911e-03
 1.6260e+01  2.2251e-03
 1.6300e+01  1.7742e-03
 1.6340e+01  1.6730e-03
 1.6370e+01  1.6488e-03
 1.6410e+01  1.3962e-03
 1.6450e+01  2.8166e-03
 1.6490e+01  2.1990e-03
 1.6530e+01  3.5577e-03
 1.6560e+01  3.1004e-03
 1.6600e+01  3.4368e-03
 1.6640e+01  3.0464e-03
 1.6680e+01  1.9285e-03
 1.6720e+01  1.7240e-03
 1.6760e+01  8.6955e-04
 1.6800e+01  1.2574e-03
 1.6840e+01  1.8290e-03
 1.6880e+01  2.1185e-03
 1.6910e+01  3.8343e-03
 1.6950e+01  3.9788e-03
 1.6990e+01  3.3150e-03
 1.7030e+01  2.3405e-03
 1.7070e+01  1.8358e-03
 1.7110e+01  1.1471e-03
 1.7150e+01  1.1599e-03
 1.7190e+01  1.2318e-03
 1.7230e+01  1.5256e-03
 1.7270e+01  2.0989e-03
 1.7310e+01  3.4153e-03
 1.7360e+01  3.9101e-03
 1.7400e+01  3.8771e-03
 1.7440e+01  2.0554e-03
 1.7480e+01  1.7855e-03
 1.7520e+01  1.2600e-03
 1.7560e+01  1.0846e-03
 1.7600e+01  1.4956e-03
 1.7640e+01  1.8756e-03
 1.7680e+01  3.2583e-03
 1.7730e+01  3.2997e-03
 1.7770e+01  3.4697e-03
 1.7810e+01  3.5611e-03
 1.7850e+01  3.5098e-03
 1.7890e+01  3.2336e-03
 1.7940e+01  2.8801e-03
 1.7980e+01  1.2149e-03
 1.8020e+01  1.2016e-03
 1.8060e+01  1.8528e-03
 1.8110e+01  1.3724e-03
 1.8150e+01  3.3934e-03
 1.8190e+01  2.4260e-03
 1.8240e+01  3.2269e-03
 1.8280e+01  2.0814e-03
 1.8320e+01  1.9022e-03
 1.8370e+01  1.8144e-03
 1.8410e+01  2.0531e-03
 1.8450e+01  1.7889e-03
 1.8500e+01  2.9121e-03
 1.8540e+01  2.9185e-03
 1.8590e+01  3.0009e-03
 1.8630e+01  1.8183e-03
 1.8680e+01  1.9569e-03
 1.8720e+01  2.3722e-03
 1.8770e+01  2.4211e-03
 1.8810e+01  2.4760e-03
 1.8860e+01  1.5174e-03
 1.8900e+01  1.6353e-03
 1.8950e+01  2.2608e-03
 1.8990e+01  2.7325e-03
 1.9040e+01  4.0536e-03
 1.9080e+01  3.1896e-03
 1.9130e+01  2.8153e-03
 1.9170e+01  2.6526e-03
 1.9220e+01  2.2086e-03
 1.9270e+01  1.7871e-03
 1.9310e+01  1.7158e-03
 1.9360e+01  2.2595e-03
 1.9410e+01  2.4257e-03
 1.9450e+01  2.8446e-03
 1.9500e+01  2.7215e-03
 1.9550e+01  2.0334e-03
 1.9600e+01  1.7821e-03
 1.9640e+01  1.8142e-03
 1.9690e+01  1.8084e-03
 1.9740e+01  1.8373e-03
 1.9790e+01  2.2459e-03
 1.9830e+01  2.2354e-03
 1.9880e+01  1.9080e-03
 1.9930e+01  1.5775e-03
 1.9980e+01  1.7163e-03
 2.0030e+01  1.5335e-03
 2.0080e+01  2.7274e-03
 2.0130e+01  2.8174e-03
 2.0170e+01  3.1241e-03
 2.0220e+01  3.1199e-03
 2.0270e+01  3.0500e-03
 2.0320e+01  2.3884e-03
 2.0370e+01  2.0118e-03
 2.0420e+01  1.9982e-03
 2.0470e+01  2.3645e-03
 2.0520e+01  2.4287e-03
 2.0570e+01  3.5366e-03
 2.0620e+01  2.5238e-03
 2.0670e+01  2.5393e-03
 2.0720e+01  2.2542e-03
 2.0780e+01  2.5152e-03
 2.0830e+01  2.0728e-03
 2.0880e+01  2.0211e-03
 2.0930e+01  2.0318e-03
 2.0980e+01  2.1709e-03
 2.1030e+01  1.9696e-03
 2.1080e+01  2.7255e-03
 2.1140e+01  3.2633e-03
 2.1190e+01  3.1155e-03
 2.1240e+01  3.1479e-03
 2.1290e+01  3.1330e-03
 2.1350e+01  3.3164e-03
 2.1400e+01  2.8278e-03
 2.1450e+01  2.5134e-03
 2.1510e+01  2.3652e-03
 2.1560e+01  2.1958e-03
 2.1610e+01  2.0830e-03
 2.1670e+01  1.8783e-03
 2.1720e+01  2.5678e-03
 2.1780e+01  2.9473e-03
 2.1830e+01  3.9318e-03
 2.1880e+01  3.9457e-03
 2.1940e+01  2.4629e-03
 2.1990e+01  2.6021e-03
 2.2050e+01  2.4204e-03
 2.2100e+01  2.2097e-03
 2.2160e+01  1.5767e-03
 2.2210e+01  2.3353e-03
 2.2270e+01  2.3064e-03
 2.2330e+01  2.2546e-03
 2.2380e+01  1.5103e-03
 2.2440e+01  2.4768e-03
 2.2500e+01  3.1195e-03
 2.2550e+01  1.7121e-03
 2.2610e+01  1.8254e-03
 2.2670e+01  1.7106e-03
 2.2720e+01  1.8086e-03
 2.2780e+01  1.6955e-03
 2.2840e+01  2.1210e-03
 2.2900e+01  2.1058e-03
 2.2950e+01  2.1350e-03
 2.3010e+01  1.9377e-03
 2.3070e+01  2.4628e-03
 2.3130e+01  3.2528e-03
 2.3190e+01  3.2254e-03
 2.3250e+01  3.4215e-03
 2.3310e+01  3.3221e-03
 2.3370e+01  2.6594e-03
 2.3430e+01  2.9826e-03
 2.3490e+01  2.9383e-03
 2.3550e+01  3.1282e-03
 2.3610e+01  3.0947e-03
 2.3670e+01  3.1084e-03
 2.3730e+01  3.0133e-03
 2.3790e+01  2.9691e-03
 2.3850e+01  2.7993e-03
 2.3910e+01  2.5789e-03
 2.3970e+01  2.4718e-03
 2.4030e+01  3.2714e-03
 2.4090e+01  2.3741e-03
 2.4160e+01  2.1263e-03
 2.4220e+01  2.7314e-03
 2.4280e+01  2.3240e-03
 2.4340e+01  2.1908e-03
 2.4410e+01  2.2078e-03
 2.4470e+01  2.2968e-03
 2.4530e+01  2.5148e-03
 2.4600e+01  3.1509e-03
 2.4660e+01  2.8199e-03
 2.4720e+01  2.3327e-03
 2.4790e+01  2.3191e-03
 2.4850e+01  2.8284e-03
 2.4920e+01  2.7902e-03
 2.4980e+01  2.9374e-03
 2.5050e+01  3.1385e-03
 2.5110e+01  3.8196e-03
 2.5180e+01  3.6005e-03
 2.5240e+01  3.5793e-03
 2.5310e+01  3.3312e-03
 2.5380e+01  2.9389e-03
 2.5440e+01  1.5061e-03
 2.5510e+01  1.6905e-03
 2.5580e+01  2.1003e-03
 2.5640e+01  2.7434e-03
 2.5710e+01  3.1196e-03
 2.5780e+01  3.2198e-03
 2.5850e+01  4.5262e-03
 2.5920e+01  2.9349e-03
 2.5980e+01  2.7093e-03
 2.6050e+01  2.6159e-03
 2.6120e+01  2.5440e-03
 2.6190e+01  2.0712e-03
 2.6260e+01  2.0807e-03
 2.6330e+01  2.1454e-03
 2.6400e+01  2.0089e-03
 2.6470e+01  3.2868e-03
 2.6540e+01  3.3607e-03
 2.6610e+01  3.2106e-03
 2.6680e+01  3.3521e-03
 2.6750e+01  1.7193e-03
 2.6830e+01  1.6134e-03
 2.6900e+01  1.5921e-03
 2.6970e+01  2.2559e-03
 2.7040e+01  2.5097e-03
 2.7110e+01  2.0935e-03
 2.7190e+01  4.0149e-03
 2.7260e+01  3.0543e-03
 2.7330e+01  3.1990e-03
 2.7410e+01  3.5868e-03
 2.7480e+01  3.6330e-03
 2.7550e+01  3.5716e-03
 2.7630e+01  3.3612e-03
 2.7700e+01  1.9406e-03
 2.7780e+01  2.8634e-03
 2.7850e+01  3.0897e-03
 2.7930e+01  2.2888e-03
 2.8010e+01  2.2089e-03
 2.8080e+01  2.1290e-03
 2.8160e+01  2.2736e-03
 2.8230e+01  2.5121e-03
 2.8310e+01  3.3291e-03
 2.8390e+01  3.7416e-03
 2.8470e+01  3.8402e-03
 2.8540e+01  3.4326e-03
 2.8620e+01  3.4835e-03
 2.8700e+01  3.4762e-03
 2.8780e+01  3.1411e-03
 2.8860e+01  3.4552e-03
 2.8940e+01  3.4816e-03
 2.9020e+01  3.5602e-03
 2.9100e+01  2.9031e-03
 2.9180e+01  4.1578e-03
 2.9260e+01  4.2334e-03
 2.9340e+01  4.5476e-03
 2.9420e+01  3.7426e-03
 2.9500e+01  3.8352e-03
 2.9580e+01  3.0748e-03
 2.9670e+01  2.6808e-03
 2.9750e+01  2.3144e-03
 2.9830e+01  2.1113e-03
 2.9910e+01  2.1562e-03
 3.0000e+01  2.1303e-03
 3.0080e+01  2.2737e-03
 3.0170e+01  2.8900e-03
 3.0250e+01  3.1488e-03
 3.0340e+01  3.0458e-03
 3.0420e+01  4.4402e-03
 3.0510e+01  3.4312e-03
 3.0590e+01  3.1679e-03
 3.0680e+01  2.4871e-03
 3.0770e+01  2.2390e-03
 3.0850e+01  2.4241e-03
 3.0940e+01  2.2948e-03
 3.1030e+01  1.8541e-03
 3.1110e+01  2.7836e-03
 3.1200e+01  3.0797e-03
 3.1290e+01  3.5253e-03
 3.1380e+01  5.5125e-03
 3.1470e+01  4.6157e-03
 3.1560e+01  2.3036e-03
 3.1650e+01  2.2466e-03
 3.1740e+01  1.9738e-03
 3.1830e+01  1.9538e-03
 3.1920e+01  1.8983e-03
 3.2010e+01  2.0125e-03
 3.2110e+01  2.2208e-03
 3.2200e+01  2.7252e-03
 3.2290e+01  3.6987e-03
 3.2380e+01  4.1539e-03
 3.2480e+01  4.2050e-03
 3.2570e+01  4.0093e-03
 3.2670e+01  2.0579e-03
 3.2760e+01  2.2477e-03
 3.2860e+01  2.9590e-03
 3.2950e+01  3.3571e-03
 3.3050e+01  4.0824e-03
 3.3140e+01  4.1381e-03
 3.3240e+01  3.7957e-03
 3.3340e+01  3.7464e-03
 3.3440e+01  2.8716e-03
 3.3530e+01  1.7360e-03
 3.3630e+01  1.6389e-03
 3.3730e+01  2.4106e-03
 3.3830e+01  2.5437e-03
 3.3930e+01  2.6040e-03
 3.4030e+01  3.7480e-03
 3.4130e+01  3.8916e-03
 3.4230e+01  3.3530e-03
 3.4330e+01  3.3068e-03
 3.4440e+01  2.9765e-03
 3.4540e+01  2.6508e-03
 3.4640e+01  2.7884e-03
 3.4750e+01  3.8340e-03
 3.4850e+01  4.1464e-03
 3.4950e+01  5.0360e-03
 3.5060e+01  3.9105e-03
 3.5160e+01  3.4843e-03
 3.5270e+01  2.4558e-03
 3.5380e+01  3.9681e-03
 3.5480e+01  3.6238e-03
 3.5590e+01  2.7403e-03
 3.5700e+01  3.7800e-03
 3.5800e+01  4.3301e-03
 3.5910e+01  4.7689e-03
 3.6020e+01  5.3114e-03
 3.6130e+01  4.7647e-03
 3.6240e+01  3.3682e-03
 3.6350e+01  3.4750e-03
 3.6460e+01  2.9142e-03
 3.6580e+01  2.7366e-03
 3.6690e+01  3.9142e-03
 3.6800e+01  2.9050e-03
 3.6910e+01  3.2373e-03
 3.7030e+01  4.3007e-03
 3.7140e+01  3.6176e-03
 3.7260e+01  3.8569e-03
 3.7370e+01  3.1106e-03
 3.7490e+01  2.6932e-03
 3.7610e+01  3.3206e-03
 3.7720e+01  5.5392e-03
 3.7840e+01  5.0433e-03
 3.7960e+01  4.0311e-03
 3.8080e+01  4.5611e-03
 3.8200e+01  4.5870e-03
 3.8320e+01  2.0532e-03
 3.8440e+01  2.1150e-03
 3.8560e+01  3.3198e-03
 3.8680e+01  3.7120e-03
 3.8800e+01  4.3623e-03
 3.8930e+01  3.4491e-03
 3.9050e+01  2.9993e-03
 3.9170e+01  2.4801e-03
 3.9300e+01  2.7749e-03
 3.9420e+01  2.4087e-03
 3.9550e+01  2.7636e-03
 3.9680e+01  2.9131e-03
 3.9800e+01  2.9098e-03
 3.9930e+01  2.5916e-03
 4.0060e+01  2.3414e-03
 4.0190e+01  2.4445e-03
 4.0320e+01  2.8762e-03
 4.0450e+01  2.9549e-03
 4.0580e+01  6.1282e-03
 4.0710e+01  5.9764e-03
 4.0850e+01  5.0731e-03
 4.0980e+01  2.5168e-03
 4.1110e+01  3.6114e-03
 4.1250e+01  3.3659e-03
 4.1380e+01  3.4010e-03
 4.1520e+01  4.4025e-03
 4.1660e+01  4.3354e-03
 4.1800e+01  4.5338e-03
 4.1930e+01  3.8953e-03
 4.2070e+01  3.7837e-03
 4.2210e+01  3.0686e-03
 4.2350e+01  4.1093e-03
 4.2500e+01  4.4224e-03
 4.2640e+01  4.4158e-03
 4.2780e+01  4.2814e-03
 4.2920e+01  3.9514e-03
 4.3070e+01  3.6012e-03
 4.3220e+01  3.2453e-03
 4.3360e+01  3.0940e-03
 4.3510e+01  3.0088e-03
 4.3660e+01  2.9576e-03
 4.3810e+01  2.9507e-03
 4.3950e+01  4.6781e-03
 4.4110e+01  3.3786e-03
 4.4260e+01  4.4797e-03
 4.4410e+01  4.7122e-03
 4.4560e+01  4.3643e-03
 4.4720e+01  3.1990e-03
 4.4870e+01  2.9788e-03
 4.5030e+01  2.2353e-03
 4.5180e+01  3.2600e-03
 4.5340e+01  3.4157e-03
 4.5500e+01  6.0258e-03
 4.5660e+01  5.4139e-03
 4.5820e+01  5.3986e-03
 4.5980e+01  5.1500e-03
 4.6140e+01  4.3533e-03
 4.6310e+01  3.7483e-03
 4.6470e+01  4.2036e-03
 4.6640e+01  3.9785e-03
 4.6800e+01  3.8046e-03
 4.6970e+01  3.6734e-03
 4.7140e+01  3.4014e-03
 4.7310e+01  3.3546e-03
 4.7480e+01  3.4892e-03
 4.7650e+01  3.7995e-03
 4.7820e+01  4.9267e-03
 4.8000e+01  3.7111e-03
 4.8170e+01  3.4288e-03
 4.8350e+01  3.8891e-03
 4.8530e+01  3.4055e-03
 4.8700e+01  4.7419e-03
 4.8880e+01  3.7389e-03
 4.9070e+01  3.7110e-03
 4.9250e+01  3.3353e-03
 4.9430e+01  3.1848e-03
 4.9610e+01  2.7590e-03
 4.9800e+01  3.3956e-03
 4.9990e+01  3.5198e-03
 5.0180e+01  3.9914e-03
 5.0360e+01  4.0819e-03
 5.0560e+01  3.9536e-03
 5.0750e+01  3.5797e-03
 5.0940e+01  3.4471e-03
 5.1140e+01  3.4704e-03
 5.1330e+01  3.6659e-03
 5.1530e+01  4.0577e-03
 5.1730e+01  5.4032e-03
 5.1930e+01  5.8104e-03
 5.2130e+01  5.8939e-03
 5.2330e+01  5.8114e-03
 5.2540e+01  5.5616e-03
 5.2740e+01  5.2686e-03
 5.2950e+01  3.7134e-03
 5.3160e+01  3.8784e-03
 5.3370e+01  3.5372e-03
 5.3580e+01  3.3827e-03
 5.3800e+01  3.2161e-03
 5.4010e+01  3.2280e-03
 5.4230e+01  3.1212e-03
 5.4450e+01  3.1898e-03
 5.4670e+01  2.9395e-03
 5.4890e+01  3.0564e-03
 5.5110e+01  3.2117e-03
 5.5340e+01  4.6836e-03
 5.5570e+01  5.2044e-03
 5.5800e+01  5.3386e-03
 5.6030e+01  4.9134e-03
 5.6260e+01  3.8510e-03
 5.6490e+01  5.2633e-03
 5.6730e+01  5.6695e-03
 5.6970e+01  5.9785e-03
 5.7210e+01  6.0310e-03
 5.7450e+01  6.3409e-03
 5.7700e+01  4.8632e-03
 5.7940e+01  4.3038e-03
 5.8190e+01  4.3202e-03
 5.8440e+01  4.0941e-03
 5.8690e+01  4.1719e-03
 5.8950e+01  4.4032e-03
 5.9210e+01  5.0255e-03
 5.9470e+01  4.2364e-03
 5.9730e+01  4.0065e-03
 5.9990e+01  3.9076e-03
 6.0260e+01  4.0257e-03
 6.0530e+01  3.5202e-03
 6.0800e+01  4.2595e-03
 6.1070e+01  4.6549e-03
 6.1350e+01  5.1440e-03
 6.1630e+01  5.3922e-03
 6.1910e+01  5.3930e-03
 6.2200e+01  6.5766e-03
 6.2480e+01  6.0012e-03
 6.2770e+01  5.3872e-03
 6.3060e+01  5.4870e-03
 6.3360e+01  3.1674e-03
 6.3660e+01  3.3865e-03
 6.3960e+01  4.2925e-03
 6.4260e+01  4.3255e-03
 6.4570e+01  5.2942e-03
 6.4880e+01  6.3137e-03
 6.5200e+01  6.5872e-03
 6.5510e+01  5.4850e-03
 6.5830e+01  5.1151e-03
 6.6160e+01  5.7854e-03
 6.6480e+01  5.1283e-03
 6.6820e+01  3.9972e-03
 6.7150e+01  2.4651e-03
 6.7490e+01  4.4518e-03
 6.7830e+01  6.3847e-03
 6.8180e+01  7.1799e-03
 6.8530e+01  7.7408e-03
 6.8880e+01  4.6301e-03
 6.9240e+01  3.4764e-03
 6.9600e+01  3.2346e-03
