#      mass       lower       upper
 1.0300e-03  3.8314e-08  1.2452e-03
 1.0381e-03  3.7633e-08  1.1395e-03
 1.0449e-03  3.7052e-08  1.1125e-03
 1.0459e-03  3.6965e-08  1.1024e-03
 1.0573e-03  3.6033e-08  9.8116e-04
 1.0638e-03  3.5597e-08  9.0510e-04
 1.0924e-03  3.3613e-08  8.2058e-04
 1.1048e-03  3.2710e-08  7.1894e-04
 1.1276e-03  3.0985e-08  6.7301e-04
 1.1664e-03  2.8622e-08  5.8687e-04
 1.1680e-03  2.8532e-08  5.8298e-04
 1.1700e-03  2.8421e-08  5.7107e-04
 1.1826e-03  2.7713e-08  5.4803e-04
 1.2113e-03  2.7498e-08  5.2840e-04
 1.3114e-03  2.6826e-08  4.5362e-04
 1.3578e-03  2.6508e-08  4.2610e-04
 1.4255e-03  2.6392e-08  4.0357e-04
 1.5453e-03  2.6202e-08  3.6033e-04
 1.5590e-03  2.6180e-08  3.5578e-04
 1.5961e-03  2.6182e-08  3.4644e-04
 1.6445e-03  2.6184e-08  3.3531e-04
 1.7898e-03  2.6192e-08  2.9936e-04
 1.8693e-03  2.6247e-08  2.8622e-04
 1.8849e-03  2.6259e-08  2.8266e-04
 1.9606e-03  2.6310e-08  2.6464e-04
 2.0550e-03  2.6374e-08  2.5499e-04
 2.1541e-03  2.6465e-08  2.4436e-04
 2.3035e-03  2.6595e-08  2.2736e-04
 2.3595e-03  2.6644e-08  2.2088e-04
 2.4577e-03  2.6743e-08  2.1211e-04
 2.4638e-03  2.6749e-08  2.1155e-04
 2.7092e-03  2.6990e-08  1.8941e-04
 2.8003e-03  2.7087e-08  1.8357e-04
 2.8455e-03  2.7133e-08  1.8059e-04
 3.1105e-03  2.7396e-08  1.6275e-04
 3.1878e-03  2.7476e-08  1.5944e-04
 3.5391e-03  2.7820e-08  1.4345e-04
 3.5713e-03  2.7852e-08  1.4192e-04
 3.6260e-03  2.7908e-08  1.3980e-04
 3.6282e-03  2.7910e-08  1.3972e-04
 4.1004e-03  2.8355e-08  1.2130e-04
 4.3736e-03  2.8609e-08  1.1394e-04
 4.3875e-03  2.8622e-08  1.1357e-04
 4.6826e-03  2.8882e-08  1.0529e-04
 4.7079e-03  2.8903e-08  1.0455e-04
 4.7383e-03  2.8930e-08  1.0361e-04
 4.9258e-03  2.9089e-08  9.7597e-05
 5.4054e-03  2.9493e-08  9.1088e-05
 5.4412e-03  2.9522e-08  9.0512e-05
 6.0340e-03  2.9997e-08  8.0725e-05
 6.2063e-03  3.0128e-08  7.7650e-05
 6.7141e-03  3.0515e-08  7.1895e-05
 6.8441e-03  3.0613e-08  7.0389e-05
 7.1258e-03  3.0814e-08  6.7008e-05
 7.7594e-03  3.1264e-08  6.1720e-05
 7.9145e-03  3.1369e-08  6.0355e-05
 8.1814e-03  3.1548e-08  5.8075e-05
 8.3236e-03  3.1644e-08  5.7108e-05
 8.7930e-03  3.1956e-08  5.3916e-05
 9.3937e-03  3.2331e-08  4.9531e-05
 1.0197e-02  3.2821e-08  4.5699e-05
 1.0265e-02  3.2861e-08  4.5362e-05
 1.0785e-02  3.3162e-08  4.2756e-05
 1.1278e-02  3.3448e-08  4.0995e-05
 1.1802e-02  3.3735e-08  3.9035e-05
 1.2383e-02  3.4049e-08  3.6900e-05
 1.2686e-02  3.4213e-08  3.6032e-05
 1.2765e-02  3.4255e-08  3.5811e-05
 1.4218e-02  3.4998e-08  3.1460e-05
 1.5621e-02  3.5676e-08  2.8622e-05
 1.5974e-02  3.5845e-08  2.7608e-05
 1.6317e-02  3.6008e-08  2.7143e-05
 1.6324e-02  3.6011e-08  2.7133e-05
 1.6329e-02  3.6012e-08  2.7125e-05
 1.6372e-02  3.6033e-08  2.7061e-05
 1.7747e-02  3.6655e-08  2.4899e-05
 1.8456e-02  3.6971e-08  2.3800e-05
 1.8743e-02  3.7095e-08  2.3341e-05
 1.9242e-02  3.7300e-08  2.2736e-05
 2.0858e-02  3.7959e-08  2.0738e-05
 2.1520e-02  3.8216e-08  1.9861e-05
 2.2411e-02  3.8555e-08  1.9118e-05
 2.3621e-02  3.8988e-08  1.8059e-05
 2.4708e-02  3.9373e-08  1.7082e-05
 2.6631e-02  4.0037e-08  1.5820e-05
 2.7037e-02  4.0173e-08  1.5541e-05
 2.8369e-02  4.0611e-08  1.4668e-05
 2.9000e-02  4.0815e-08  1.4345e-05
 3.0072e-02  4.1159e-08  1.3800e-05
 3.2571e-02  4.1940e-08  1.2437e-05
 3.5430e-02  4.2807e-08  1.1394e-05
 3.6240e-02  4.3049e-08  1.1092e-05
 3.7397e-02  4.3369e-08  1.0644e-05
 3.8286e-02  4.3622e-08  1.0267e-05
 3.9286e-02  4.3902e-08  9.8254e-06
 4.2938e-02  4.4911e-08  9.1462e-06
 4.3162e-02  4.4971e-08  9.0974e-06
 4.3375e-02  4.5029e-08  9.0508e-06
 4.4610e-02  4.5364e-08  8.6682e-06
 4.6241e-02  4.5789e-08  8.1348e-06
 4.8630e-02  4.6407e-08  7.8066e-06
 4.9299e-02  4.6586e-08  7.7122e-06
 5.2667e-02  4.7453e-08  7.1896e-06
 5.4732e-02  4.7977e-08  6.8628e-06
 5.6603e-02  4.8459e-08  6.5527e-06
 5.8996e-02  4.9093e-08  6.1189e-06
 5.9434e-02  4.9209e-08  6.0853e-06
 6.4150e-02  5.0357e-08  5.7108e-06
 6.4990e-02  5.0559e-08  5.6126e-06
 6.9081e-02  5.1581e-08  5.0606e-06
 6.9226e-02  5.1617e-08  5.0399e-06
 7.4618e-02  5.2947e-08  4.7261e-06
 7.7465e-02  5.3652e-08  4.5374e-06
 7.7482e-02  5.3657e-08  4.5363e-06
 8.5672e-02  5.5661e-08  3.9725e-06
 9.1471e-02  5.7110e-08  3.6980e-06
 9.3375e-02  5.7580e-08  3.6033e-06
 9.5709e-02  5.8152e-08  3.4425e-06
 9.6991e-02  5.8464e-08  3.4008e-06
 9.8364e-02  5.8810e-08  3.3555e-06
 1.0832e-01  6.1221e-08  3.0178e-06
 1.1256e-01  6.2294e-08  2.8621e-06
 1.1294e-01  6.2389e-08  2.8484e-06
 1.1425e-01  6.2713e-08  2.8077e-06
 1.2076e-01  6.4306e-08  2.6301e-06
 1.2967e-01  6.6518e-08  2.3653e-06
 1.3413e-01  6.7629e-08  2.2736e-06
 1.3443e-01  6.7704e-08  2.2675e-06
 1.4888e-01  7.1357e-08  1.9594e-06
 1.4939e-01  7.1487e-08  1.9480e-06
 1.5091e-01  7.1894e-08  1.9131e-06
 1.5242e-01  7.2316e-08  1.8782e-06
 1.5914e-01  7.4159e-08  1.8059e-06
 1.6551e-01  7.5867e-08  1.7101e-06
 1.7094e-01  7.7392e-08  1.6240e-06
 1.8297e-01  8.0810e-08  1.4935e-06
 1.8808e-01  8.2333e-08  1.4345e-06
 1.9626e-01  8.4711e-08  1.3405e-06
 2.0107e-01  8.6931e-08  1.2287e-06
 2.0461e-01  8.8955e-08  1.1395e-06
 2.0739e-01  9.0510e-08  1.0989e-06
 2.1501e-01  9.4849e-08  9.7871e-07
 2.1734e-01  9.6134e-08  9.3170e-07
 2.1860e-01  9.7041e-08  9.0509e-07
 2.2534e-01  1.0174e-07  8.1057e-07
 2.3047e-01  1.0467e-07  7.4644e-07
 2.3429e-01  1.0679e-07  7.2762e-07
 2.3601e-01  1.0798e-07  7.1896e-07
 2.4492e-01  1.1395e-07  6.5965e-07
 2.5211e-01  1.1897e-07  6.0755e-07
 2.5508e-01  1.2160e-07  5.8473e-07
 2.5685e-01  1.2314e-07  5.7109e-07
 2.5872e-01  1.2476e-07  5.5664e-07
 2.7004e-01  1.3357e-07  5.0176e-07
 2.7901e-01  1.4233e-07  4.5362e-07
 2.8018e-01  1.4345e-07  4.4862e-07
 2.8761e-01  1.5131e-07  4.1636e-07
 2.9706e-01  1.6575e-07  3.7186e-07
 2.9967e-01  1.6977e-07  3.6347e-07
 3.0268e-01  1.7418e-07  3.4166e-07
 3.0494e-01  1.7935e-07  3.2436e-07
 3.0700e-01  1.8581e-07  3.0794e-07
 3.1277e-01  2.0208e-07  2.9523e-07
 3.1338e-01  2.0359e-07  2.9395e-07
 3.1532e-01  2.1969e-07  2.9212e-07
 3.1593e-01  2.4202e-07  2.9942e-07
