#      mass       lower       upper
 1.0300e-03  3.8179e-08  1.2274e-03
 1.0381e-03  3.7500e-08  1.1266e-03
 1.0449e-03  3.6921e-08  1.1013e-03
 1.0459e-03  3.6835e-08  1.0915e-03
 1.0573e-03  3.5906e-08  9.7242e-04
 1.0638e-03  3.5471e-08  8.9740e-04
 1.0924e-03  3.3494e-08  8.1441e-04
 1.1048e-03  3.2595e-08  7.1372e-04
 1.1276e-03  3.0876e-08  6.6834e-04
 1.1664e-03  2.8521e-08  5.8301e-04
 1.1680e-03  2.8431e-08  5.7916e-04
 1.1700e-03  2.8321e-08  5.6733e-04
 1.1826e-03  2.7615e-08  5.4449e-04
 1.2113e-03  2.7402e-08  5.2506e-04
 1.3114e-03  2.6732e-08  4.5089e-04
 1.3578e-03  2.6415e-08  4.2357e-04
 1.4255e-03  2.6299e-08  4.0121e-04
 1.5453e-03  2.6109e-08  3.5826e-04
 1.5590e-03  2.6088e-08  3.5374e-04
 1.5961e-03  2.6090e-08  3.4446e-04
 1.6445e-03  2.6091e-08  3.3339e-04
 1.7898e-03  2.6099e-08  2.9766e-04
 1.8693e-03  2.6155e-08  2.8460e-04
 1.8849e-03  2.6166e-08  2.8107e-04
 1.9606e-03  2.6217e-08  2.6315e-04
 2.0550e-03  2.6281e-08  2.5355e-04
 2.1541e-03  2.6372e-08  2.4298e-04
 2.3035e-03  2.6501e-08  2.2608e-04
 2.3595e-03  2.6550e-08  2.1965e-04
 2.4577e-03  2.6649e-08  2.1092e-04
 2.4638e-03  2.6655e-08  2.1037e-04
 2.7092e-03  2.6895e-08  1.8835e-04
 2.8003e-03  2.6992e-08  1.8254e-04
 2.8455e-03  2.7037e-08  1.7958e-04
 3.1105e-03  2.7299e-08  1.6184e-04
 3.1878e-03  2.7379e-08  1.5855e-04
 3.5391e-03  2.7722e-08  1.4265e-04
 3.5713e-03  2.7754e-08  1.4113e-04
 3.6260e-03  2.7809e-08  1.3902e-04
 3.6282e-03  2.7812e-08  1.3894e-04
 4.1004e-03  2.8255e-08  1.2062e-04
 4.3736e-03  2.8509e-08  1.1331e-04
 4.3875e-03  2.8521e-08  1.1293e-04
 4.6826e-03  2.8780e-08  1.0470e-04
 4.7079e-03  2.8802e-08  1.0396e-04
 4.7383e-03  2.8828e-08  1.0303e-04
 4.9258e-03  2.8987e-08  9.7051e-05
 5.4054e-03  2.9389e-08  9.0579e-05
 5.4412e-03  2.9418e-08  9.0006e-05
 6.0340e-03  2.9892e-08  8.0273e-05
 6.2063e-03  3.0022e-08  7.7216e-05
 6.7141e-03  3.0407e-08  7.1493e-05
 6.8441e-03  3.0505e-08  6.9995e-05
 7.1258e-03  3.0706e-08  6.6633e-05
 7.7594e-03  3.1154e-08  6.1374e-05
 7.9145e-03  3.1259e-08  6.0017e-05
 8.1814e-03  3.1437e-08  5.7750e-05
 8.3236e-03  3.1532e-08  5.6789e-05
 8.7930e-03  3.1843e-08  5.3614e-05
 9.3937e-03  3.2217e-08  4.9253e-05
 1.0197e-02  3.2705e-08  4.5443e-05
 1.0265e-02  3.2745e-08  4.5107e-05
 1.0785e-02  3.3045e-08  4.2516e-05
 1.1278e-02  3.3330e-08  4.0765e-05
 1.1802e-02  3.3616e-08  3.8816e-05
 1.2383e-02  3.3929e-08  3.6693e-05
 1.2686e-02  3.4093e-08  3.5830e-05
 1.2765e-02  3.4135e-08  3.5610e-05
 1.4218e-02  3.4875e-08  3.1284e-05
 1.5621e-02  3.5551e-08  2.8461e-05
 1.5974e-02  3.5719e-08  2.7453e-05
 1.6317e-02  3.5881e-08  2.6990e-05
 1.6324e-02  3.5885e-08  2.6980e-05
 1.6329e-02  3.5886e-08  2.6972e-05
 1.6372e-02  3.5906e-08  2.6909e-05
 1.7747e-02  3.6526e-08  2.4759e-05
 1.8456e-02  3.6841e-08  2.3666e-05
 1.8743e-02  3.6964e-08  2.3209e-05
 1.9242e-02  3.7169e-08  2.2608e-05
 2.0858e-02  3.7825e-08  2.0621e-05
 2.1520e-02  3.8082e-08  1.9749e-05
 2.2411e-02  3.8419e-08  1.9010e-05
 2.3621e-02  3.8850e-08  1.7957e-05
 2.4708e-02  3.9234e-08  1.6985e-05
 2.6631e-02  3.9896e-08  1.5731e-05
 2.7037e-02  4.0031e-08  1.5453e-05
 2.8369e-02  4.0468e-08  1.4585e-05
 2.9000e-02  4.0672e-08  1.4264e-05
 3.0072e-02  4.1014e-08  1.3722e-05
 3.2571e-02  4.1792e-08  1.2367e-05
 3.5430e-02  4.2656e-08  1.1330e-05
 3.6240e-02  4.2897e-08  1.1029e-05
 3.7397e-02  4.3216e-08  1.0584e-05
 3.8286e-02  4.3468e-08  1.0209e-05
 3.9286e-02  4.3747e-08  9.7697e-06
 4.2938e-02  4.4752e-08  9.0943e-06
 4.3162e-02  4.4813e-08  9.0458e-06
 4.3375e-02  4.4870e-08  8.9995e-06
 4.4610e-02  4.5204e-08  8.6190e-06
 4.6241e-02  4.5628e-08  8.0886e-06
 4.8630e-02  4.6243e-08  7.7623e-06
 4.9299e-02  4.6421e-08  7.6684e-06
 5.2667e-02  4.7286e-08  7.1487e-06
 5.4732e-02  4.7808e-08  6.8238e-06
 5.6603e-02  4.8288e-08  6.5154e-06
 5.8996e-02  4.8921e-08  6.0840e-06
 5.9434e-02  4.9035e-08  6.0506e-06
 6.4150e-02  5.0180e-08  5.6783e-06
 6.4990e-02  5.0381e-08  5.5806e-06
 6.9081e-02  5.1399e-08  5.0316e-06
 6.9226e-02  5.1436e-08  5.0111e-06
 7.4618e-02  5.2761e-08  4.6991e-06
 7.7465e-02  5.3464e-08  4.5115e-06
 7.7482e-02  5.3468e-08  4.5103e-06
 8.5672e-02  5.5465e-08  3.9497e-06
 9.1471e-02  5.6909e-08  3.6767e-06
 9.3375e-02  5.7378e-08  3.5826e-06
 9.5709e-02  5.7948e-08  3.4227e-06
 9.6991e-02  5.8259e-08  3.3812e-06
 9.8364e-02  5.8603e-08  3.3362e-06
 1.0832e-01  6.1006e-08  3.0004e-06
 1.1256e-01  6.2075e-08  2.8455e-06
 1.1294e-01  6.2169e-08  2.8319e-06
 1.1425e-01  6.2493e-08  2.7915e-06
 1.2076e-01  6.4081e-08  2.6149e-06
 1.2967e-01  6.6285e-08  2.3515e-06
 1.3413e-01  6.7392e-08  2.2603e-06
 1.3443e-01  6.7467e-08  2.2543e-06
 1.4888e-01  7.1107e-08  1.9480e-06
 1.4939e-01  7.1237e-08  1.9366e-06
 1.5091e-01  7.1642e-08  1.9020e-06
 1.5242e-01  7.2063e-08  1.8672e-06
 1.5914e-01  7.3900e-08  1.7953e-06
 1.6551e-01  7.5602e-08  1.7001e-06
 1.7094e-01  7.7122e-08  1.6144e-06
 1.8297e-01  8.0529e-08  1.4847e-06
 1.8808e-01  8.2046e-08  1.4260e-06
 1.9626e-01  8.4417e-08  1.3325e-06
 2.0107e-01  8.6631e-08  1.2213e-06
 2.0461e-01  8.8649e-08  1.1326e-06
 2.0739e-01  9.0199e-08  1.0923e-06
 2.1501e-01  9.4524e-08  9.7331e-07
 2.1734e-01  9.5804e-08  9.2664e-07
 2.1860e-01  9.6708e-08  9.0021e-07
 2.2534e-01  1.0139e-07  8.0629e-07
 2.3047e-01  1.0431e-07  7.4253e-07
 2.3429e-01  1.0643e-07  7.2383e-07
 2.3601e-01  1.0761e-07  7.1522e-07
 2.4492e-01  1.1356e-07  6.5624e-07
 2.5211e-01  1.1858e-07  6.0441e-07
 2.5508e-01  1.2120e-07  5.8169e-07
 2.5685e-01  1.2274e-07  5.6812e-07
 2.5872e-01  1.2435e-07  5.5374e-07
 2.7004e-01  1.3314e-07  4.9912e-07
 2.7901e-01  1.4189e-07  4.5119e-07
 2.8018e-01  1.4300e-07  4.4622e-07
 2.8761e-01  1.5086e-07  4.1409e-07
 2.9706e-01  1.6529e-07  3.6976e-07
 2.9967e-01  1.6932e-07  3.6139e-07
 3.0268e-01  1.7374e-07  3.3966e-07
 3.0494e-01  1.7893e-07  3.2239e-07
 3.0700e-01  1.8543e-07  3.0599e-07
 3.1277e-01  2.0180e-07  2.9318e-07
 3.1338e-01  2.0332e-07  2.9189e-07
 3.1532e-01  2.1958e-07  2.8984e-07
 3.1593e-01  2.4220e-07  2.9670e-07
