#      mass       lower
 6.0000e-03  1.8337e-02
 6.9999e-03  1.5542e-02
 7.9999e-03  1.3447e-02
 8.9999e-03  1.1924e-02
 1.0000e-02  1.0851e-02
 1.1000e-02  1.0108e-02
 1.2000e-02  9.5935e-03
 1.3000e-02  9.2270e-03
 1.4000e-02  8.9478e-03
 1.5000e-02  8.7164e-03
 1.6000e-02  8.5073e-03
 1.7000e-02  8.3053e-03
 1.8000e-02  8.1026e-03
 1.9000e-02  7.8954e-03
 2.0000e-02  7.6826e-03
 2.1000e-02  7.4648e-03
 2.2000e-02  7.2429e-03
 2.3000e-02  7.0179e-03
 2.4000e-02  6.7932e-03
 2.5000e-02  6.5692e-03
 2.6000e-02  6.3472e-03
 2.7000e-02  6.1290e-03
 2.8000e-02  5.9155e-03
 2.9000e-02  5.7079e-03
 3.0000e-02  5.5069e-03
 3.1000e-02  5.3134e-03
 3.2000e-02  5.1280e-03
 3.3000e-02  4.9508e-03
 3.4000e-02  4.7833e-03
 3.5000e-02  4.6247e-03
 3.6000e-02  4.4756e-03
 3.7000e-02  4.3360e-03
 3.8000e-02  4.2060e-03
 3.9000e-02  4.0854e-03
 4.0000e-02  3.9741e-03
 4.1000e-02  3.8720e-03
 4.2000e-02  3.7787e-03
 4.3000e-02  3.6939e-03
 4.4000e-02  3.6172e-03
 4.5000e-02  3.5482e-03
 4.6000e-02  3.4864e-03
 4.7000e-02  3.4314e-03
 4.8000e-02  3.3826e-03
 4.9000e-02  3.3394e-03
 5.0000e-02  3.3016e-03
 5.1000e-02  3.2684e-03
 5.2000e-02  3.2395e-03
 5.3000e-02  3.2139e-03
 5.4000e-02  3.1920e-03
 5.5000e-02  3.1733e-03
 5.6000e-02  3.1566e-03
 5.7000e-02  3.1423e-03
 5.8000e-02  3.1296e-03
 5.9000e-02  3.1185e-03
 6.0000e-02  3.1088e-03
 6.1000e-02  3.1001e-03
 6.2000e-02  3.0921e-03
 6.3000e-02  3.0850e-03
 6.4000e-02  3.0781e-03
 6.5000e-02  3.0715e-03
 6.6000e-02  3.0655e-03
 6.7000e-02  3.0592e-03
 6.8000e-02  3.0532e-03
 6.9000e-02  3.0471e-03
 7.0000e-02  3.0411e-03
 7.1000e-02  3.0347e-03
 7.2000e-02  3.0283e-03
 7.3000e-02  3.0217e-03
 7.4000e-02  3.0150e-03
 7.5000e-02  3.0080e-03
 7.6000e-02  3.0009e-03
 7.7000e-02  2.9938e-03
 7.8000e-02  2.9861e-03
 7.9000e-02  2.9784e-03
 8.0000e-02  2.9706e-03
 8.1000e-02  2.9626e-03
 8.2000e-02  2.9545e-03
 8.3000e-02  2.9464e-03
 8.4000e-02  2.9381e-03
 8.5000e-02  2.9298e-03
 8.6000e-02  2.9212e-03
 8.7000e-02  2.9129e-03
 8.8000e-02  2.9045e-03
 8.9000e-02  2.8960e-03
 9.0000e-02  2.8876e-03
 9.1000e-02  2.8793e-03
 9.2000e-02  2.8710e-03
 9.3000e-02  2.8629e-03
 9.4000e-02  2.8548e-03
 9.5000e-02  2.8469e-03
 9.6000e-02  2.8391e-03
 9.7000e-02  2.8314e-03
 9.8000e-02  2.8239e-03
 9.9000e-02  2.8166e-03
 1.0000e-01  2.8094e-03
 1.0100e-01  2.8026e-03
 1.0200e-01  2.7958e-03
 1.0300e-01  2.7893e-03
 1.0400e-01  2.7829e-03
 1.0500e-01  2.7769e-03
 1.0600e-01  2.7709e-03
 1.0700e-01  2.7652e-03
 1.0800e-01  2.7599e-03
 1.0900e-01  2.7546e-03
 1.1000e-01  2.7496e-03
 1.1100e-01  2.7449e-03
 1.1200e-01  2.7405e-03
 1.1300e-01  2.7362e-03
 1.1400e-01  2.7322e-03
 1.1500e-01  2.7284e-03
 1.1600e-01  2.7248e-03
 1.1700e-01  2.7214e-03
 1.1800e-01  2.7183e-03
 1.1900e-01  2.7153e-03
 1.2000e-01  2.7126e-03
 1.2100e-01  2.7101e-03
 1.2200e-01  2.7078e-03
 1.2300e-01  2.7058e-03
 1.2400e-01  2.7038e-03
 1.2500e-01  2.7020e-03
 1.2600e-01  2.7005e-03
 1.2700e-01  2.6991e-03
 1.2800e-01  2.6979e-03
 1.2900e-01  2.6969e-03
 1.3000e-01  2.6961e-03
 1.3100e-01  2.6954e-03
 1.3200e-01  2.6948e-03
 1.3300e-01  2.6944e-03
 1.3400e-01  2.6941e-03
 1.3500e-01  2.6941e-03
 1.3600e-01  2.6941e-03
 1.3700e-01  2.6942e-03
 1.3800e-01  2.6945e-03
 1.3900e-01  2.6949e-03
 1.4000e-01  2.6955e-03
 1.4100e-01  2.6961e-03
 1.4200e-01  2.6969e-03
 1.4300e-01  2.6977e-03
 1.4400e-01  2.6987e-03
 1.4500e-01  2.6999e-03
 1.4600e-01  2.7011e-03
 1.4700e-01  2.7024e-03
 1.4800e-01  2.7039e-03
 1.4900e-01  2.7055e-03
 1.5000e-01  2.7072e-03
 1.5100e-01  2.7091e-03
 1.5200e-01  2.7110e-03
 1.5300e-01  2.7130e-03
 1.5400e-01  2.7153e-03
 1.5500e-01  2.7176e-03
 1.5600e-01  2.7201e-03
 1.5700e-01  2.7226e-03
 1.5800e-01  2.7254e-03
 1.5900e-01  2.7282e-03
 1.6000e-01  2.7314e-03
 1.6100e-01  2.7346e-03
 1.6200e-01  2.7380e-03
 1.6300e-01  2.7415e-03
 1.6400e-01  2.7453e-03
 1.6500e-01  2.7493e-03
 1.6600e-01  2.7534e-03
 1.6700e-01  2.7577e-03
 1.6800e-01  2.7624e-03
 1.6900e-01  2.7672e-03
 1.7000e-01  2.7721e-03
 1.7100e-01  2.7774e-03
 1.7200e-01  2.7829e-03
 1.7300e-01  2.7887e-03
 1.7400e-01  2.7947e-03
 1.7500e-01  2.8011e-03
 1.7600e-01  2.8077e-03
 1.7700e-01  2.8146e-03
 1.7800e-01  2.8219e-03
 1.7900e-01  2.8293e-03
 1.8000e-01  2.8371e-03
 1.8100e-01  2.8453e-03
 1.8200e-01  2.8539e-03
 1.8300e-01  2.8627e-03
 1.8400e-01  2.8719e-03
 1.8500e-01  2.8815e-03
 1.8600e-01  2.8914e-03
 1.8700e-01  2.9016e-03
 1.8800e-01  2.9123e-03
 1.8900e-01  2.9234e-03
 1.9000e-01  2.9348e-03
 1.9100e-01  2.9466e-03
 1.9200e-01  2.9588e-03
 1.9300e-01  2.9714e-03
 1.9400e-01  2.9844e-03
 1.9500e-01  2.9978e-03
 1.9600e-01  3.0116e-03
 1.9700e-01  3.0256e-03
 1.9800e-01  3.0402e-03
 1.9900e-01  3.0553e-03
 2.0000e-01  3.0706e-03
 2.0100e-01  3.0863e-03
 2.0200e-01  3.1024e-03
 2.0300e-01  3.1188e-03
 2.0400e-01  3.1357e-03
 2.0500e-01  3.1530e-03
 2.0600e-01  3.1707e-03
 2.0700e-01  3.1884e-03
 2.0800e-01  3.2068e-03
 2.0900e-01  3.2256e-03
 2.1000e-01  3.2446e-03
 2.1100e-01  3.2638e-03
 2.1200e-01  3.2833e-03
 2.1300e-01  3.3032e-03
 2.1400e-01  3.3233e-03
 2.1500e-01  3.3436e-03
 2.1600e-01  3.3643e-03
 2.1700e-01  3.3851e-03
 2.1800e-01  3.4063e-03
 2.1900e-01  3.4276e-03
 2.2000e-01  3.4491e-03
 2.2100e-01  3.4708e-03
 2.2200e-01  3.4926e-03
 2.2300e-01  3.5145e-03
 2.2400e-01  3.5367e-03
 2.2500e-01  3.5589e-03
 2.2600e-01  3.5812e-03
 2.2700e-01  3.6037e-03
 2.2800e-01  3.6260e-03
 2.2900e-01  3.6485e-03
 2.3000e-01  3.6710e-03
 2.3100e-01  3.6934e-03
 2.3200e-01  3.7160e-03
 2.3300e-01  3.7385e-03
 2.3400e-01  3.7609e-03
 2.3500e-01  3.7832e-03
 2.3600e-01  3.8056e-03
 2.3700e-01  3.8277e-03
 2.3800e-01  3.8498e-03
 2.3900e-01  3.8718e-03
 2.4000e-01  3.8935e-03
 2.4100e-01  3.9152e-03
 2.4200e-01  3.9366e-03
 2.4300e-01  3.9578e-03
 2.4400e-01  3.9788e-03
 2.4500e-01  3.9996e-03
 2.4600e-01  4.0202e-03
 2.4700e-01  4.0405e-03
 2.4800e-01  4.0605e-03
 2.4900e-01  4.0803e-03
 2.5000e-01  4.0997e-03
 2.5100e-01  4.1187e-03
 2.5200e-01  4.1375e-03
 2.5300e-01  4.1560e-03
 2.5400e-01  4.1741e-03
 2.5500e-01  4.1919e-03
 2.5600e-01  4.2093e-03
 2.5700e-01  4.2263e-03
 2.5800e-01  4.2429e-03
 2.5900e-01  4.2592e-03
 2.6000e-01  4.2749e-03
 2.6100e-01  4.2904e-03
 2.6200e-01  4.3055e-03
 2.6300e-01  4.3199e-03
 2.6400e-01  4.3341e-03
 2.6500e-01  4.3477e-03
 2.6600e-01  4.3611e-03
 2.6700e-01  4.3739e-03
 2.6800e-01  4.3863e-03
 2.6900e-01  4.3983e-03
 2.7000e-01  4.4098e-03
 2.7100e-01  4.4210e-03
 2.7200e-01  4.4316e-03
 2.7300e-01  4.4419e-03
 2.7400e-01  4.4517e-03
 2.7500e-01  4.4610e-03
 2.7600e-01  4.4698e-03
 2.7700e-01  4.4783e-03
 2.7800e-01  4.4863e-03
 2.7900e-01  4.4939e-03
 2.8000e-01  4.5012e-03
 2.8100e-01  4.5080e-03
 2.8200e-01  4.5145e-03
 2.8300e-01  4.5207e-03
 2.8400e-01  4.5264e-03
 2.8500e-01  4.5317e-03
 2.8600e-01  4.5367e-03
 2.8700e-01  4.5414e-03
 2.8800e-01  4.5457e-03
 2.8900e-01  4.5498e-03
 2.9000e-01  4.5535e-03
 2.9100e-01  4.5571e-03
 2.9200e-01  4.5602e-03
 2.9300e-01  4.5630e-03
 2.9400e-01  4.5656e-03
 2.9500e-01  4.5679e-03
 2.9600e-01  4.5701e-03
 2.9700e-01  4.5721e-03
 2.9800e-01  4.5738e-03
 2.9900e-01  4.5753e-03
 3.0000e-01  4.5767e-03
 3.0100e-01  4.5779e-03
 3.0200e-01  4.5789e-03
 3.0300e-01  4.5797e-03
 3.0400e-01  4.5808e-03
 3.0500e-01  4.5816e-03
 3.0600e-01  4.5823e-03
 3.0700e-01  4.5826e-03
 3.0800e-01  4.5832e-03
 3.0900e-01  4.5838e-03
 3.1000e-01  4.5841e-03
 3.1100e-01  4.5848e-03
 3.1200e-01  4.5850e-03
 3.1300e-01  4.5854e-03
 3.1400e-01  4.5859e-03
 3.1500e-01  4.5864e-03
 3.1600e-01  4.5869e-03
 3.1700e-01  4.5875e-03
 3.1800e-01  4.5880e-03
 3.1900e-01  4.5887e-03
 3.2000e-01  4.5894e-03
 3.2100e-01  4.5901e-03
 3.2200e-01  4.5910e-03
 3.2300e-01  4.5919e-03
 3.2400e-01  4.5930e-03
 3.2500e-01  4.5942e-03
 3.2600e-01  4.5953e-03
 3.2700e-01  4.5967e-03
 3.2800e-01  4.5980e-03
 3.2900e-01  4.5992e-03
 3.3000e-01  4.6008e-03
 3.3100e-01  4.6026e-03
 3.3200e-01  4.6042e-03
 3.3300e-01  4.6061e-03
 3.3400e-01  4.6079e-03
 3.3500e-01  4.6097e-03
 3.3600e-01  4.6116e-03
 3.3700e-01  4.6135e-03
 3.3800e-01  4.6155e-03
 3.3900e-01  4.6176e-03
 3.4000e-01  4.6198e-03
 3.4100e-01  4.6216e-03
 3.4200e-01  4.6238e-03
 3.4300e-01  4.6259e-03
 3.4400e-01  4.6280e-03
 3.4500e-01  4.6299e-03
 3.4600e-01  4.6321e-03
 3.4700e-01  4.6340e-03
 3.4800e-01  4.6358e-03
 3.4900e-01  4.6376e-03
 3.5000e-01  4.6394e-03
 3.5100e-01  4.6411e-03
 3.5200e-01  4.6426e-03
 3.5300e-01  4.6440e-03
 3.5400e-01  4.6454e-03
 3.5500e-01  4.6467e-03
 3.5600e-01  4.6478e-03
 3.5700e-01  4.6488e-03
 3.5800e-01  4.6497e-03
 3.5900e-01  4.6504e-03
 3.6000e-01  4.6510e-03
 3.6100e-01  4.6516e-03
 3.6200e-01  4.6522e-03
 3.6300e-01  4.6525e-03
 3.6400e-01  4.6525e-03
 3.6500e-01  4.6525e-03
 3.6600e-01  4.6524e-03
 3.6700e-01  4.6525e-03
 3.6800e-01  4.6523e-03
 3.6900e-01  4.6522e-03
 3.7000e-01  4.6519e-03
 3.7100e-01  4.6516e-03
 3.7200e-01  4.6512e-03
 3.7300e-01  4.6510e-03
 3.7400e-01  4.6508e-03
 3.7500e-01  4.6507e-03
 3.7600e-01  4.6506e-03
 3.7700e-01  4.6508e-03
 3.7800e-01  4.6511e-03
 3.7900e-01  4.6514e-03
 3.8000e-01  4.6521e-03
 3.8100e-01  4.6529e-03
 3.8200e-01  4.6543e-03
 3.8300e-01  4.6560e-03
 3.8400e-01  4.6582e-03
 3.8500e-01  4.6606e-03
 3.8600e-01  4.6638e-03
 3.8700e-01  4.6676e-03
 3.8800e-01  4.6719e-03
 3.8900e-01  4.6770e-03
 3.9000e-01  4.6828e-03
 3.9100e-01  4.6896e-03
 3.9200e-01  4.6972e-03
 3.9300e-01  4.7060e-03
 3.9400e-01  4.7157e-03
 3.9500e-01  4.7267e-03
 3.9600e-01  4.7393e-03
 3.9700e-01  4.7528e-03
 3.9800e-01  4.7683e-03
 3.9900e-01  4.7853e-03
 4.0000e-01  4.8039e-03
 4.0100e-01  4.8246e-03
 4.0200e-01  4.8473e-03
 4.0300e-01  4.8722e-03
 4.0400e-01  4.8995e-03
 4.0500e-01  4.9293e-03
 4.0600e-01  4.9621e-03
 4.0700e-01  4.9975e-03
 4.0800e-01  5.0365e-03
 4.0900e-01  5.0782e-03
 4.1000e-01  5.1244e-03
 4.1100e-01  5.1742e-03
 4.1200e-01  5.2281e-03
 4.1300e-01  5.2864e-03
 4.1400e-01  5.3493e-03
 4.1500e-01  5.4174e-03
 4.1600e-01  5.4908e-03
 4.1700e-01  5.5698e-03
 4.1800e-01  5.6549e-03
 4.1900e-01  5.7465e-03
 4.2000e-01  5.8446e-03
 4.2100e-01  5.9501e-03
 4.2200e-01  6.0631e-03
 4.2300e-01  6.1841e-03
 4.2400e-01  6.3134e-03
 4.2500e-01  6.4518e-03
 4.2600e-01  6.5993e-03
 4.2700e-01  6.7567e-03
 4.2800e-01  6.9244e-03
 4.2900e-01  7.1035e-03
 4.3000e-01  7.2943e-03
 4.3100e-01  7.4970e-03
 4.3200e-01  7.7128e-03
 4.3300e-01  7.9424e-03
 4.3400e-01  8.1868e-03
 4.3500e-01  8.4471e-03
 4.3600e-01  8.7245e-03
 4.3700e-01  9.0203e-03
 4.3800e-01  9.3363e-03
 4.3900e-01  9.6743e-03
 4.4000e-01  1.0036e-02
 4.4100e-01  1.0425e-02
 4.4200e-01  1.0843e-02
 4.4300e-01  1.1294e-02
 4.4400e-01  1.1782e-02
 4.4500e-01  1.2310e-02
 4.4600e-01  1.2884e-02
 4.4700e-01  1.3508e-02
 4.4800e-01  1.4189e-02
 4.4900e-01  1.4932e-02
 4.5000e-01  1.5742e-02
 4.5100e-01  1.6629e-02
 4.5200e-01  1.7596e-02
 4.5300e-01  1.8646e-02
 4.5400e-01  1.9784e-02
 4.5500e-01  2.1012e-02
 4.5600e-01  2.2324e-02
 4.5700e-01  2.3716e-02
 4.5800e-01  2.5170e-02
 4.5900e-01  2.6659e-02
 4.6000e-01  2.8144e-02
