#      mass       lower
 2.1410e-01  3.2165e-04
 2.1420e-01  2.8888e-04
 2.1430e-01  1.6982e-04
 2.1450e-01  1.3811e-04
 2.1460e-01  1.2110e-04
 2.1470e-01  1.6706e-04
 2.1490e-01  2.5296e-04
 2.1500e-01  3.5323e-04
 2.1520e-01  3.9358e-04
 2.1530e-01  3.1685e-04
 2.1550e-01  3.0628e-04
 2.1560e-01  2.1959e-04
 2.1580e-01  1.9969e-04
 2.1590e-01  2.0434e-04
 2.1610e-01  2.2519e-04
 2.1620e-01  2.3099e-04
 2.1640e-01  3.3272e-04
 2.1660e-01  2.6377e-04
 2.1670e-01  2.5029e-04
 2.1690e-01  2.7173e-04
 2.1710e-01  2.9694e-04
 2.1730e-01  3.2416e-04
 2.1750e-01  3.9615e-04
 2.1770e-01  2.4839e-04
 2.1780e-01  1.5616e-04
 2.1800e-01  2.1929e-04
 2.1820e-01  1.5641e-04
 2.1840e-01  1.3714e-04
 2.1860e-01  1.3241e-04
 2.1880e-01  1.9333e-04
 2.1910e-01  2.7504e-04
 2.1930e-01  3.3327e-04
 2.1950e-01  3.5858e-04
 2.1970e-01  3.5942e-04
 2.1990e-01  3.5749e-04
 2.2010e-01  3.5442e-04
 2.2040e-01  3.7235e-04
 2.2060e-01  3.7799e-04
 2.2080e-01  3.3218e-04
 2.2110e-01  3.3078e-04
 2.2130e-01  3.2352e-04
 2.2160e-01  2.8618e-04
 2.2180e-01  1.8640e-04
 2.2200e-01  2.7162e-04
 2.2230e-01  1.9714e-04
 2.2260e-01  3.0499e-04
 2.2280e-01  3.0594e-04
 2.2310e-01  2.6131e-04
 2.2330e-01  2.5161e-04
 2.2360e-01  2.0935e-04
 2.2390e-01  1.9431e-04
 2.2410e-01  1.8978e-04
 2.2440e-01  2.2092e-04
 2.2470e-01  2.3082e-04
 2.2500e-01  2.8921e-04
 2.2530e-01  3.4239e-04
 2.2560e-01  3.7920e-04
 2.2590e-01  3.2603e-04
 2.2620e-01  2.6372e-04
 2.2650e-01  2.7464e-04
 2.2680e-01  1.8656e-04
 2.2710e-01  1.8530e-04
 2.2740e-01  2.1324e-04
 2.2770e-01  2.8674e-04
 2.2800e-01  2.3496e-04
 2.2830e-01  2.8270e-04
 2.2860e-01  3.7017e-04
 2.2900e-01  4.4128e-04
 2.2930e-01  3.7947e-04
 2.2960e-01  3.6018e-04
 2.3000e-01  3.2020e-04
 2.3030e-01  2.9507e-04
 2.3060e-01  2.7921e-04
 2.3100e-01  2.7999e-04
 2.3130e-01  3.0921e-04
 2.3170e-01  3.2519e-04
 2.3200e-01  3.0101e-04
 2.3240e-01  2.8091e-04
 2.3270e-01  1.8764e-04
 2.3310e-01  1.6768e-04
 2.3350e-01  1.7042e-04
 2.3380e-01  2.1125e-04
 2.3420e-01  2.6211e-04
 2.3460e-01  3.1302e-04
 2.3500e-01  3.8409e-04
 2.3530e-01  3.3207e-04
 2.3570e-01  3.3715e-04
 2.3610e-01  2.9977e-04
 2.3650e-01  4.0115e-04
 2.3690e-01  4.1265e-04
 2.3730e-01  3.9047e-04
 2.3770e-01  2.8679e-04
 2.3810e-01  2.7782e-04
 2.3850e-01  3.3848e-04
 2.3890e-01  3.6683e-04
 2.3930e-01  2.7820e-04
 2.3980e-01  2.4655e-04
 2.4020e-01  2.4579e-04
 2.4060e-01  2.5961e-04
 2.4100e-01  3.4429e-04
 2.4150e-01  3.1694e-04
 2.4190e-01  2.8344e-04
 2.4230e-01  1.8234e-04
 2.4280e-01  2.2258e-04
 2.4320e-01  1.9724e-04
 2.4370e-01  2.3782e-04
 2.4410e-01  3.2815e-04
 2.4460e-01  3.7026e-04
 2.4500e-01  4.6048e-04
 2.4550e-01  4.2942e-04
 2.4600e-01  4.2714e-04
 2.4640e-01  3.4206e-04
 2.4690e-01  4.2462e-04
 2.4740e-01  3.7410e-04
 2.4780e-01  2.6277e-04
 2.4830e-01  3.3998e-04
 2.4880e-01  3.4474e-04
 2.4930e-01  2.0880e-04
 2.4980e-01  1.8986e-04
 2.5030e-01  1.8115e-04
 2.5080e-01  1.9394e-04
 2.5130e-01  2.8786e-04
 2.5180e-01  2.9896e-04
 2.5230e-01  2.5621e-04
 2.5280e-01  2.2716e-04
 2.5330e-01  2.1053e-04
 2.5380e-01  2.4949e-04
 2.5430e-01  3.0438e-04
 2.5480e-01  4.2954e-04
 2.5540e-01  3.7033e-04
 2.5590e-01  3.4447e-04
 2.5640e-01  3.3210e-04
 2.5700e-01  3.6501e-04
 2.5750e-01  2.4641e-04
 2.5800e-01  3.3987e-04
 2.5860e-01  2.2777e-04
 2.5910e-01  2.8860e-04
 2.5970e-01  3.2038e-04
 2.6020e-01  3.4456e-04
 2.6080e-01  3.4310e-04
 2.6130e-01  3.3183e-04
 2.6190e-01  3.2792e-04
 2.6250e-01  4.0654e-04
 2.6300e-01  4.0212e-04
 2.6360e-01  3.9371e-04
 2.6420e-01  2.7549e-04
 2.6480e-01  1.8377e-04
 2.6530e-01  2.0445e-04
 2.6590e-01  2.1641e-04
 2.6650e-01  3.8053e-04
 2.6710e-01  5.5702e-04
 2.6770e-01  4.6283e-04
 2.6830e-01  4.0943e-04
 2.6890e-01  2.3380e-04
 2.6950e-01  2.1224e-04
 2.7010e-01  2.5191e-04
 2.7070e-01  2.0678e-04
 2.7130e-01  3.4866e-04
 2.7190e-01  3.6238e-04
 2.7260e-01  4.0220e-04
 2.7320e-01  4.0320e-04
 2.7380e-01  4.3481e-04
 2.7440e-01  3.5717e-04
 2.7510e-01  3.0858e-04
 2.7570e-01  2.8731e-04
 2.7630e-01  2.1972e-04
 2.7700e-01  1.9559e-04
 2.7760e-01  1.6511e-04
 2.7830e-01  1.5652e-04
 2.7890e-01  2.9889e-04
 2.7960e-01  3.8308e-04
 2.8020e-01  4.5377e-04
 2.8090e-01  6.1141e-04
 2.8160e-01  6.0067e-04
 2.8220e-01  4.5651e-04
 2.8290e-01  3.6954e-04
 2.8360e-01  1.8581e-04
 2.8420e-01  1.7062e-04
 2.8490e-01  2.0855e-04
 2.8560e-01  2.5734e-04
 2.8630e-01  3.6237e-04
 2.8700e-01  4.6327e-04
 2.8770e-01  5.6096e-04
 2.8830e-01  4.4904e-04
 2.8900e-01  4.6040e-04
 2.8970e-01  3.7569e-04
 2.9040e-01  4.3986e-04
 2.9120e-01  2.8487e-04
 2.9190e-01  1.6430e-04
 2.9260e-01  1.5241e-04
 2.9330e-01  1.8040e-04
 2.9400e-01  3.0086e-04
 2.9470e-01  4.7808e-04
 2.9540e-01  5.7977e-04
 2.9620e-01  4.1530e-04
 2.9690e-01  4.5952e-04
 2.9760e-01  3.1743e-04
 2.9840e-01  2.7361e-04
 2.9910e-01  2.3778e-04
 2.9990e-01  1.5237e-04
 3.0060e-01  2.1216e-04
 3.0140e-01  2.8520e-04
 3.0210e-01  4.2205e-04
 3.0290e-01  4.7417e-04
 3.0360e-01  4.8127e-04
 3.0440e-01  4.8564e-04
 3.0510e-01  4.8587e-04
 3.0590e-01  4.1727e-04
 3.0670e-01  3.9175e-04
 3.0740e-01  3.4453e-04
 3.0820e-01  3.1455e-04
 3.0900e-01  3.6365e-04
 3.0980e-01  2.9653e-04
 3.1060e-01  2.5783e-04
 3.1130e-01  3.0231e-04
 3.1210e-01  3.7084e-04
 3.1290e-01  4.2892e-04
 3.1370e-01  3.7327e-04
 3.1450e-01  2.1554e-04
 3.1530e-01  2.1914e-04
 3.1610e-01  1.8636e-04
 3.1690e-01  1.6099e-04
 3.1780e-01  3.8593e-04
 3.1860e-01  4.6482e-04
 3.1940e-01  5.2250e-04
 3.2020e-01  5.4502e-04
 3.2100e-01  5.1261e-04
 3.2190e-01  5.0541e-04
 3.2270e-01  4.8584e-04
 3.2350e-01  4.4287e-04
 3.2430e-01  2.9452e-04
 3.2520e-01  2.0457e-04
 3.2600e-01  1.8450e-04
 3.2690e-01  2.2840e-04
 3.2770e-01  2.8321e-04
 3.2860e-01  4.0088e-04
 3.2940e-01  5.0962e-04
 3.3030e-01  5.6063e-04
 3.3110e-01  4.4403e-04
 3.3200e-01  4.7020e-04
 3.3280e-01  3.1030e-04
 3.3370e-01  2.9070e-04
 3.3460e-01  2.8244e-04
 3.3550e-01  2.7918e-04
 3.3630e-01  2.8794e-04
 3.3720e-01  2.5923e-04
 3.3810e-01  2.9455e-04
 3.3900e-01  3.9521e-04
 3.3990e-01  3.0742e-04
 3.4080e-01  3.5746e-04
 3.4160e-01  3.7645e-04
 3.4250e-01  2.7157e-04
 3.4340e-01  2.4046e-04
 3.4430e-01  2.9125e-04
 3.4520e-01  2.6244e-04
 3.4620e-01  3.6717e-04
 3.4710e-01  4.1621e-04
 3.4800e-01  5.2602e-04
 3.4890e-01  5.8527e-04
 3.4980e-01  4.3406e-04
 3.5070e-01  3.4200e-04
 3.5170e-01  2.8343e-04
 3.5260e-01  2.6736e-04
 3.5350e-01  2.2325e-04
 3.5440e-01  2.5909e-04
 3.5540e-01  4.5618e-04
 3.5630e-01  6.2338e-04
 3.5730e-01  6.6371e-04
 3.5820e-01  7.3010e-04
 3.5920e-01  5.8929e-04
 3.6010e-01  4.9055e-04
 3.6110e-01  4.0561e-04
 3.6200e-01  3.4719e-04
 3.6300e-01  3.2999e-04
 3.6390e-01  3.0598e-04
 3.6490e-01  3.0292e-04
 3.6590e-01  3.0428e-04
 3.6680e-01  4.4918e-04
 3.6780e-01  3.9016e-04
 3.6880e-01  3.8579e-04
 3.6980e-01  3.3410e-04
 3.7070e-01  2.8036e-04
 3.7170e-01  2.8437e-04
 3.7270e-01  3.0211e-04
 3.7370e-01  3.4349e-04
 3.7470e-01  3.9457e-04
 3.7570e-01  3.8145e-04
 3.7670e-01  3.4743e-04
 3.7770e-01  4.4263e-04
 3.7870e-01  3.4105e-04
 3.7970e-01  4.6832e-04
 3.8070e-01  4.7498e-04
 3.8170e-01  6.5799e-04
 3.8270e-01  5.0601e-04
 3.8380e-01  5.3607e-04
 3.8480e-01  5.3464e-04
 3.8580e-01  3.2997e-04
 3.8680e-01  5.8386e-04
 3.8790e-01  6.2621e-04
 3.8890e-01  5.7940e-04
 3.8990e-01  5.9294e-04
 3.9100e-01  7.0524e-04
 3.9200e-01  4.9494e-04
 3.9310e-01  4.0723e-04
 3.9410e-01  3.7461e-04
 3.9520e-01  3.3288e-04
 3.9620e-01  3.2015e-04
 3.9730e-01  3.2849e-04
 3.9830e-01  3.9907e-04
 3.9940e-01  4.3335e-04
 4.0040e-01  5.1292e-04
 4.0150e-01  4.7938e-04
 4.0260e-01  4.6796e-04
 4.0360e-01  3.6366e-04
 4.0470e-01  5.8327e-04
 4.0580e-01  5.9808e-04
 4.0690e-01  3.5850e-04
 4.0800e-01  3.5544e-04
 4.0900e-01  4.3157e-04
 4.1010e-01  3.8627e-04
 4.1120e-01  3.4924e-04
 4.1230e-01  3.4240e-04
 4.1340e-01  3.7656e-04
 4.1450e-01  5.1606e-04
 4.1560e-01  4.0907e-04
 4.1670e-01  6.2110e-04
 4.1780e-01  3.7322e-04
 4.1890e-01  3.8564e-04
 4.2010e-01  4.4811e-04
 4.2120e-01  5.7743e-04
 4.2230e-01  6.9567e-04
 4.2340e-01  7.7988e-04
 4.2450e-01  8.1052e-04
 4.2570e-01  7.8209e-04
 4.2680e-01  7.3176e-04
 4.2790e-01  6.3991e-04
 4.2910e-01  5.2265e-04
 4.3020e-01  4.2227e-04
 4.3140e-01  2.9525e-04
 4.3250e-01  3.0240e-04
 4.3360e-01  5.3964e-04
 4.3480e-01  6.0760e-04
 4.3600e-01  5.9939e-04
 4.3710e-01  5.7834e-04
 4.3830e-01  6.8372e-04
 4.3940e-01  3.9177e-04
 4.4060e-01  3.3970e-04
 4.4180e-01  3.1742e-04
 4.4290e-01  3.7962e-04
 4.4410e-01  7.7037e-04
 4.4530e-01  8.3121e-04
 4.4650e-01  6.9817e-04
 4.4760e-01  7.3854e-04
 4.4880e-01  7.4561e-04
 4.5000e-01  7.3332e-04
 4.5120e-01  4.8075e-04
 4.5240e-01  4.2588e-04
 4.5360e-01  4.3102e-04
 4.5480e-01  5.2638e-04
 4.5600e-01  5.4903e-04
 4.5720e-01  6.0018e-04
 4.5840e-01  6.7221e-04
 4.5960e-01  7.0627e-04
 4.6080e-01  7.6243e-04
 4.6200e-01  7.4093e-04
 4.6320e-01  6.4069e-04
 4.6450e-01  5.4475e-04
 4.6570e-01  4.1525e-04
 4.6690e-01  6.2765e-04
 4.6810e-01  5.7220e-04
 4.6940e-01  5.6394e-04
 4.7060e-01  5.1731e-04
 4.7180e-01  6.1803e-04
 4.7310e-01  5.8907e-04
 4.7430e-01  8.0651e-04
 4.7560e-01  8.1415e-04
 4.7680e-01  9.2225e-04
 4.7810e-01  7.1893e-04
 4.7930e-01  7.7380e-04
 4.8060e-01  7.0031e-04
 4.8180e-01  5.1838e-04
 4.8310e-01  4.0605e-04
 4.8440e-01  3.5931e-04
 4.8560e-01  4.7379e-04
 4.8690e-01  8.0063e-04
 4.8820e-01  5.5847e-04
 4.8950e-01  6.3979e-04
 4.9070e-01  1.0662e-03
 4.9200e-01  1.0091e-03
 4.9330e-01  7.8141e-04
 4.9460e-01  5.9456e-04
 4.9590e-01  3.7869e-04
 4.9720e-01  4.3651e-04
 4.9850e-01  3.5386e-04
 4.9980e-01  3.7233e-04
 5.0110e-01  3.4527e-04
 5.0240e-01  3.7952e-04
 5.0370e-01  4.5456e-04
 5.0500e-01  8.8046e-04
 5.0630e-01  1.1453e-03
 5.0760e-01  1.1092e-03
 5.0900e-01  9.3523e-04
 5.1030e-01  3.8039e-04
 5.1160e-01  2.7949e-04
 5.1290e-01  3.4326e-04
 5.1430e-01  4.5679e-04
 5.1560e-01  5.6013e-04
 5.1690e-01  7.1015e-04
 5.1830e-01  1.0310e-03
 5.1960e-01  1.0680e-03
 5.2100e-01  5.1097e-04
 5.2230e-01  4.4645e-04
 5.2370e-01  3.5310e-04
 5.3000e-01  1.0000e+05
 5.7270e-01  8.3216e-04
 5.7420e-01  7.3563e-04
 5.7570e-01  8.8828e-04
 5.7710e-01  1.1411e-03
 5.7860e-01  1.0801e-03
 5.8010e-01  6.5073e-04
 5.8150e-01  6.0611e-04
 5.8300e-01  4.5953e-04
 5.8450e-01  4.4911e-04
 5.8590e-01  3.8374e-04
 5.8740e-01  4.5899e-04
 5.8890e-01  6.6757e-04
 5.9040e-01  5.6734e-04
 5.9190e-01  8.6719e-04
 5.9340e-01  7.3276e-04
 5.9490e-01  9.5110e-04
 5.9640e-01  1.0584e-03
 5.9790e-01  9.9791e-04
 5.9940e-01  8.4944e-04
 6.0090e-01  3.2807e-04
 6.0240e-01  2.6619e-04
 6.0390e-01  3.1765e-04
 6.0540e-01  3.5122e-04
 6.0700e-01  6.1542e-04
 6.0850e-01  7.0067e-04
 6.1000e-01  8.4917e-04
 6.1150e-01  1.0035e-03
 6.1310e-01  1.3191e-03
 6.1460e-01  1.0144e-03
 6.1610e-01  7.0723e-04
 6.1770e-01  4.9622e-04
 6.1920e-01  2.5291e-04
 6.2080e-01  2.0342e-04
 6.2230e-01  2.2015e-04
 6.2390e-01  4.0292e-04
 6.2540e-01  7.1102e-04
 6.2700e-01  1.0055e-03
 6.2850e-01  1.0442e-03
 6.3010e-01  1.1468e-03
 6.3170e-01  6.2149e-04
 6.3320e-01  4.2643e-04
 6.3480e-01  3.5986e-04
 6.3640e-01  3.1550e-04
 6.3800e-01  4.9489e-04
 6.3960e-01  6.0361e-04
 6.4110e-01  6.5537e-04
 6.4270e-01  7.1457e-04
 6.4430e-01  7.3602e-04
 6.4590e-01  3.7700e-04
 6.4750e-01  4.7921e-04
 6.4910e-01  3.9652e-04
 6.5070e-01  4.3458e-04
 6.5230e-01  8.7461e-04
 6.5390e-01  6.9819e-04
 6.5560e-01  5.2552e-04
 6.5720e-01  5.7843e-04
 6.5880e-01  4.9986e-04
 6.6040e-01  4.2375e-04
 6.6200e-01  3.3988e-04
 6.6370e-01  3.7131e-04
 6.6530e-01  4.9921e-04
 6.6690e-01  3.6667e-04
 6.6860e-01  4.0381e-04
 6.7020e-01  4.8528e-04
 6.7190e-01  6.0555e-04
 6.7350e-01  6.2853e-04
 6.7520e-01  6.0963e-04
 6.7680e-01  4.5633e-04
 6.7850e-01  6.1611e-04
 6.8010e-01  3.4483e-04
 6.8180e-01  5.7942e-04
 6.8350e-01  4.3175e-04
 6.8510e-01  6.3700e-04
 6.8680e-01  5.8608e-04
 6.8850e-01  5.0681e-04
 6.9010e-01  3.2930e-04
 6.9180e-01  2.5524e-04
 6.9350e-01  2.9106e-04
 6.9520e-01  2.6697e-04
 6.9690e-01  3.1463e-04
 6.9860e-01  3.0866e-04
 7.0030e-01  2.8865e-04
 7.0200e-01  2.5987e-04
 7.0370e-01  3.0975e-04
 7.0540e-01  3.6101e-04
 7.0710e-01  3.5041e-04
 7.0880e-01  4.2057e-04
 7.1050e-01  2.9082e-04
 7.1230e-01  3.3923e-04
 7.1400e-01  4.6642e-04
 7.1570e-01  4.4464e-04
 7.1740e-01  5.2357e-04
 7.1920e-01  3.2463e-04
 7.2090e-01  5.1899e-04
 7.2260e-01  3.7908e-04
 7.2440e-01  2.7201e-04
 7.2610e-01  2.2989e-04
 7.2790e-01  2.3595e-04
 7.2960e-01  2.8145e-04
 7.3140e-01  2.3885e-04
 7.3310e-01  3.7913e-04
 7.3490e-01  5.2394e-04
 7.3670e-01  5.0984e-04
 7.3840e-01  4.6689e-04
 7.4020e-01  4.3726e-04
 7.5000e-01  1.0000e+05
 8.2750e-01  2.8401e-04
 8.2940e-01  6.8622e-04
 8.3140e-01  6.1310e-04
 8.3330e-01  5.5051e-04
 8.3530e-01  3.9983e-04
 8.3720e-01  2.6445e-04
 8.3920e-01  2.5378e-04
 8.4110e-01  2.7773e-04
 8.4310e-01  2.4600e-04
 8.4500e-01  2.7760e-04
 8.4700e-01  6.4653e-04
 8.4890e-01  7.3882e-04
 8.5090e-01  7.7030e-04
 8.5290e-01  6.4221e-04
 8.5490e-01  4.7730e-04
 8.5680e-01  5.0626e-04
 8.5880e-01  6.0731e-04
 8.6080e-01  5.4219e-04
 8.6280e-01  5.7731e-04
 8.6480e-01  4.3414e-04
 8.6680e-01  6.7185e-04
 8.6880e-01  6.9711e-04
 8.7080e-01  8.0775e-04
 8.7280e-01  6.9098e-04
 8.7480e-01  5.3169e-04
 8.7680e-01  6.5177e-04
 8.7890e-01  3.8278e-04
 8.8090e-01  6.8529e-04
 8.8290e-01  4.8737e-04
 8.8490e-01  4.9247e-04
 8.8700e-01  5.2195e-04
 8.8900e-01  6.9646e-04
 8.9100e-01  6.4451e-04
 8.9310e-01  7.3645e-04
 8.9510e-01  7.9182e-04
 8.9720e-01  5.0796e-04
 8.9920e-01  5.4196e-04
 9.0130e-01  7.1003e-04
 9.0330e-01  4.2320e-04
 9.0540e-01  8.7235e-04
 9.0750e-01  1.1404e-03
 9.0960e-01  1.3735e-03
 9.1160e-01  9.4852e-04
 9.1370e-01  8.3355e-04
 9.1580e-01  4.7104e-04
 9.1790e-01  3.5669e-04
 9.2000e-01  1.0110e-03
 9.2210e-01  1.4180e-03
 9.2420e-01  1.5787e-03
 9.2630e-01  1.0628e-03
 9.2840e-01  1.1112e-03
 9.3050e-01  4.7062e-04
 9.3260e-01  3.1420e-04
 9.3470e-01  1.0535e-03
 9.3680e-01  1.0222e-03
 9.3890e-01  3.9761e-04
 9.4110e-01  1.0547e-03
 9.4320e-01  1.7703e-03
 9.4530e-01  2.0500e-03
 9.4750e-01  1.8926e-03
 9.4960e-01  1.6360e-03
 9.5180e-01  9.6964e-04
 9.5390e-01  5.9898e-04
 9.5610e-01  1.4786e-03
 9.5820e-01  1.6199e-03
 9.6000e-01  1.0000e+05
 1.1620e+00  9.9734e-04
 1.1650e+00  1.0241e-03
 1.1670e+00  1.1041e-03
 1.1700e+00  1.0410e-03
 1.1720e+00  1.0104e-03
 1.1750e+00  1.1356e-03
 1.1780e+00  1.3456e-03
 1.1800e+00  1.2510e-03
 1.1830e+00  1.0431e-03
 1.1850e+00  7.1181e-04
 1.1880e+00  7.1991e-04
 1.1900e+00  1.1781e-03
 1.1930e+00  1.2176e-03
 1.1950e+00  1.3373e-03
 1.1980e+00  1.3545e-03
 1.2000e+00  1.2963e-03
 1.2030e+00  1.1082e-03
 1.2060e+00  8.9592e-04
 1.2080e+00  7.5798e-04
 1.2110e+00  7.4784e-04
 1.2130e+00  1.0097e-03
 1.2160e+00  7.5202e-04
 1.2190e+00  7.1354e-04
 1.2210e+00  7.4685e-04
 1.2240e+00  9.6597e-04
 1.2260e+00  1.1394e-03
 1.2290e+00  1.0168e-03
 1.2320e+00  1.2045e-03
 1.2340e+00  8.8167e-04
 1.2370e+00  1.3700e-03
 1.2400e+00  1.2357e-03
 1.2420e+00  1.2743e-03
 1.2450e+00  1.3566e-03
 1.2470e+00  1.4011e-03
 1.2500e+00  1.4535e-03
 1.2530e+00  1.4914e-03
 1.2550e+00  1.4645e-03
 1.2580e+00  1.4158e-03
 1.2610e+00  1.4205e-03
 1.2630e+00  9.8949e-04
 1.2660e+00  8.4420e-04
 1.2690e+00  7.4239e-04
 1.2710e+00  6.5033e-04
 1.2740e+00  5.6583e-04
 1.2770e+00  7.4457e-04
 1.2800e+00  1.0233e-03
 1.2820e+00  1.2324e-03
 1.2850e+00  1.4162e-03
 1.2880e+00  1.5760e-03
 1.2900e+00  1.4434e-03
 1.2930e+00  1.3069e-03
 1.2960e+00  9.4065e-04
 1.2990e+00  6.4585e-04
 1.3010e+00  7.3443e-04
 1.3040e+00  1.4840e-03
 1.3070e+00  1.3979e-03
 1.3100e+00  1.2702e-03
 1.3120e+00  1.2050e-03
 1.3150e+00  1.3654e-03
 1.3180e+00  7.5011e-04
 1.3210e+00  7.3213e-04
 1.3230e+00  6.8644e-04
 1.3260e+00  5.4946e-04
 1.3290e+00  6.2802e-04
 1.3320e+00  7.2537e-04
 1.3350e+00  7.4942e-04
 1.3370e+00  8.4437e-04
 1.3400e+00  9.1368e-04
 1.3430e+00  1.0394e-03
 1.3460e+00  8.8137e-04
 1.3490e+00  1.3086e-03
 1.3510e+00  1.6367e-03
 1.3540e+00  1.1108e-03
 1.3570e+00  1.0125e-03
 1.3600e+00  1.0217e-03
 1.3630e+00  1.3335e-03
 1.3660e+00  1.0830e-03
 1.3680e+00  1.0425e-03
 1.3710e+00  1.5145e-03
 1.3740e+00  1.3453e-03
 1.3770e+00  1.6991e-03
 1.3800e+00  1.7254e-03
 1.3830e+00  6.7343e-04
 1.3860e+00  7.0529e-04
 1.3890e+00  7.1992e-04
 1.3910e+00  9.2720e-04
 1.3940e+00  1.0480e-03
 1.3970e+00  1.4154e-03
 1.4000e+00  1.5768e-03
 1.4030e+00  1.7149e-03
 1.4060e+00  1.7184e-03
 1.4090e+00  1.7283e-03
 1.4120e+00  1.0997e-03
 1.4150e+00  8.7313e-04
 1.4180e+00  9.1684e-04
 1.4210e+00  7.2385e-04
 1.4230e+00  1.2255e-03
 1.4260e+00  8.0342e-04
 1.4290e+00  1.0889e-03
 1.4320e+00  1.0669e-03
 1.4350e+00  1.2049e-03
 1.4380e+00  1.1693e-03
 1.4410e+00  1.0321e-03
 1.4440e+00  1.0685e-03
 1.4470e+00  9.6017e-04
 1.4500e+00  1.0449e-03
 1.4530e+00  1.3545e-03
 1.4560e+00  1.4375e-03
 1.4590e+00  1.7195e-03
 1.4620e+00  1.9119e-03
 1.4650e+00  1.8153e-03
 1.4680e+00  1.9093e-03
 1.4710e+00  1.3520e-03
 1.4740e+00  1.2180e-03
 1.4770e+00  1.4154e-03
 1.4800e+00  1.2415e-03
 1.4830e+00  1.4342e-03
 1.4860e+00  1.3590e-03
 1.4890e+00  9.9968e-04
 1.4920e+00  1.1167e-03
 1.4960e+00  1.2001e-03
 1.4990e+00  1.5628e-03
 1.5020e+00  1.5934e-03
 1.5050e+00  1.5376e-03
 1.5080e+00  1.4911e-03
 1.5110e+00  1.6308e-03
 1.5140e+00  1.4922e-03
 1.5170e+00  1.1723e-03
 1.5200e+00  8.7726e-04
 1.5230e+00  8.4006e-04
 1.5260e+00  8.6654e-04
 1.5300e+00  8.8352e-04
 1.5330e+00  9.9452e-04
 1.5360e+00  9.8242e-04
 1.5390e+00  1.2181e-03
 1.5420e+00  1.7503e-03
 1.5450e+00  1.9469e-03
 1.5480e+00  1.6152e-03
 1.5510e+00  1.6802e-03
 1.5550e+00  1.2556e-03
 1.5580e+00  1.2957e-03
 1.5610e+00  1.6078e-03
 1.5640e+00  1.5560e-03
 1.5670e+00  1.5165e-03
 1.5700e+00  1.2880e-03
 1.5740e+00  1.1474e-03
 1.5770e+00  9.6801e-04
 1.5800e+00  8.9164e-04
 1.5830e+00  9.8169e-04
 1.5860e+00  1.6675e-03
 1.5900e+00  9.7826e-04
 1.5930e+00  1.1896e-03
 1.5960e+00  1.8555e-03
 1.5990e+00  1.9434e-03
 1.6030e+00  2.1222e-03
 1.6060e+00  1.5753e-03
 1.6090e+00  1.3765e-03
 1.6120e+00  1.4044e-03
 1.6160e+00  1.4439e-03
 1.6190e+00  1.5238e-03
 1.6220e+00  1.6799e-03
 1.6250e+00  1.1297e-03
 1.6290e+00  1.5002e-03
 1.6320e+00  1.4578e-03
 1.6350e+00  1.6078e-03
 1.6390e+00  1.3483e-03
 1.6420e+00  1.2487e-03
 1.6450e+00  1.1526e-03
 1.6480e+00  1.1143e-03
 1.6520e+00  1.0064e-03
 1.6550e+00  9.7448e-04
 1.6580e+00  1.1755e-03
 1.6620e+00  1.4282e-03
 1.6650e+00  1.1190e-03
 1.6680e+00  2.4628e-03
 1.6720e+00  1.8057e-03
 1.6750e+00  2.2204e-03
 1.6790e+00  2.0326e-03
 1.6820e+00  1.5435e-03
 1.6850e+00  1.7041e-03
 1.6890e+00  1.4754e-03
 1.6920e+00  1.0853e-03
 1.6950e+00  8.8308e-04
 1.6990e+00  1.5655e-03
 1.7020e+00  1.3380e-03
 1.7060e+00  1.1451e-03
 1.7090e+00  1.0796e-03
 1.7120e+00  9.5787e-04
 1.7160e+00  1.3037e-03
 1.7190e+00  1.4930e-03
 1.7230e+00  1.2620e-03
 1.7260e+00  1.4077e-03
 1.7300e+00  1.8050e-03
 1.7330e+00  1.8553e-03
 1.7370e+00  2.1720e-03
 1.7400e+00  2.1316e-03
 1.7430e+00  8.7215e-04
 1.7470e+00  6.6147e-04
 1.7500e+00  6.1400e-04
 1.7540e+00  6.8769e-04
 1.7570e+00  2.1028e-03
 1.7610e+00  2.2026e-03
 1.7640e+00  2.2293e-03
 1.7680e+00  2.3269e-03
 1.7710e+00  1.9490e-03
 1.7750e+00  1.6338e-03
 1.7780e+00  1.0202e-03
 1.7820e+00  8.4224e-04
 1.7860e+00  9.0622e-04
 1.7890e+00  9.3347e-04
 1.7930e+00  1.0434e-03
 1.7960e+00  1.4776e-03
 1.8000e+00  1.2961e-03
 1.8030e+00  1.3513e-03
 1.8070e+00  1.4119e-03
 1.8100e+00  1.0957e-03
 1.8140e+00  8.8900e-04
 1.8180e+00  8.0991e-04
 1.8210e+00  9.7317e-04
 1.8250e+00  1.4019e-03
 1.8280e+00  1.8973e-03
 1.8320e+00  1.9230e-03
 1.8360e+00  1.6037e-03
 1.8390e+00  1.4018e-03
 1.8430e+00  1.0597e-03
 1.8470e+00  1.0824e-03
 1.8500e+00  1.3700e-03
 1.8540e+00  1.6110e-03
 1.8570e+00  1.6950e-03
 1.8610e+00  1.3368e-03
 1.8650e+00  1.2264e-03
 1.8680e+00  1.4092e-03
 1.8720e+00  1.4734e-03
 1.8760e+00  1.4084e-03
 1.8800e+00  1.4791e-03
 1.8830e+00  1.3024e-03
 1.8870e+00  1.2109e-03
 1.8910e+00  1.0099e-03
 1.8940e+00  1.1925e-03
 1.8980e+00  9.2342e-04
 1.9020e+00  1.7252e-03
 1.9060e+00  1.9167e-03
 1.9090e+00  1.8990e-03
 1.9130e+00  2.0105e-03
 1.9170e+00  1.8307e-03
 1.9210e+00  1.9157e-03
 1.9240e+00  1.9417e-03
 1.9280e+00  1.8539e-03
 1.9320e+00  1.8360e-03
 1.9360e+00  1.6992e-03
 1.9390e+00  1.8204e-03
 1.9430e+00  1.3223e-03
 1.9470e+00  1.2137e-03
 1.9510e+00  1.3904e-03
 1.9550e+00  1.4624e-03
 1.9580e+00  1.4811e-03
 1.9620e+00  1.5312e-03
 1.9660e+00  1.7251e-03
 1.9700e+00  1.4266e-03
 1.9740e+00  1.3998e-03
 1.9780e+00  1.5834e-03
 1.9820e+00  1.4298e-03
 1.9850e+00  1.2592e-03
 1.9890e+00  9.3179e-04
 1.9930e+00  1.4925e-03
 1.9970e+00  1.1012e-03
 2.0010e+00  1.4689e-03
 2.0050e+00  1.4392e-03
 2.0090e+00  1.3466e-03
 2.0130e+00  1.0573e-03
 2.0170e+00  1.0682e-03
 2.0200e+00  1.3565e-03
 2.0240e+00  1.9350e-03
 2.0280e+00  1.3289e-03
 2.0320e+00  1.7631e-03
 2.0360e+00  1.6925e-03
 2.0400e+00  1.5196e-03
 2.0440e+00  1.1306e-03
 2.0480e+00  1.0163e-03
 2.0520e+00  1.3465e-03
 2.0560e+00  1.4864e-03
 2.0600e+00  1.6738e-03
 2.0640e+00  1.7355e-03
 2.0680e+00  1.3972e-03
 2.0720e+00  1.5647e-03
 2.0760e+00  1.1856e-03
 2.0800e+00  1.1614e-03
 2.0840e+00  1.3872e-03
 2.0880e+00  1.1162e-03
 2.0920e+00  1.7674e-03
 2.0960e+00  8.8129e-04
 2.1000e+00  1.1845e-03
 2.1040e+00  1.1867e-03
 2.1080e+00  1.0769e-03
 2.1120e+00  1.6352e-03
 2.1170e+00  1.3387e-03
 2.1210e+00  2.0086e-03
 2.1250e+00  2.0902e-03
 2.1290e+00  2.0494e-03
 2.1330e+00  1.9128e-03
 2.1370e+00  1.3013e-03
 2.1410e+00  1.3905e-03
 2.1450e+00  1.3420e-03
 2.1490e+00  1.5282e-03
 2.1540e+00  1.8224e-03
 2.1580e+00  2.3469e-03
 2.1620e+00  1.6428e-03
 2.1660e+00  8.8365e-04
 2.1700e+00  9.1923e-04
 2.1740e+00  9.0105e-04
 2.1780e+00  1.0746e-03
 2.1830e+00  1.2517e-03
 2.1870e+00  1.9282e-03
 2.1910e+00  2.1882e-03
 2.1950e+00  2.2642e-03
 2.1990e+00  2.1948e-03
 2.2040e+00  2.0516e-03
 2.2080e+00  1.8731e-03
 2.2120e+00  1.0380e-03
 2.2160e+00  1.3232e-03
 2.2210e+00  1.3277e-03
 2.2250e+00  1.1459e-03
 2.2290e+00  1.1624e-03
 2.2330e+00  1.2153e-03
 2.2380e+00  1.2747e-03
 2.2420e+00  1.3067e-03
 2.2460e+00  1.1558e-03
 2.2510e+00  1.1183e-03
 2.2550e+00  1.6351e-03
 2.2590e+00  1.7188e-03
 2.2640e+00  1.8147e-03
 2.2680e+00  1.6714e-03
 2.2720e+00  1.6416e-03
 2.2770e+00  2.0097e-03
 2.2810e+00  1.3816e-03
 2.2850e+00  1.2714e-03
 2.2900e+00  1.9821e-03
 2.2940e+00  1.8300e-03
 2.2980e+00  1.7617e-03
 2.3030e+00  1.5788e-03
 2.3070e+00  1.1590e-03
 2.3110e+00  1.0207e-03
 2.3160e+00  1.0658e-03
 2.3200e+00  1.0038e-03
 2.3250e+00  1.0665e-03
 2.3290e+00  9.9057e-04
 2.3340e+00  1.1083e-03
 2.3380e+00  1.8685e-03
 2.3420e+00  1.3298e-03
 2.3470e+00  1.6845e-03
 2.3510e+00  1.6316e-03
 2.3560e+00  1.1425e-03
 2.3600e+00  9.1058e-04
 2.3650e+00  1.6614e-03
 2.3690e+00  1.2659e-03
 2.3740e+00  1.6261e-03
 2.3780e+00  1.8200e-03
 2.3830e+00  1.8817e-03
 2.3870e+00  1.8597e-03
 2.3920e+00  1.7958e-03
 2.3960e+00  1.7991e-03
 2.4010e+00  1.4400e-03
 2.4050e+00  1.7628e-03
 2.4100e+00  2.3753e-03
 2.4150e+00  1.5446e-03
 2.4190e+00  1.3837e-03
 2.4240e+00  1.0933e-03
 2.4280e+00  1.0932e-03
 2.4330e+00  1.4069e-03
 2.4380e+00  1.1612e-03
 2.4420e+00  2.1009e-03
 2.4470e+00  2.5427e-03
 2.4510e+00  1.7131e-03
 2.4560e+00  1.5270e-03
 2.4610e+00  1.2989e-03
 2.4650e+00  1.6470e-03
 2.4700e+00  1.1347e-03
 2.4750e+00  1.3683e-03
 2.4790e+00  1.4917e-03
 2.4840e+00  1.6382e-03
 2.4890e+00  1.4399e-03
 2.4930e+00  1.5115e-03
 2.4980e+00  1.4399e-03
 2.5030e+00  1.5765e-03
 2.5070e+00  1.5743e-03
 2.5120e+00  2.0590e-03
 2.5170e+00  2.1835e-03
 2.5220e+00  2.1725e-03
 2.5260e+00  2.1064e-03
 2.5310e+00  1.8344e-03
 2.5360e+00  1.5523e-03
 2.5410e+00  1.6206e-03
 2.5450e+00  1.1568e-03
 2.5500e+00  1.3429e-03
 2.5550e+00  1.0905e-03
 2.5600e+00  1.6272e-03
 2.5650e+00  1.3903e-03
 2.5690e+00  1.4167e-03
 2.5740e+00  1.6602e-03
 2.5790e+00  1.9940e-03
 2.5840e+00  2.1207e-03
 2.5890e+00  1.7428e-03
 2.5940e+00  1.1171e-03
 2.5980e+00  1.1766e-03
 2.6030e+00  1.9235e-03
 2.6080e+00  1.6789e-03
 2.6130e+00  1.9830e-03
 2.6180e+00  1.6228e-03
 2.6230e+00  1.8960e-03
 2.6280e+00  1.0145e-03
 2.6330e+00  1.0827e-03
 2.6380e+00  1.8949e-03
 2.6430e+00  1.1380e-03
 2.6480e+00  1.2724e-03
 2.6520e+00  1.2845e-03
 2.6570e+00  1.8596e-03
 2.6620e+00  2.0447e-03
 2.6670e+00  2.3575e-03
 2.6720e+00  2.3784e-03
 2.6770e+00  2.3971e-03
 2.6820e+00  2.0061e-03
 2.6870e+00  2.1515e-03
 2.6920e+00  1.9786e-03
 2.6970e+00  1.4266e-03
 2.9000e+00  1.0000e+05
 3.3000e+00  1.5710e-03
 3.3070e+00  1.6352e-03
 3.3140e+00  2.3456e-03
 3.3210e+00  2.3777e-03
 3.3290e+00  2.2374e-03
 3.3360e+00  1.7181e-03
 3.3440e+00  1.4916e-03
 3.3510e+00  1.4486e-03
 3.3580e+00  1.5259e-03
 3.3660e+00  1.9072e-03
 3.3730e+00  1.6453e-03
 3.3810e+00  1.4862e-03
 3.3880e+00  1.4089e-03
 3.3950e+00  1.9139e-03
 3.4030e+00  2.5384e-03
 3.4100e+00  2.4058e-03
 3.4180e+00  2.3914e-03
 3.4250e+00  2.3340e-03
 3.4330e+00  2.5230e-03
 3.4400e+00  1.5815e-03
 3.4480e+00  1.1902e-03
 3.4560e+00  1.0370e-03
 3.4630e+00  1.0128e-03
 3.4710e+00  2.1706e-03
 3.4780e+00  2.2745e-03
 3.4860e+00  2.1630e-03
 3.4940e+00  2.4294e-03
 3.5010e+00  2.5642e-03
 3.5090e+00  2.6161e-03
 3.5170e+00  2.4847e-03
 3.5240e+00  2.3244e-03
 3.5320e+00  2.8616e-03
 3.6000e+00  1.0000e+05
 3.9340e+00  2.9478e-03
 3.9430e+00  2.0172e-03
 3.9510e+00  1.8360e-03
 3.9600e+00  1.6867e-03
 3.9680e+00  2.2956e-03
 3.9770e+00  1.7916e-03
 3.9850e+00  1.4114e-03
 3.9940e+00  1.4955e-03
 4.0030e+00  1.8072e-03
 4.0110e+00  3.2341e-03
 4.0200e+00  2.5610e-03
 4.0280e+00  2.7777e-03
 4.0370e+00  3.4176e-03
 4.0460e+00  3.8597e-03
 4.0540e+00  3.1833e-03
 4.0630e+00  2.7435e-03
 4.0720e+00  2.9092e-03
 4.0800e+00  2.3233e-03
 4.0890e+00  2.0814e-03
 4.0980e+00  2.0349e-03
 4.1060e+00  2.0217e-03
 4.1150e+00  2.6849e-03
 4.1240e+00  3.8543e-03
 4.1330e+00  2.9225e-03
 4.1420e+00  1.2479e-03
 4.1510e+00  1.0868e-03
 4.1590e+00  1.0829e-03
 4.1680e+00  1.0924e-03
 4.1770e+00  1.1241e-03
 4.1860e+00  2.1246e-03
 4.1950e+00  2.6694e-03
 4.2040e+00  2.2615e-03
 4.2130e+00  2.2715e-03
 4.2220e+00  2.2980e-03
 4.2310e+00  1.9587e-03
 4.2400e+00  1.8958e-03
 4.2490e+00  2.7004e-03
 4.2580e+00  1.8305e-03
 4.2670e+00  2.0284e-03
 4.2760e+00  1.8770e-03
 4.2850e+00  1.9144e-03
 4.2940e+00  1.9831e-03
 4.3030e+00  2.0859e-03
 4.3120e+00  2.3479e-03
 4.3220e+00  2.6463e-03
 4.3310e+00  2.4252e-03
 4.3400e+00  2.3435e-03
 4.3490e+00  1.3508e-03
 4.3580e+00  1.1396e-03
 4.3680e+00  1.3232e-03
 4.3770e+00  1.9102e-03
 4.3860e+00  1.8216e-03
 4.3950e+00  1.7543e-03
 4.4050e+00  2.4408e-03
 4.4140e+00  2.6464e-03
 4.4230e+00  2.6265e-03
 4.4330e+00  2.7359e-03
 4.4420e+00  2.7094e-03
 4.4520e+00  2.9979e-03
 4.4610e+00  2.6431e-03
 4.4700e+00  2.7559e-03
 4.4800e+00  1.8339e-03
 4.4890e+00  1.6892e-03
 4.4990e+00  1.5752e-03
 4.5080e+00  2.3192e-03
 4.5180e+00  2.2087e-03
 4.5270e+00  2.4364e-03
 4.5370e+00  2.0539e-03
 4.5470e+00  2.6995e-03
 4.5560e+00  2.3513e-03
 4.5660e+00  2.4851e-03
 4.5750e+00  2.5890e-03
 4.5850e+00  1.7821e-03
 4.5950e+00  1.4913e-03
 4.6040e+00  1.0512e-03
 4.6140e+00  1.0541e-03
 4.6240e+00  1.4946e-03
 4.6340e+00  1.5378e-03
 4.6430e+00  1.9744e-03
 4.6530e+00  2.0153e-03
 4.6630e+00  2.0728e-03
 4.6730e+00  2.2186e-03
 4.6830e+00  2.2597e-03
 4.6920e+00  2.3049e-03
 4.7020e+00  1.9479e-03
 4.7120e+00  1.3509e-03
 4.7220e+00  1.8306e-03
 4.7320e+00  1.9380e-03
 4.7420e+00  2.4586e-03
 4.7520e+00  2.7052e-03
 4.7620e+00  3.0191e-03
 4.7720e+00  3.0989e-03
 4.7820e+00  3.2403e-03
 4.7920e+00  2.7173e-03
 4.8020e+00  1.2725e-03
 4.8120e+00  1.1041e-03
 4.8220e+00  1.1398e-03
 4.8330e+00  1.4781e-03
 4.8430e+00  1.8551e-03
 4.8530e+00  3.1595e-03
 4.8630e+00  2.7474e-03
 4.8730e+00  2.6301e-03
 4.8830e+00  2.5781e-03
 4.8940e+00  2.2056e-03
 4.9040e+00  2.0485e-03
 4.9140e+00  1.4759e-03
 4.9250e+00  1.5113e-03
 4.9350e+00  1.4472e-03
 4.9450e+00  1.3797e-03
 4.9560e+00  1.5390e-03
 4.9660e+00  1.7977e-03
 4.9760e+00  1.8286e-03
 4.9870e+00  1.4781e-03
 4.9970e+00  1.4593e-03
 5.0080e+00  1.2350e-03
 5.0180e+00  1.4317e-03
 5.0290e+00  1.7258e-03
 5.0390e+00  1.6064e-03
 5.0500e+00  2.0884e-03
 5.0600e+00  2.5341e-03
 5.0710e+00  2.2211e-03
 5.0820e+00  1.5534e-03
 5.0920e+00  1.2913e-03
 5.1030e+00  1.9226e-03
 5.1140e+00  1.6684e-03
 5.1240e+00  1.5457e-03
 5.1350e+00  1.6418e-03
 5.1460e+00  2.5185e-03
 5.1570e+00  2.1161e-03
 5.1670e+00  2.4346e-03
 5.1780e+00  2.3838e-03
 5.1890e+00  1.7524e-03
 5.2000e+00  2.0056e-03
 5.2110e+00  2.0045e-03
 5.2220e+00  2.1007e-03
 5.2320e+00  2.2721e-03
 5.2430e+00  2.3483e-03
 5.2540e+00  2.4125e-03
 5.2650e+00  2.3020e-03
 5.2760e+00  2.2135e-03
 5.2870e+00  1.7414e-03
 5.2980e+00  1.9304e-03
 5.3090e+00  1.8176e-03
 5.3210e+00  2.0487e-03
 5.3320e+00  1.5645e-03
 5.3430e+00  1.4705e-03
 5.3540e+00  1.5314e-03
 5.3650e+00  1.6485e-03
 5.3760e+00  2.0466e-03
 5.3880e+00  2.2323e-03
 5.3990e+00  2.1449e-03
 5.4100e+00  2.0985e-03
 5.4210e+00  1.1698e-03
 5.4330e+00  1.3213e-03
 5.4440e+00  2.5375e-03
 5.4550e+00  2.5297e-03
 5.4670e+00  2.2998e-03
 5.4780e+00  2.0311e-03
 5.4900e+00  1.6386e-03
 5.5010e+00  1.2793e-03
 5.5120e+00  1.1897e-03
 5.5240e+00  1.4075e-03
 5.5350e+00  1.3633e-03
 5.5470e+00  1.5147e-03
 5.5590e+00  1.7503e-03
 5.5700e+00  1.8388e-03
 5.5820e+00  1.7757e-03
 5.5930e+00  1.9991e-03
 5.6050e+00  2.0300e-03
 5.6170e+00  1.9891e-03
 5.6280e+00  2.3839e-03
 5.6400e+00  2.3363e-03
 5.6520e+00  2.4446e-03
 5.6640e+00  2.1130e-03
 5.6750e+00  2.5475e-03
 5.6870e+00  1.7990e-03
 5.6990e+00  2.5776e-03
 5.7110e+00  1.6022e-03
 5.7230e+00  2.5807e-03
 5.7350e+00  2.6251e-03
 5.7470e+00  2.4879e-03
 5.7590e+00  3.0152e-03
 5.7710e+00  2.3696e-03
 5.7830e+00  2.3331e-03
 5.7950e+00  1.6453e-03
 5.8070e+00  2.0268e-03
 5.8190e+00  1.9980e-03
 5.8310e+00  1.8487e-03
 5.8430e+00  1.8178e-03
 5.8550e+00  1.9494e-03
 5.8670e+00  1.7582e-03
 5.8800e+00  1.5624e-03
 5.8920e+00  1.1887e-03
 5.9040e+00  1.3501e-03
 5.9160e+00  1.3943e-03
 5.9290e+00  1.3280e-03
 5.9410e+00  1.2528e-03
 5.9530e+00  1.1765e-03
 5.9660e+00  1.3070e-03
 5.9780e+00  2.3596e-03
 5.9910e+00  2.5332e-03
 6.0030e+00  2.2070e-03
 6.0150e+00  1.9959e-03
 6.0280e+00  1.7493e-03
 6.0410e+00  1.7515e-03
 6.0530e+00  1.8157e-03
 6.0660e+00  1.4817e-03
 6.0780e+00  2.1164e-03
 6.0910e+00  1.2771e-03
 6.1040e+00  1.3324e-03
 6.1160e+00  1.7350e-03
 6.1290e+00  2.1021e-03
 6.1420e+00  3.0189e-03
 6.1540e+00  3.0906e-03
 6.1670e+00  3.0065e-03
 6.1800e+00  1.9461e-03
 6.1930e+00  2.1562e-03
 6.2060e+00  1.9130e-03
 6.2190e+00  1.1566e-03
 6.2320e+00  2.1109e-03
 6.2450e+00  2.0015e-03
 6.2580e+00  1.2927e-03
 6.2710e+00  1.5901e-03
 6.2840e+00  1.6974e-03
 6.2970e+00  2.2636e-03
 6.3100e+00  2.0955e-03
 6.3230e+00  2.1065e-03
 6.3360e+00  1.7549e-03
 6.3490e+00  1.4839e-03
 6.3620e+00  1.7714e-03
 6.3760e+00  1.8709e-03
 6.3890e+00  2.2746e-03
 6.4020e+00  9.6523e-04
 6.4150e+00  9.3724e-04
 6.4290e+00  1.4275e-03
 6.4420e+00  1.7118e-03
 6.4560e+00  1.9871e-03
 6.4690e+00  2.2603e-03
 6.4820e+00  2.9105e-03
 6.4960e+00  2.9791e-03
 6.5090e+00  2.3100e-03
 6.5230e+00  2.1087e-03
 6.5360e+00  1.4917e-03
 6.5500e+00  1.2650e-03
 6.5640e+00  1.1080e-03
 6.5770e+00  1.3413e-03
 6.5910e+00  1.4917e-03
 6.6050e+00  1.2197e-03
 6.6180e+00  2.6152e-03
 6.6320e+00  2.1375e-03
 6.6460e+00  2.1508e-03
 6.6600e+00  1.4430e-03
 6.6740e+00  1.2750e-03
 6.6870e+00  1.1268e-03
 6.7010e+00  1.1622e-03
 6.7150e+00  1.0882e-03
 6.7290e+00  1.8545e-03
 6.7430e+00  2.0270e-03
 6.7570e+00  1.3922e-03
 6.7710e+00  1.3933e-03
 6.7850e+00  1.1534e-03
 6.8000e+00  1.0936e-03
 6.8140e+00  1.0326e-03
 6.8280e+00  1.7150e-03
 6.8420e+00  2.0999e-03
 6.8560e+00  2.3155e-03
 6.8710e+00  2.3443e-03
 6.8850e+00  2.5245e-03
 6.8990e+00  2.4736e-03
 6.9130e+00  2.1784e-03
 6.9280e+00  1.9418e-03
 6.9420e+00  1.2473e-03
 6.9570e+00  1.3723e-03
 6.9710e+00  1.9972e-03
 6.9860e+00  2.3477e-03
 7.0000e+00  3.0212e-03
 7.0150e+00  2.7612e-03
 7.0290e+00  1.5083e-03
 7.0440e+00  1.2507e-03
 7.0590e+00  1.2529e-03
 7.0730e+00  9.3936e-04
 7.0880e+00  9.6891e-04
 7.1030e+00  1.5161e-03
 7.1180e+00  2.6551e-03
 7.1320e+00  3.1250e-03
 7.1470e+00  3.3959e-03
 7.1620e+00  2.2559e-03
 7.1770e+00  1.3325e-03
 7.1920e+00  1.3579e-03
 7.2070e+00  8.2758e-04
 7.2220e+00  1.7682e-03
 7.2370e+00  1.9872e-03
 7.2520e+00  2.6263e-03
 7.2670e+00  2.6429e-03
 7.2820e+00  2.2658e-03
 7.2980e+00  2.0712e-03
 7.3130e+00  2.2083e-03
 7.3280e+00  1.0358e-03
 7.3430e+00  2.0480e-03
 7.3590e+00  2.2680e-03
 7.3740e+00  2.5025e-03
 7.3890e+00  2.3520e-03
 7.4050e+00  2.4813e-03
 7.4200e+00  2.2911e-03
 7.4360e+00  1.8434e-03
 7.4510e+00  1.4586e-03
 7.4670e+00  1.2551e-03
 7.4820e+00  1.0168e-03
 7.4980e+00  1.0747e-03
 7.5130e+00  1.1257e-03
 7.5290e+00  1.6443e-03
 7.5450e+00  3.8980e-03
 7.5610e+00  1.8445e-03
 7.5760e+00  1.4575e-03
 7.5920e+00  1.2054e-03
 7.6080e+00  9.3319e-04
 7.6240e+00  1.4862e-03
 7.6400e+00  1.7472e-03
 7.6560e+00  2.5380e-03
 7.6720e+00  2.6894e-03
 7.6880e+00  2.4991e-03
 7.7040e+00  2.3465e-03
 7.7200e+00  2.0137e-03
 7.7360e+00  1.0638e-03
 7.7520e+00  1.1766e-03
 7.7680e+00  1.2098e-03
 7.7850e+00  1.3093e-03
 7.8010e+00  1.5537e-03
 7.8170e+00  2.1331e-03
 7.8340e+00  1.7815e-03
 7.8500e+00  1.8345e-03
 7.8660e+00  1.9208e-03
 7.8830e+00  1.8567e-03
 7.8990e+00  1.4586e-03
 7.9160e+00  1.9418e-03
 7.9320e+00  1.8843e-03
 7.9490e+00  1.6123e-03
 7.9660e+00  1.8899e-03
 7.9820e+00  1.3104e-03
 7.9990e+00  1.5647e-03
 8.0160e+00  1.3469e-03
 8.0320e+00  1.8998e-03
 8.0490e+00  2.0093e-03
 8.0660e+00  2.0060e-03
 8.0830e+00  1.8047e-03
 8.1000e+00  1.2684e-03
 8.1170e+00  1.4564e-03
 8.1340e+00  1.3956e-03
 8.1510e+00  1.4730e-03
 8.1680e+00  1.4840e-03
 8.1850e+00  1.6444e-03
 8.2020e+00  1.6355e-03
 8.2190e+00  1.7251e-03
 8.2370e+00  1.7682e-03
 8.2540e+00  1.9805e-03
 8.2710e+00  2.0370e-03
 8.2890e+00  2.3643e-03
 8.3060e+00  2.0535e-03
 8.3230e+00  2.0104e-03
 8.3410e+00  1.7893e-03
 8.3580e+00  1.9164e-03
 8.3760e+00  2.0634e-03
 8.3930e+00  2.6164e-03
 8.4110e+00  2.5933e-03
 8.4290e+00  2.5058e-03
 8.4460e+00  2.5633e-03
 8.4640e+00  1.6642e-03
 8.4820e+00  1.9938e-03
 8.5000e+00  1.6953e-03
 8.5180e+00  1.2496e-03
 8.5350e+00  1.2429e-03
 8.5530e+00  1.5814e-03
 8.5710e+00  2.2637e-03
 8.5890e+00  2.5313e-03
 8.6070e+00  2.5876e-03
 8.6260e+00  2.6064e-03
 8.6440e+00  2.6739e-03
 8.6620e+00  1.9750e-03
 8.6800e+00  2.1995e-03
 8.6980e+00  3.1527e-03
 8.7170e+00  4.0120e-03
 8.7350e+00  2.3079e-03
 8.7530e+00  9.7953e-04
 8.7720e+00  7.3426e-04
 8.7900e+00  8.0695e-04
 8.8090e+00  9.7262e-04
 8.8270e+00  3.1716e-03
 9.1000e+00  1.0000e+05
 1.0690e+01  1.8146e-03
 1.0710e+01  2.8676e-03
 1.0740e+01  2.4309e-03
 1.0760e+01  1.7515e-03
 1.0780e+01  1.1750e-03
 1.0810e+01  1.3458e-03
 1.0830e+01  1.5354e-03
 1.0850e+01  2.1029e-03
 1.0880e+01  2.8835e-03
 1.0900e+01  3.1861e-03
 1.0920e+01  2.7848e-03
 1.0950e+01  2.6784e-03
 1.0970e+01  2.2150e-03
 1.0990e+01  1.6596e-03
 1.1020e+01  1.7261e-03
 1.1040e+01  7.1439e-04
 1.1060e+01  2.0077e-03
 1.1090e+01  1.8602e-03
 1.1110e+01  2.0111e-03
 1.1140e+01  2.4857e-03
 1.1160e+01  2.7606e-03
 1.1180e+01  2.5444e-03
 1.1210e+01  1.7850e-03
 1.1230e+01  1.5167e-03
 1.1260e+01  1.3937e-03
 1.1280e+01  1.2085e-03
 1.1310e+01  1.7030e-03
 1.1330e+01  1.6331e-03
 1.1350e+01  1.3948e-03
 1.1380e+01  1.3948e-03
 1.1400e+01  1.0455e-03
 1.1430e+01  1.0766e-03
 1.1450e+01  8.7304e-04
 1.1480e+01  8.6617e-04
 1.1500e+01  1.9027e-03
 1.1530e+01  2.3252e-03
 1.1550e+01  2.0968e-03
 1.1580e+01  1.7708e-03
 1.1600e+01  9.6104e-04
 1.1630e+01  1.3572e-03
 1.1650e+01  7.9229e-04
 1.1680e+01  7.8057e-04
 1.1710e+01  9.4222e-04
 1.1730e+01  1.5768e-03
 1.1760e+01  1.3772e-03
 1.1780e+01  2.0703e-03
 1.1810e+01  1.7455e-03
 1.1830e+01  2.1947e-03
 1.1860e+01  2.0173e-03
 1.1880e+01  1.0584e-03
 1.1910e+01  9.3114e-04
 1.1940e+01  8.7883e-04
 1.1960e+01  9.8388e-04
 1.1990e+01  9.1535e-04
 1.2020e+01  9.7058e-04
 1.2040e+01  1.1513e-03
 1.2070e+01  1.5351e-03
 1.2090e+01  2.0398e-03
 1.2120e+01  2.5256e-03
 1.2150e+01  2.6255e-03
 1.2170e+01  3.0015e-03
 1.2200e+01  2.0864e-03
 1.2230e+01  1.3211e-03
 1.2250e+01  8.9164e-04
 1.2280e+01  8.8900e-04
 1.2310e+01  9.2561e-04
 1.2330e+01  1.1870e-03
 1.2360e+01  1.1560e-03
 1.2390e+01  2.3940e-03
 1.2420e+01  2.2165e-03
 1.2440e+01  1.7994e-03
 1.2470e+01  1.4123e-03
 1.2500e+01  1.0794e-03
 1.2530e+01  8.9898e-04
 1.2550e+01  8.4086e-04
 1.2580e+01  1.2515e-03
 1.2610e+01  1.0570e-03
 1.2640e+01  2.1446e-03
 1.2660e+01  1.9405e-03
 1.2690e+01  1.6864e-03
 1.2720e+01  1.9582e-03
 1.2750e+01  1.8695e-03
 1.2780e+01  1.8440e-03
 1.2800e+01  1.3270e-03
 1.2830e+01  9.7772e-04
 1.2860e+01  1.0682e-03
 1.2890e+01  1.6100e-03
 1.2920e+01  1.0926e-03
 1.2950e+01  1.7110e-03
 1.2980e+01  1.9419e-03
 1.3000e+01  2.0961e-03
 1.3030e+01  2.1504e-03
 1.3060e+01  1.9130e-03
 1.3090e+01  1.4780e-03
 1.3120e+01  1.1873e-03
 1.3150e+01  1.0426e-03
 1.3180e+01  1.0752e-03
 1.3210e+01  1.3283e-03
 1.3240e+01  1.1463e-03
 1.3270e+01  1.1629e-03
 1.3300e+01  1.2395e-03
 1.3320e+01  1.5270e-03
 1.3350e+01  1.4692e-03
 1.3380e+01  1.5458e-03
 1.3410e+01  1.5369e-03
 1.3440e+01  1.3361e-03
 1.3470e+01  1.6923e-03
 1.3500e+01  1.3039e-03
 1.3530e+01  1.9831e-03
 1.3560e+01  2.0575e-03
 1.3590e+01  2.2915e-03
 1.3620e+01  2.4226e-03
 1.3650e+01  1.8733e-03
 1.3690e+01  1.8366e-03
 1.3720e+01  1.9077e-03
 1.3750e+01  1.6769e-03
 1.3780e+01  1.5038e-03
 1.3810e+01  1.8478e-03
 1.3840e+01  1.1060e-03
 1.3870e+01  9.8082e-04
 1.3900e+01  1.1719e-03
 1.3930e+01  1.2174e-03
 1.3960e+01  1.9300e-03
 1.3990e+01  2.3450e-03
 1.4030e+01  2.2785e-03
 1.4060e+01  9.5701e-04
 1.4090e+01  9.3815e-04
 1.4120e+01  1.2164e-03
 1.4150e+01  1.1187e-03
 1.4180e+01  1.0733e-03
 1.4220e+01  9.1827e-04
 1.4250e+01  1.1887e-03
 1.4280e+01  1.0957e-03
 1.4310e+01  1.1664e-03
 1.4340e+01  1.6936e-03
 1.4380e+01  1.9656e-03
 1.4410e+01  1.9745e-03
 1.4440e+01  2.0911e-03
 1.4470e+01  2.3352e-03
 1.4510e+01  2.4928e-03
 1.4540e+01  2.2731e-03
 1.4570e+01  2.4019e-03
 1.4610e+01  2.1121e-03
 1.4640e+01  1.5228e-03
 1.4670e+01  1.3075e-03
 1.4710e+01  1.0817e-03
 1.4740e+01  9.8606e-04
 1.4770e+01  1.4262e-03
 1.4810e+01  2.1544e-03
 1.4840e+01  2.1799e-03
 1.4870e+01  2.0822e-03
 1.4910e+01  1.6605e-03
 1.4940e+01  1.4030e-03
 1.4970e+01  1.0035e-03
 1.5010e+01  1.0033e-03
 1.5040e+01  1.0861e-03
 1.5080e+01  1.1987e-03
 1.5110e+01  1.4541e-03
 1.5150e+01  2.7938e-03
 1.5180e+01  3.0557e-03
 1.5210e+01  2.1222e-03
 1.5250e+01  2.0068e-03
 1.5280e+01  1.7238e-03
 1.5320e+01  8.3214e-04
 1.5350e+01  1.2121e-03
 1.5390e+01  1.2177e-03
 1.5420e+01  1.2610e-03
 1.5460e+01  1.3676e-03
 1.5490e+01  2.1491e-03
 1.5530e+01  2.2634e-03
 1.5570e+01  1.6673e-03
 1.5600e+01  1.2433e-03
 1.5640e+01  9.6265e-04
 1.5670e+01  1.2355e-03
 1.5710e+01  1.4653e-03
 1.5740e+01  1.5441e-03
 1.5780e+01  1.6207e-03
 1.5820e+01  2.0214e-03
 1.5850e+01  2.1879e-03
 1.5890e+01  2.4500e-03
 1.5930e+01  1.3255e-03
 1.5960e+01  1.8139e-03
 1.6000e+01  1.1028e-03
 1.6040e+01  1.1112e-03
 1.6070e+01  2.4889e-03
 1.6110e+01  2.3879e-03
 1.6150e+01  2.2469e-03
 1.6190e+01  2.2369e-03
 1.6220e+01  1.9738e-03
 1.6260e+01  1.6319e-03
 1.6300e+01  1.3011e-03
 1.6340e+01  1.2267e-03
 1.6370e+01  1.2089e-03
 1.6410e+01  1.0237e-03
 1.6450e+01  2.0649e-03
 1.6490e+01  1.6120e-03
 1.6530e+01  2.6079e-03
 1.6560e+01  2.2726e-03
 1.6600e+01  2.5190e-03
 1.6640e+01  2.2326e-03
 1.6680e+01  1.4133e-03
 1.6720e+01  1.2634e-03
 1.6760e+01  6.3715e-04
 1.6800e+01  9.2128e-04
 1.6840e+01  1.3400e-03
 1.6880e+01  1.5520e-03
 1.6910e+01  2.8088e-03
 1.6950e+01  2.9144e-03
 1.6990e+01  2.4280e-03
 1.7030e+01  1.7142e-03
 1.7070e+01  1.3445e-03
 1.7110e+01  8.4001e-04
 1.7150e+01  8.4934e-04
 1.7190e+01  9.0198e-04
 1.7230e+01  1.1169e-03
 1.7270e+01  1.5366e-03
 1.7310e+01  2.5002e-03
 1.7360e+01  2.8623e-03
 1.7400e+01  2.8379e-03
 1.7440e+01  1.5044e-03
 1.7480e+01  1.3068e-03
 1.7520e+01  9.2206e-04
 1.7560e+01  7.9372e-04
 1.7600e+01  1.0944e-03
 1.7640e+01  1.3723e-03
 1.7680e+01  2.3838e-03
 1.7730e+01  2.4139e-03
 1.7770e+01  2.5382e-03
 1.7810e+01  2.6047e-03
 1.7850e+01  2.5670e-03
 1.7890e+01  2.3649e-03
 1.7940e+01  2.1062e-03
 1.7980e+01  8.8836e-04
 1.8020e+01  8.7859e-04
 1.8060e+01  1.3546e-03
 1.8110e+01  1.0033e-03
 1.8150e+01  2.4806e-03
 1.8190e+01  1.7733e-03
 1.8240e+01  2.3584e-03
 1.8280e+01  1.5212e-03
 1.8320e+01  1.3901e-03
 1.8370e+01  1.3258e-03
 1.8410e+01  1.5001e-03
 1.8450e+01  1.3069e-03
 1.8500e+01  2.1275e-03
 1.8540e+01  2.1319e-03
 1.8590e+01  2.1919e-03
 1.8630e+01  1.3280e-03
 1.8680e+01  1.4290e-03
 1.8720e+01  1.7322e-03
 1.8770e+01  1.7678e-03
 1.8810e+01  1.8077e-03
 1.8860e+01  1.1077e-03
 1.8900e+01  1.1937e-03
 1.8950e+01  1.6501e-03
 1.8990e+01  1.9943e-03
 1.9040e+01  2.9582e-03
 1.9080e+01  2.3275e-03
 1.9130e+01  2.0543e-03
 1.9170e+01  1.9355e-03
 1.9220e+01  1.6113e-03
 1.9270e+01  1.3037e-03
 1.9310e+01  1.2515e-03
 1.9360e+01  1.6480e-03
 1.9410e+01  1.7690e-03
 1.9450e+01  2.0744e-03
 1.9500e+01  1.9844e-03
 1.9550e+01  1.4825e-03
 1.9600e+01  1.2993e-03
 1.9640e+01  1.3226e-03
 1.9690e+01  1.3182e-03
 1.9740e+01  1.3393e-03
 1.9790e+01  1.6369e-03
 1.9830e+01  1.6291e-03
 1.9880e+01  1.3904e-03
 1.9930e+01  1.1494e-03
 1.9980e+01  1.2505e-03
 2.0030e+01  1.1172e-03
 2.0080e+01  1.9869e-03
 2.0130e+01  2.0523e-03
 2.0170e+01  2.2756e-03
 2.0220e+01  2.2723e-03
 2.0270e+01  2.2212e-03
 2.0320e+01  1.7392e-03
 2.0370e+01  1.4649e-03
 2.0420e+01  1.4549e-03
 2.0470e+01  1.7214e-03
 2.0520e+01  1.7680e-03
 2.0570e+01  2.5744e-03
 2.0620e+01  1.8370e-03
 2.0670e+01  1.8481e-03
 2.0720e+01  1.6404e-03
 2.0780e+01  1.8302e-03
 2.0830e+01  1.5082e-03
 2.0880e+01  1.4704e-03
 2.0930e+01  1.4782e-03
 2.0980e+01  1.5793e-03
 2.1030e+01  1.4327e-03
 2.1080e+01  1.9824e-03
 2.1140e+01  2.3734e-03
 2.1190e+01  2.2657e-03
 2.1240e+01  2.2891e-03
 2.1290e+01  2.2781e-03
 2.1350e+01  2.4113e-03
 2.1400e+01  2.0558e-03
 2.1450e+01  1.8271e-03
 2.1510e+01  1.7193e-03
 2.1560e+01  1.5960e-03
 2.1610e+01  1.5139e-03
 2.1670e+01  1.3650e-03
 2.1720e+01  1.8660e-03
 2.1780e+01  2.1415e-03
 2.1830e+01  2.8568e-03
 2.1880e+01  2.8667e-03
 2.1940e+01  1.7893e-03
 2.1990e+01  1.8904e-03
 2.2050e+01  1.7583e-03
 2.2100e+01  1.6050e-03
 2.2160e+01  1.1452e-03
 2.2210e+01  1.6961e-03
 2.2270e+01  1.6750e-03
 2.2330e+01  1.6372e-03
 2.2380e+01  1.0966e-03
 2.2440e+01  1.7983e-03
 2.2500e+01  2.2649e-03
 2.2550e+01  1.2430e-03
 2.2610e+01  1.3252e-03
 2.2670e+01  1.2418e-03
 2.2720e+01  1.3129e-03
 2.2780e+01  1.2307e-03
 2.2840e+01  1.5396e-03
 2.2900e+01  1.5284e-03
 2.2950e+01  1.5495e-03
 2.3010e+01  1.4063e-03
 2.3070e+01  1.7873e-03
 2.3130e+01  2.3604e-03
 2.3190e+01  2.3405e-03
 2.3250e+01  2.4826e-03
 2.3310e+01  2.4104e-03
 2.3370e+01  1.9295e-03
 2.3430e+01  2.1639e-03
 2.3490e+01  2.1317e-03
 2.3550e+01  2.2694e-03
 2.3610e+01  2.2449e-03
 2.3670e+01  2.2549e-03
 2.3730e+01  2.1859e-03
 2.3790e+01  2.1538e-03
 2.3850e+01  2.0306e-03
 2.3910e+01  1.8706e-03
 2.3970e+01  1.7928e-03
 2.4030e+01  2.3726e-03
 2.4090e+01  1.7218e-03
 2.4160e+01  1.5419e-03
 2.4220e+01  1.9806e-03
 2.4280e+01  1.6851e-03
 2.4340e+01  1.5885e-03
 2.4410e+01  1.6007e-03
 2.4470e+01  1.6651e-03
 2.4530e+01  1.8229e-03
 2.4600e+01  2.2840e-03
 2.4660e+01  2.0440e-03
 2.4720e+01  1.6907e-03
 2.4790e+01  1.6807e-03
 2.4850e+01  2.0496e-03
 2.4920e+01  2.0218e-03
 2.4980e+01  2.1284e-03
 2.5050e+01  2.2739e-03
 2.5110e+01  2.7671e-03
 2.5180e+01  2.6083e-03
 2.5240e+01  2.5928e-03
 2.5310e+01  2.4129e-03
 2.5380e+01  2.1285e-03
 2.5440e+01  1.0907e-03
 2.5510e+01  1.2242e-03
 2.5580e+01  1.5208e-03
 2.5640e+01  1.9863e-03
 2.5710e+01  2.2584e-03
 2.5780e+01  2.3307e-03
 2.5850e+01  3.2761e-03
 2.5920e+01  2.1241e-03
 2.5980e+01  1.9608e-03
 2.6050e+01  1.8931e-03
 2.6120e+01  1.8408e-03
 2.6190e+01  1.4986e-03
 2.6260e+01  1.5053e-03
 2.6330e+01  1.5520e-03
 2.6400e+01  1.4532e-03
 2.6470e+01  2.3775e-03
 2.6540e+01  2.4308e-03
 2.6610e+01  2.3219e-03
 2.6680e+01  2.4242e-03
 2.6750e+01  1.2432e-03
 2.6830e+01  1.1666e-03
 2.6900e+01  1.1510e-03
 2.6970e+01  1.6309e-03
 2.7040e+01  1.8142e-03
 2.7110e+01  1.5132e-03
 2.7190e+01  2.9020e-03
 2.7260e+01  2.2076e-03
 2.7330e+01  2.3120e-03
 2.7410e+01  2.5920e-03
 2.7480e+01  2.6253e-03
 2.7550e+01  2.5809e-03
 2.7630e+01  2.4286e-03
 2.7700e+01  1.4021e-03
 2.7780e+01  2.0687e-03
 2.7850e+01  2.2320e-03
 2.7930e+01  1.6533e-03
 2.8010e+01  1.5955e-03
 2.8080e+01  1.5377e-03
 2.8160e+01  1.6421e-03
 2.8230e+01  1.8143e-03
 2.8310e+01  2.4043e-03
 2.8390e+01  2.7021e-03
 2.8470e+01  2.7732e-03
 2.8540e+01  2.4788e-03
 2.8620e+01  2.5154e-03
 2.8700e+01  2.5099e-03
 2.8780e+01  2.2678e-03
 2.8860e+01  2.4944e-03
 2.8940e+01  2.5133e-03
 2.9020e+01  2.5699e-03
 2.9100e+01  2.0955e-03
 2.9180e+01  3.0011e-03
 2.9260e+01  3.0555e-03
 2.9340e+01  3.2821e-03
 2.9420e+01  2.7010e-03
 2.9500e+01  2.7677e-03
 2.9580e+01  2.2188e-03
 2.9670e+01  1.9344e-03
 2.9750e+01  1.6699e-03
 2.9830e+01  1.5233e-03
 2.9910e+01  1.5556e-03
 3.0000e+01  1.5367e-03
 3.0080e+01  1.6400e-03
 3.0170e+01  2.0845e-03
 3.0250e+01  2.2711e-03
 3.0340e+01  2.1967e-03
 3.0420e+01  3.2022e-03
 3.0510e+01  2.4745e-03
 3.0590e+01  2.2845e-03
 3.0680e+01  1.7934e-03
 3.0770e+01  1.6145e-03
 3.0850e+01  1.7478e-03
 3.0940e+01  1.6545e-03
 3.1030e+01  1.3367e-03
 3.1110e+01  2.0067e-03
 3.1200e+01  2.2201e-03
 3.1290e+01  2.5412e-03
 3.1380e+01  3.9734e-03
 3.1470e+01  3.3268e-03
 3.1560e+01  1.6601e-03
 3.1650e+01  1.6190e-03
 3.1740e+01  1.4224e-03
 3.1830e+01  1.4079e-03
 3.1920e+01  1.3679e-03
 3.2010e+01  1.4501e-03
 3.2110e+01  1.6001e-03
 3.2200e+01  1.9635e-03
 3.2290e+01  2.6646e-03
 3.2380e+01  2.9926e-03
 3.2480e+01  3.0292e-03
 3.2570e+01  2.8881e-03
 3.2670e+01  1.4823e-03
 3.2760e+01  1.6190e-03
 3.2860e+01  2.1312e-03
 3.2950e+01  2.4180e-03
 3.3050e+01  2.9403e-03
 3.3140e+01  2.9803e-03
 3.3240e+01  2.7336e-03
 3.3340e+01  2.6980e-03
 3.3440e+01  2.0679e-03
 3.3530e+01  1.2501e-03
 3.3630e+01  1.1801e-03
 3.3730e+01  1.7357e-03
 3.3830e+01  1.8313e-03
 3.3930e+01  1.8746e-03
 3.4030e+01  2.6981e-03
 3.4130e+01  2.8014e-03
 3.4230e+01  2.4136e-03
 3.4330e+01  2.3802e-03
 3.4440e+01  2.1424e-03
 3.4540e+01  1.9080e-03
 3.4640e+01  2.0069e-03
 3.4750e+01  2.7593e-03
 3.4850e+01  2.9837e-03
 3.4950e+01  3.6238e-03
 3.5060e+01  2.8138e-03
 3.5160e+01  2.5070e-03
 3.5270e+01  1.7669e-03
 3.5380e+01  2.8549e-03
 3.5480e+01  2.6071e-03
 3.5590e+01  1.9714e-03
 3.5700e+01  2.7193e-03
 3.5800e+01  3.1149e-03
 3.5910e+01  3.4304e-03
 3.6020e+01  3.8205e-03
 3.6130e+01  3.4272e-03
 3.6240e+01  2.4226e-03
 3.6350e+01  2.4993e-03
 3.6460e+01  2.0959e-03
 3.6580e+01  1.9681e-03
 3.6690e+01  2.8149e-03
 3.6800e+01  2.0892e-03
 3.6910e+01  2.3281e-03
 3.7030e+01  3.0927e-03
 3.7140e+01  2.6015e-03
 3.7260e+01  2.7738e-03
 3.7370e+01  2.2370e-03
 3.7490e+01  1.9370e-03
 3.7610e+01  2.3881e-03
 3.7720e+01  3.9838e-03
 3.7840e+01  3.6272e-03
 3.7960e+01  2.8993e-03
 3.8080e+01  3.2805e-03
 3.8200e+01  3.2993e-03
 3.8320e+01  1.4769e-03
 3.8440e+01  1.5213e-03
 3.8560e+01  2.3881e-03
 3.8680e+01  2.6703e-03
 3.8800e+01  3.1382e-03
 3.8930e+01  2.4815e-03
 3.9050e+01  2.1580e-03
 3.9170e+01  1.7846e-03
 3.9300e+01  1.9969e-03
 3.9420e+01  1.7335e-03
 3.9550e+01  1.9891e-03
 3.9680e+01  2.0969e-03
 3.9800e+01  2.0946e-03
 3.9930e+01  1.8657e-03
 4.0060e+01  1.6857e-03
 4.0190e+01  1.7602e-03
 4.0320e+01  2.0713e-03
 4.0450e+01  2.1280e-03
 4.0580e+01  4.4137e-03
 4.0710e+01  4.3048e-03
 4.0850e+01  3.6547e-03
 4.0980e+01  1.8134e-03
 4.1110e+01  2.6023e-03
 4.1250e+01  2.4256e-03
 4.1380e+01  2.4512e-03
 4.1520e+01  3.1734e-03
 4.1660e+01  3.1256e-03
 4.1800e+01  3.2689e-03
 4.1930e+01  2.8089e-03
 4.2070e+01  2.7289e-03
 4.2210e+01  2.2134e-03
 4.2350e+01  2.9644e-03
 4.2500e+01  3.1909e-03
 4.2640e+01  3.1865e-03
 4.2780e+01  3.0899e-03
 4.2920e+01  2.8521e-03
 4.3070e+01  2.5998e-03
 4.3220e+01  2.3432e-03
 4.3360e+01  2.2343e-03
 4.3510e+01  2.1732e-03
 4.3660e+01  2.1365e-03
 4.3810e+01  2.1320e-03
 4.3950e+01  3.3807e-03
 4.4110e+01  2.4420e-03
 4.4260e+01  3.2386e-03
 4.4410e+01  3.4073e-03
 4.4560e+01  3.1562e-03
 4.4720e+01  2.3141e-03
 4.4870e+01  2.1552e-03
 4.5030e+01  1.6175e-03
 4.5180e+01  2.3596e-03
 4.5340e+01  2.4729e-03
 4.5500e+01  4.3636e-03
 4.5660e+01  3.9214e-03
 4.5820e+01  3.9114e-03
 4.5980e+01  3.7324e-03
 4.6140e+01  3.1559e-03
 4.6310e+01  2.7181e-03
 4.6470e+01  3.0492e-03
 4.6640e+01  2.8869e-03
 4.6800e+01  2.7613e-03
 4.6970e+01  2.6669e-03
 4.7140e+01  2.4702e-03
 4.7310e+01  2.4370e-03
 4.7480e+01  2.5357e-03
 4.7650e+01  2.7622e-03
 4.7820e+01  3.5829e-03
 4.8000e+01  2.6999e-03
 4.8170e+01  2.4956e-03
 4.8350e+01  2.8319e-03
 4.8530e+01  2.4809e-03
 4.8700e+01  3.4559e-03
 4.8880e+01  2.7262e-03
 4.9070e+01  2.7072e-03
 4.9250e+01  2.4341e-03
 4.9430e+01  2.3252e-03
 4.9610e+01  2.0153e-03
 4.9800e+01  2.4816e-03
 4.9990e+01  2.5737e-03
 5.0180e+01  2.9201e-03
 5.0360e+01  2.9878e-03
 5.0560e+01  2.8955e-03
 5.0750e+01  2.6234e-03
 5.0940e+01  2.5278e-03
 5.1140e+01  2.5466e-03
 5.1330e+01  2.6920e-03
 5.1530e+01  2.9816e-03
 5.1730e+01  3.9727e-03
 5.1930e+01  4.2746e-03
 5.2130e+01  4.3388e-03
 5.2330e+01  4.2809e-03
 5.2540e+01  4.0998e-03
 5.2740e+01  3.8865e-03
 5.2950e+01  2.7412e-03
 5.3160e+01  2.8654e-03
 5.3370e+01  2.6155e-03
 5.3580e+01  2.5033e-03
 5.3800e+01  2.3822e-03
 5.4010e+01  2.3932e-03
 5.4230e+01  2.3165e-03
 5.4450e+01  2.3696e-03
 5.4670e+01  2.1854e-03
 5.4890e+01  2.2740e-03
 5.5110e+01  2.3915e-03
 5.5340e+01  3.4905e-03
 5.5570e+01  3.8820e-03
 5.5800e+01  3.9860e-03
 5.6030e+01  3.6720e-03
 5.6260e+01  2.8811e-03
 5.6490e+01  3.9421e-03
 5.6730e+01  4.2511e-03
 5.6970e+01  4.4881e-03
 5.7210e+01  4.5333e-03
 5.7450e+01  4.7724e-03
 5.7700e+01  3.6647e-03
 5.7940e+01  3.2457e-03
 5.8190e+01  3.2610e-03
 5.8440e+01  3.0934e-03
 5.8690e+01  3.1552e-03
 5.8950e+01  3.3336e-03
 5.9210e+01  3.8088e-03
 5.9470e+01  3.2145e-03
 5.9730e+01  3.0438e-03
 5.9990e+01  2.9725e-03
 6.0260e+01  3.0664e-03
 6.0530e+01  2.6852e-03
 6.0800e+01  3.2543e-03
 6.1070e+01  3.5619e-03
 6.1350e+01  3.9416e-03
 6.1630e+01  4.1351e-03
 6.1910e+01  4.1393e-03
 6.2200e+01  5.0526e-03
 6.2480e+01  4.6150e-03
 6.2770e+01  4.1475e-03
 6.3060e+01  4.2290e-03
 6.3360e+01  2.4443e-03
 6.3660e+01  2.6168e-03
 6.3960e+01  3.3216e-03
 6.4260e+01  3.3522e-03
 6.4570e+01  4.1100e-03
 6.4880e+01  4.9107e-03
 6.5200e+01  5.1336e-03
 6.5510e+01  4.2812e-03
 6.5830e+01  3.9956e-03
 6.6160e+01  4.5230e-03
 6.6480e+01  4.0130e-03
 6.6820e+01  3.1312e-03
 6.7150e+01  1.9332e-03
 6.7490e+01  3.4956e-03
 6.7830e+01  5.0202e-03
 6.8180e+01  5.6543e-03
 6.8530e+01  6.1069e-03
 6.8880e+01  3.6599e-03
 6.9240e+01  2.7542e-03
 6.9600e+01  2.5693e-03
