#      mass       lower
 2.1410e-01  3.2815e-04
 2.1420e-01  2.9472e-04
 2.1430e-01  1.7326e-04
 2.1450e-01  1.4091e-04
 2.1460e-01  1.2356e-04
 2.1470e-01  1.7045e-04
 2.1490e-01  2.5810e-04
 2.1500e-01  3.6041e-04
 2.1520e-01  4.0158e-04
 2.1530e-01  3.2329e-04
 2.1550e-01  3.1252e-04
 2.1560e-01  2.2407e-04
 2.1580e-01  2.0376e-04
 2.1590e-01  2.0851e-04
 2.1610e-01  2.2979e-04
 2.1620e-01  2.3571e-04
 2.1640e-01  3.3953e-04
 2.1660e-01  2.6917e-04
 2.1670e-01  2.5541e-04
 2.1690e-01  2.7730e-04
 2.1710e-01  3.0304e-04
 2.1730e-01  3.3082e-04
 2.1750e-01  4.0429e-04
 2.1770e-01  2.5350e-04
 2.1780e-01  1.5937e-04
 2.1800e-01  2.2381e-04
 2.1820e-01  1.5963e-04
 2.1840e-01  1.3996e-04
 2.1860e-01  1.3514e-04
 2.1880e-01  1.9733e-04
 2.1910e-01  2.8073e-04
 2.1930e-01  3.4016e-04
 2.1950e-01  3.6599e-04
 2.1970e-01  3.6685e-04
 2.1990e-01  3.6487e-04
 2.2010e-01  3.6174e-04
 2.2040e-01  3.8004e-04
 2.2060e-01  3.8579e-04
 2.2080e-01  3.3904e-04
 2.2110e-01  3.3760e-04
 2.2130e-01  3.3020e-04
 2.2160e-01  2.9209e-04
 2.2180e-01  1.9024e-04
 2.2200e-01  2.7722e-04
 2.2230e-01  2.0120e-04
 2.2260e-01  3.1127e-04
 2.2280e-01  3.1224e-04
 2.2310e-01  2.6669e-04
 2.2330e-01  2.5679e-04
 2.2360e-01  2.1365e-04
 2.2390e-01  1.9831e-04
 2.2410e-01  1.9368e-04
 2.2440e-01  2.2546e-04
 2.2470e-01  2.3557e-04
 2.2500e-01  2.9516e-04
 2.2530e-01  3.4943e-04
 2.2560e-01  3.8701e-04
 2.2590e-01  3.3275e-04
 2.2620e-01  2.6916e-04
 2.2650e-01  2.8031e-04
 2.2680e-01  1.9041e-04
 2.2710e-01  1.8912e-04
 2.2740e-01  2.1764e-04
 2.2770e-01  2.9266e-04
 2.2800e-01  2.3981e-04
 2.2830e-01  2.8853e-04
 2.2860e-01  3.7782e-04
 2.2900e-01  4.5040e-04
 2.2930e-01  3.8731e-04
 2.2960e-01  3.6763e-04
 2.3000e-01  3.2682e-04
 2.3030e-01  3.0117e-04
 2.3060e-01  2.8499e-04
 2.3100e-01  2.8579e-04
 2.3130e-01  3.1561e-04
 2.3170e-01  3.3193e-04
 2.3200e-01  3.0724e-04
 2.3240e-01  2.8672e-04
 2.3270e-01  1.9152e-04
 2.3310e-01  1.7114e-04
 2.3350e-01  1.7393e-04
 2.3380e-01  2.1561e-04
 2.3420e-01  2.6753e-04
 2.3460e-01  3.1948e-04
 2.3500e-01  3.9202e-04
 2.3530e-01  3.3892e-04
 2.3570e-01  3.4410e-04
 2.3610e-01  3.0595e-04
 2.3650e-01  4.0942e-04
 2.3690e-01  4.2116e-04
 2.3730e-01  3.9851e-04
 2.3770e-01  2.9270e-04
 2.3810e-01  2.8354e-04
 2.3850e-01  3.4545e-04
 2.3890e-01  3.7437e-04
 2.3930e-01  2.8392e-04
 2.3980e-01  2.5162e-04
 2.4020e-01  2.5084e-04
 2.4060e-01  2.6495e-04
 2.4100e-01  3.5137e-04
 2.4150e-01  3.2346e-04
 2.4190e-01  2.8928e-04
 2.4230e-01  1.8608e-04
 2.4280e-01  2.2716e-04
 2.4320e-01  2.0130e-04
 2.4370e-01  2.4272e-04
 2.4410e-01  3.3491e-04
 2.4460e-01  3.7789e-04
 2.4500e-01  4.6997e-04
 2.4550e-01  4.3826e-04
 2.4600e-01  4.3594e-04
 2.4640e-01  3.4911e-04
 2.4690e-01  4.3337e-04
 2.4740e-01  3.8181e-04
 2.4780e-01  2.6819e-04
 2.4830e-01  3.4699e-04
 2.4880e-01  3.5185e-04
 2.4930e-01  2.1311e-04
 2.4980e-01  1.9377e-04
 2.5030e-01  1.8488e-04
 2.5080e-01  1.9794e-04
 2.5130e-01  2.9379e-04
 2.5180e-01  3.0512e-04
 2.5230e-01  2.6149e-04
 2.5280e-01  2.3184e-04
 2.5330e-01  2.1486e-04
 2.5380e-01  2.5463e-04
 2.5430e-01  3.1064e-04
 2.5480e-01  4.3837e-04
 2.5540e-01  3.7795e-04
 2.5590e-01  3.5156e-04
 2.5640e-01  3.3893e-04
 2.5700e-01  3.7250e-04
 2.5750e-01  2.5147e-04
 2.5800e-01  3.4685e-04
 2.5860e-01  2.3245e-04
 2.5910e-01  2.9452e-04
 2.5970e-01  3.2695e-04
 2.6020e-01  3.5162e-04
 2.6080e-01  3.5014e-04
 2.6130e-01  3.3864e-04
 2.6190e-01  3.3465e-04
 2.6250e-01  4.1487e-04
 2.6300e-01  4.1036e-04
 2.6360e-01  4.0178e-04
 2.6420e-01  2.8113e-04
 2.6480e-01  1.8753e-04
 2.6530e-01  2.0863e-04
 2.6590e-01  2.2084e-04
 2.6650e-01  3.8833e-04
 2.6710e-01  5.6843e-04
 2.6770e-01  4.7231e-04
 2.6830e-01  4.1782e-04
 2.6890e-01  2.3858e-04
 2.6950e-01  2.1658e-04
 2.7010e-01  2.5707e-04
 2.7070e-01  2.1101e-04
 2.7130e-01  3.5579e-04
 2.7190e-01  3.6980e-04
 2.7260e-01  4.1043e-04
 2.7320e-01  4.1144e-04
 2.7380e-01  4.4369e-04
 2.7440e-01  3.6446e-04
 2.7510e-01  3.1487e-04
 2.7570e-01  2.9317e-04
 2.7630e-01  2.2419e-04
 2.7700e-01  1.9957e-04
 2.7760e-01  1.6844e-04
 2.7830e-01  1.5966e-04
 2.7890e-01  3.0496e-04
 2.7960e-01  3.9086e-04
 2.8020e-01  4.6297e-04
 2.8090e-01  6.2380e-04
 2.8160e-01  6.1283e-04
 2.8220e-01  4.6575e-04
 2.8290e-01  3.7701e-04
 2.8360e-01  1.8956e-04
 2.8420e-01  1.7405e-04
 2.8490e-01  2.1276e-04
 2.8560e-01  2.6253e-04
 2.8630e-01  3.6968e-04
 2.8700e-01  4.7261e-04
 2.8770e-01  5.7227e-04
 2.8830e-01  4.5809e-04
 2.8900e-01  4.6967e-04
 2.8970e-01  3.8326e-04
 2.9040e-01  4.4872e-04
 2.9120e-01  2.9060e-04
 2.9190e-01  1.6757e-04
 2.9260e-01  1.5543e-04
 2.9330e-01  1.8402e-04
 2.9400e-01  3.0691e-04
 2.9470e-01  4.8769e-04
 2.9540e-01  5.9142e-04
 2.9620e-01  4.2364e-04
 2.9690e-01  4.6875e-04
 2.9760e-01  3.2380e-04
 2.9840e-01  2.7910e-04
 2.9910e-01  2.4254e-04
 2.9990e-01  1.5537e-04
 3.0060e-01  2.1641e-04
 3.0140e-01  2.9092e-04
 3.0210e-01  4.3050e-04
 3.0290e-01  4.8367e-04
 3.0360e-01  4.9091e-04
 3.0440e-01  4.9536e-04
 3.0510e-01  4.9559e-04
 3.0590e-01  4.2562e-04
 3.0670e-01  3.9958e-04
 3.0740e-01  3.5141e-04
 3.0820e-01  3.2084e-04
 3.0900e-01  3.7091e-04
 3.0980e-01  3.0245e-04
 3.1060e-01  2.6298e-04
 3.1130e-01  3.0834e-04
 3.1210e-01  3.7823e-04
 3.1290e-01  4.3746e-04
 3.1370e-01  3.8070e-04
 3.1450e-01  2.1983e-04
 3.1530e-01  2.2350e-04
 3.1610e-01  1.9006e-04
 3.1690e-01  1.6416e-04
 3.1780e-01  3.9360e-04
 3.1860e-01  4.7405e-04
 3.1940e-01  5.3287e-04
 3.2020e-01  5.5584e-04
 3.2100e-01  5.2278e-04
 3.2190e-01  5.1544e-04
 3.2270e-01  4.9547e-04
 3.2350e-01  4.5165e-04
 3.2430e-01  3.0036e-04
 3.2520e-01  2.0862e-04
 3.2600e-01  1.8815e-04
 3.2690e-01  2.3293e-04
 3.2770e-01  2.8882e-04
 3.2860e-01  4.0881e-04
 3.2940e-01  5.1970e-04
 3.3030e-01  5.7172e-04
 3.3110e-01  4.5281e-04
 3.3200e-01  4.7949e-04
 3.3280e-01  3.1643e-04
 3.3370e-01  2.9645e-04
 3.3460e-01  2.8803e-04
 3.3550e-01  2.8470e-04
 3.3630e-01  2.9363e-04
 3.3720e-01  2.6436e-04
 3.3810e-01  3.0038e-04
 3.3900e-01  4.0304e-04
 3.3990e-01  3.1351e-04
 3.4080e-01  3.6454e-04
 3.4160e-01  3.8391e-04
 3.4250e-01  2.7695e-04
 3.4340e-01  2.4523e-04
 3.4430e-01  2.9702e-04
 3.4520e-01  2.6764e-04
 3.4620e-01  3.7445e-04
 3.4710e-01  4.2446e-04
 3.4800e-01  5.3644e-04
 3.4890e-01  5.9688e-04
 3.4980e-01  4.4267e-04
 3.5070e-01  3.4879e-04
 3.5170e-01  2.8905e-04
 3.5260e-01  2.7267e-04
 3.5350e-01  2.2769e-04
 3.5440e-01  2.6424e-04
 3.5540e-01  4.6524e-04
 3.5630e-01  6.3577e-04
 3.5730e-01  6.7692e-04
 3.5820e-01  7.4463e-04
 3.5920e-01  6.0103e-04
 3.6010e-01  5.0032e-04
 3.6110e-01  4.1369e-04
 3.6200e-01  3.5411e-04
 3.6300e-01  3.3657e-04
 3.6390e-01  3.1209e-04
 3.6490e-01  3.0897e-04
 3.6590e-01  3.1036e-04
 3.6680e-01  4.5816e-04
 3.6780e-01  3.9796e-04
 3.6880e-01  3.9351e-04
 3.6980e-01  3.4079e-04
 3.7070e-01  2.8597e-04
 3.7170e-01  2.9006e-04
 3.7270e-01  3.0816e-04
 3.7370e-01  3.5037e-04
 3.7470e-01  4.0247e-04
 3.7570e-01  3.8909e-04
 3.7670e-01  3.5439e-04
 3.7770e-01  4.5150e-04
 3.7870e-01  3.4789e-04
 3.7970e-01  4.7770e-04
 3.8070e-01  4.8450e-04
 3.8170e-01  6.7118e-04
 3.8270e-01  5.1616e-04
 3.8380e-01  5.4682e-04
 3.8480e-01  5.4536e-04
 3.8580e-01  3.3658e-04
 3.8680e-01  5.9556e-04
 3.8790e-01  6.3876e-04
 3.8890e-01  5.9101e-04
 3.8990e-01  6.0481e-04
 3.9100e-01  7.1935e-04
 3.9200e-01  5.0484e-04
 3.9310e-01  4.1537e-04
 3.9410e-01  3.8210e-04
 3.9520e-01  3.3953e-04
 3.9620e-01  3.2655e-04
 3.9730e-01  3.3504e-04
 3.9830e-01  4.0703e-04
 3.9940e-01  4.4199e-04
 4.0040e-01  5.2314e-04
 4.0150e-01  4.8893e-04
 4.0260e-01  4.7727e-04
 4.0360e-01  3.7090e-04
 4.0470e-01  5.9487e-04
 4.0580e-01  6.0997e-04
 4.0690e-01  3.6563e-04
 4.0800e-01  3.6251e-04
 4.0900e-01  4.4015e-04
 4.1010e-01  3.9394e-04
 4.1120e-01  3.5617e-04
 4.1230e-01  3.4920e-04
 4.1340e-01  3.8403e-04
 4.1450e-01  5.2630e-04
 4.1560e-01  4.1718e-04
 4.1670e-01  6.3341e-04
 4.1780e-01  3.8061e-04
 4.1890e-01  3.9327e-04
 4.2010e-01  4.5698e-04
 4.2120e-01  5.8886e-04
 4.2230e-01  7.0944e-04
 4.2340e-01  7.9534e-04
 4.2450e-01  8.2660e-04
 4.2570e-01  7.9765e-04
 4.2680e-01  7.4637e-04
 4.2790e-01  6.5273e-04
 4.2910e-01  5.3315e-04
 4.3020e-01  4.3079e-04
 4.3140e-01  3.0123e-04
 4.3250e-01  3.0855e-04
 4.3360e-01  5.5065e-04
 4.3480e-01  6.2004e-04
 4.3600e-01  6.1172e-04
 4.3710e-01  5.9027e-04
 4.3830e-01  6.9789e-04
 4.3940e-01  3.9992e-04
 4.4060e-01  3.4680e-04
 4.4180e-01  3.2408e-04
 4.4290e-01  3.8761e-04
 4.4410e-01  7.8664e-04
 4.4530e-01  8.4881e-04
 4.4650e-01  7.1296e-04
 4.4760e-01  7.5419e-04
 4.4880e-01  7.6142e-04
 4.5000e-01  7.4887e-04
 4.5120e-01  4.9095e-04
 4.5240e-01  4.3492e-04
 4.5360e-01  4.4017e-04
 4.5480e-01  5.3757e-04
 4.5600e-01  5.6070e-04
 4.5720e-01  6.1295e-04
 4.5840e-01  6.8652e-04
 4.5960e-01  7.2132e-04
 4.6080e-01  7.7868e-04
 4.6200e-01  7.5674e-04
 4.6320e-01  6.5437e-04
 4.6450e-01  5.5639e-04
 4.6570e-01  4.2413e-04
 4.6690e-01  6.4111e-04
 4.6810e-01  5.8448e-04
 4.6940e-01  5.7607e-04
 4.7060e-01  5.2845e-04
 4.7180e-01  6.3137e-04
 4.7310e-01  6.0180e-04
 4.7430e-01  8.2398e-04
 4.7560e-01  8.3183e-04
 4.7680e-01  9.4231e-04
 4.7810e-01  7.3460e-04
 4.7930e-01  7.9070e-04
 4.8060e-01  7.1564e-04
 4.8180e-01  5.2975e-04
 4.8310e-01  4.1498e-04
 4.8440e-01  3.6723e-04
 4.8560e-01  4.8426e-04
 4.8690e-01  8.1838e-04
 4.8820e-01  5.7090e-04
 4.8950e-01  6.5408e-04
 4.9070e-01  1.0901e-03
 4.9200e-01  1.0318e-03
 4.9330e-01  7.9908e-04
 4.9460e-01  6.0806e-04
 4.9590e-01  3.8732e-04
 4.9720e-01  4.4651e-04
 4.9850e-01  3.6199e-04
 4.9980e-01  3.8092e-04
 5.0110e-01  3.5327e-04
 5.0240e-01  3.8835e-04
 5.0370e-01  4.6518e-04
 5.0500e-01  9.0113e-04
 5.0630e-01  1.1723e-03
 5.0760e-01  1.1355e-03
 5.0900e-01  9.5747e-04
 5.1030e-01  3.8948e-04
 5.1160e-01  2.8620e-04
 5.1290e-01  3.5153e-04
 5.1430e-01  4.6785e-04
 5.1560e-01  5.7374e-04
 5.1690e-01  7.2749e-04
 5.1830e-01  1.0563e-03
 5.1960e-01  1.0943e-03
 5.2100e-01  5.2362e-04
 5.2230e-01  4.5755e-04
 5.2370e-01  3.6192e-04
 5.3000e-01  1.0000e+05
 5.7270e-01  8.5522e-04
 5.7420e-01  7.5603e-04
 5.7570e-01  9.1298e-04
 5.7710e-01  1.1729e-03
 5.7860e-01  1.1104e-03
 5.8010e-01  6.6913e-04
 5.8150e-01  6.2336e-04
 5.8300e-01  4.7269e-04
 5.8450e-01  4.6207e-04
 5.8590e-01  3.9488e-04
 5.8740e-01  4.7240e-04
 5.8890e-01  6.8720e-04
 5.9040e-01  5.8413e-04
 5.9190e-01  8.9302e-04
 5.9340e-01  7.5472e-04
 5.9490e-01  9.7979e-04
 5.9640e-01  1.0906e-03
 5.9790e-01  1.0284e-03
 5.9940e-01  8.7554e-04
 6.0090e-01  3.3821e-04
 6.0240e-01  2.7447e-04
 6.0390e-01  3.2759e-04
 6.0540e-01  3.6228e-04
 6.0700e-01  6.3491e-04
 6.0850e-01  7.2300e-04
 6.1000e-01  8.7637e-04
 6.1150e-01  1.0358e-03
 6.1310e-01  1.3619e-03
 6.1460e-01  1.0474e-03
 6.1610e-01  7.3040e-04
 6.1770e-01  5.1258e-04
 6.1920e-01  2.6129e-04
 6.2080e-01  2.1019e-04
 6.2230e-01  2.2753e-04
 6.2390e-01  4.1648e-04
 6.2540e-01  7.3506e-04
 6.2700e-01  1.0396e-03
 6.2850e-01  1.0798e-03
 6.3010e-01  1.1861e-03
 6.3170e-01  6.4286e-04
 6.3320e-01  4.4114e-04
 6.3480e-01  3.7233e-04
 6.3640e-01  3.2648e-04
 6.3800e-01  5.1218e-04
 6.3960e-01  6.2478e-04
 6.4110e-01  6.7844e-04
 6.4270e-01  7.3983e-04
 6.4430e-01  7.6214e-04
 6.4590e-01  3.9044e-04
 6.4750e-01  4.9636e-04
 6.4910e-01  4.1078e-04
 6.5070e-01  4.5028e-04
 6.5230e-01  9.0640e-04
 6.5390e-01  7.2370e-04
 6.5560e-01  5.4483e-04
 6.5720e-01  5.9978e-04
 6.5880e-01  5.1840e-04
 6.6040e-01  4.3954e-04
 6.6200e-01  3.5260e-04
 6.6370e-01  3.8528e-04
 6.6530e-01  5.1807e-04
 6.6690e-01  3.8059e-04
 6.6860e-01  4.1920e-04
 6.7020e-01  5.0385e-04
 6.7190e-01  6.2883e-04
 6.7350e-01  6.5281e-04
 6.7520e-01  6.3331e-04
 6.7680e-01  4.7413e-04
 6.7850e-01  6.4027e-04
 6.8010e-01  3.5842e-04
 6.8180e-01  6.0236e-04
 6.8350e-01  4.4892e-04
 6.8510e-01  6.6244e-04
 6.8680e-01  6.0958e-04
 6.8850e-01  5.2720e-04
 6.9010e-01  3.4260e-04
 6.9180e-01  2.6558e-04
 6.9350e-01  3.0290e-04
 6.9520e-01  2.7787e-04
 6.9690e-01  3.2752e-04
 6.9860e-01  3.2136e-04
 7.0030e-01  3.0058e-04
 7.0200e-01  2.7067e-04
 7.0370e-01  3.2267e-04
 7.0540e-01  3.7614e-04
 7.0710e-01  3.6514e-04
 7.0880e-01  4.3832e-04
 7.1050e-01  3.0311e-04
 7.1230e-01  3.5361e-04
 7.1400e-01  4.8621e-04
 7.1570e-01  4.6353e-04
 7.1740e-01  5.4582e-04
 7.1920e-01  3.3842e-04
 7.2090e-01  5.4102e-04
 7.2260e-01  3.9520e-04
 7.2440e-01  2.8360e-04
 7.2610e-01  2.3973e-04
 7.2790e-01  2.4606e-04
 7.2960e-01  2.9350e-04
 7.3140e-01  2.4905e-04
 7.3310e-01  3.9524e-04
 7.3490e-01  5.4604e-04
 7.3670e-01  5.3115e-04
 7.3840e-01  4.8620e-04
 7.4020e-01  4.5510e-04
 7.5000e-01  1.0000e+05
 8.2750e-01  2.9193e-04
 8.2940e-01  7.0571e-04
 8.3140e-01  6.3081e-04
 8.3330e-01  5.6666e-04
 8.3530e-01  4.1173e-04
 8.3720e-01  2.7242e-04
 8.3920e-01  2.6152e-04
 8.4110e-01  2.8630e-04
 8.4310e-01  2.5366e-04
 8.4500e-01  2.8633e-04
 8.4700e-01  6.6706e-04
 8.4890e-01  7.6247e-04
 8.5090e-01  7.9517e-04
 8.5290e-01  6.6312e-04
 8.5490e-01  4.9296e-04
 8.5680e-01  5.2301e-04
 8.5880e-01  6.2756e-04
 8.6080e-01  5.6041e-04
 8.6280e-01  5.9687e-04
 8.6480e-01  4.4896e-04
 8.6680e-01  6.9497e-04
 8.6880e-01  7.2128e-04
 8.7080e-01  8.3598e-04
 8.7280e-01  7.1532e-04
 8.7480e-01  5.5057e-04
 8.7680e-01  6.7512e-04
 8.7890e-01  3.9662e-04
 8.8090e-01  7.1029e-04
 8.8290e-01  5.0528e-04
 8.8490e-01  5.1069e-04
 8.8700e-01  5.4139e-04
 8.8900e-01  7.2256e-04
 8.9100e-01  6.6886e-04
 8.9310e-01  7.6443e-04
 8.9510e-01  8.2206e-04
 8.9720e-01  5.2749e-04
 8.9920e-01  5.6291e-04
 9.0130e-01  7.3766e-04
 9.0330e-01  4.3978e-04
 9.0540e-01  9.0677e-04
 9.0750e-01  1.1858e-03
 9.0960e-01  1.4288e-03
 9.1160e-01  9.8730e-04
 9.1370e-01  8.6817e-04
 9.1580e-01  4.9091e-04
 9.1790e-01  3.7197e-04
 9.2000e-01  1.0549e-03
 9.2210e-01  1.4806e-03
 9.2420e-01  1.6494e-03
 9.2630e-01  1.1111e-03
 9.2840e-01  1.1624e-03
 9.3050e-01  4.9264e-04
 9.3260e-01  3.2911e-04
 9.3470e-01  1.1041e-03
 9.3680e-01  1.0719e-03
 9.3890e-01  4.1720e-04
 9.4110e-01  1.1073e-03
 9.4320e-01  1.8595e-03
 9.4530e-01  2.1544e-03
 9.4750e-01  1.9901e-03
 9.4960e-01  1.7211e-03
 9.5180e-01  1.0206e-03
 9.5390e-01  6.3075e-04
 9.5610e-01  1.5578e-03
 9.5820e-01  1.7068e-03
 9.6000e-01  1.0000e+05
 1.1620e+00  1.0115e-03
 1.1650e+00  1.0386e-03
 1.1670e+00  1.1198e-03
 1.1700e+00  1.0558e-03
 1.1720e+00  1.0247e-03
 1.1750e+00  1.1517e-03
 1.1780e+00  1.3647e-03
 1.1800e+00  1.2688e-03
 1.1830e+00  1.0579e-03
 1.1850e+00  7.2192e-04
 1.1880e+00  7.3013e-04
 1.1900e+00  1.1948e-03
 1.1930e+00  1.2349e-03
 1.1950e+00  1.3563e-03
 1.1980e+00  1.3738e-03
 1.2000e+00  1.3148e-03
 1.2030e+00  1.1240e-03
 1.2060e+00  9.0871e-04
 1.2080e+00  7.6881e-04
 1.2110e+00  7.5854e-04
 1.2130e+00  1.0242e-03
 1.2160e+00  7.6280e-04
 1.2190e+00  7.2378e-04
 1.2210e+00  7.5758e-04
 1.2240e+00  9.7986e-04
 1.2260e+00  1.1558e-03
 1.2290e+00  1.0314e-03
 1.2320e+00  1.2219e-03
 1.2340e+00  8.9439e-04
 1.2370e+00  1.3897e-03
 1.2400e+00  1.2535e-03
 1.2420e+00  1.2927e-03
 1.2450e+00  1.3762e-03
 1.2470e+00  1.4213e-03
 1.2500e+00  1.4744e-03
 1.2530e+00  1.5130e-03
 1.2550e+00  1.4856e-03
 1.2580e+00  1.4362e-03
 1.2610e+00  1.4410e-03
 1.2630e+00  1.0038e-03
 1.2660e+00  8.5638e-04
 1.2690e+00  7.5309e-04
 1.2710e+00  6.5970e-04
 1.2740e+00  5.7399e-04
 1.2770e+00  7.5532e-04
 1.2800e+00  1.0381e-03
 1.2820e+00  1.2502e-03
 1.2850e+00  1.4367e-03
 1.2880e+00  1.5988e-03
 1.2900e+00  1.4644e-03
 1.2930e+00  1.3259e-03
 1.2960e+00  9.5436e-04
 1.2990e+00  6.5529e-04
 1.3010e+00  7.4519e-04
 1.3040e+00  1.5058e-03
 1.3070e+00  1.4185e-03
 1.3100e+00  1.2891e-03
 1.3120e+00  1.2230e-03
 1.3150e+00  1.3858e-03
 1.3180e+00  7.6139e-04
 1.3210e+00  7.4320e-04
 1.3230e+00  6.9686e-04
 1.3260e+00  5.5784e-04
 1.3290e+00  6.3765e-04
 1.3320e+00  7.3655e-04
 1.3350e+00  7.6103e-04
 1.3370e+00  8.5750e-04
 1.3400e+00  9.2795e-04
 1.3430e+00  1.0557e-03
 1.3460e+00  8.9528e-04
 1.3490e+00  1.3293e-03
 1.3510e+00  1.6627e-03
 1.3540e+00  1.1286e-03
 1.3570e+00  1.0287e-03
 1.3600e+00  1.0381e-03
 1.3630e+00  1.3551e-03
 1.3660e+00  1.1006e-03
 1.3680e+00  1.0595e-03
 1.3710e+00  1.5393e-03
 1.3740e+00  1.3675e-03
 1.3770e+00  1.7272e-03
 1.3800e+00  1.7541e-03
 1.3830e+00  6.8468e-04
 1.3860e+00  7.1714e-04
 1.3890e+00  7.3207e-04
 1.3910e+00  9.4290e-04
 1.3940e+00  1.0659e-03
 1.3970e+00  1.4397e-03
 1.4000e+00  1.6039e-03
 1.4030e+00  1.7445e-03
 1.4060e+00  1.7481e-03
 1.4090e+00  1.7582e-03
 1.4120e+00  1.1188e-03
 1.4150e+00  8.8831e-04
 1.4180e+00  9.3280e-04
 1.4210e+00  7.3648e-04
 1.4230e+00  1.2469e-03
 1.4260e+00  8.1747e-04
 1.4290e+00  1.1080e-03
 1.4320e+00  1.0856e-03
 1.4350e+00  1.2260e-03
 1.4380e+00  1.1898e-03
 1.4410e+00  1.0502e-03
 1.4440e+00  1.0873e-03
 1.4470e+00  9.7711e-04
 1.4500e+00  1.0634e-03
 1.4530e+00  1.3784e-03
 1.4560e+00  1.4630e-03
 1.4590e+00  1.7500e-03
 1.4620e+00  1.9458e-03
 1.4650e+00  1.8475e-03
 1.4680e+00  1.9432e-03
 1.4710e+00  1.3760e-03
 1.4740e+00  1.2396e-03
 1.4770e+00  1.4407e-03
 1.4800e+00  1.2641e-03
 1.4830e+00  1.4604e-03
 1.4860e+00  1.3838e-03
 1.4890e+00  1.0180e-03
 1.4920e+00  1.1371e-03
 1.4960e+00  1.2219e-03
 1.4990e+00  1.5911e-03
 1.5020e+00  1.6221e-03
 1.5050e+00  1.5651e-03
 1.5080e+00  1.5176e-03
 1.5110e+00  1.6595e-03
 1.5140e+00  1.5182e-03
 1.5170e+00  1.1925e-03
 1.5200e+00  8.9220e-04
 1.5230e+00  8.5417e-04
 1.5260e+00  8.8090e-04
 1.5300e+00  8.9786e-04
 1.5330e+00  1.0104e-03
 1.5360e+00  9.9787e-04
 1.5390e+00  1.2369e-03
 1.5420e+00  1.7769e-03
 1.5450e+00  1.9761e-03
 1.5480e+00  1.6389e-03
 1.5510e+00  1.7045e-03
 1.5550e+00  1.2733e-03
 1.5580e+00  1.3137e-03
 1.5610e+00  1.6298e-03
 1.5640e+00  1.5770e-03
 1.5670e+00  1.5366e-03
 1.5700e+00  1.3049e-03
 1.5740e+00  1.1622e-03
 1.5770e+00  9.8034e-04
 1.5800e+00  9.0289e-04
 1.5830e+00  9.9395e-04
 1.5860e+00  1.6881e-03
 1.5900e+00  9.9024e-04
 1.5930e+00  1.2041e-03
 1.5960e+00  1.8780e-03
 1.5990e+00  1.9669e-03
 1.6030e+00  2.1478e-03
 1.6060e+00  1.5943e-03
 1.6090e+00  1.3932e-03
 1.6120e+00  1.4214e-03
 1.6160e+00  1.4615e-03
 1.6190e+00  1.5425e-03
 1.6220e+00  1.7007e-03
 1.6250e+00  1.1438e-03
 1.6290e+00  1.5191e-03
 1.6320e+00  1.4765e-03
 1.6350e+00  1.6286e-03
 1.6390e+00  1.3659e-03
 1.6420e+00  1.2650e-03
 1.6450e+00  1.1678e-03
 1.6480e+00  1.1290e-03
 1.6520e+00  1.0197e-03
 1.6550e+00  9.8745e-04
 1.6580e+00  1.1912e-03
 1.6620e+00  1.4474e-03
 1.6650e+00  1.1341e-03
 1.6680e+00  2.4960e-03
 1.6720e+00  1.8301e-03
 1.6750e+00  2.2505e-03
 1.6790e+00  2.0603e-03
 1.6820e+00  1.5646e-03
 1.6850e+00  1.7275e-03
 1.6890e+00  1.4958e-03
 1.6920e+00  1.1003e-03
 1.6950e+00  8.9534e-04
 1.6990e+00  1.5874e-03
 1.7020e+00  1.3568e-03
 1.7060e+00  1.1614e-03
 1.7090e+00  1.0951e-03
 1.7120e+00  9.7162e-04
 1.7160e+00  1.3225e-03
 1.7190e+00  1.5145e-03
 1.7230e+00  1.2802e-03
 1.7260e+00  1.4280e-03
 1.7300e+00  1.8309e-03
 1.7330e+00  1.8821e-03
 1.7370e+00  2.2033e-03
 1.7400e+00  2.1623e-03
 1.7430e+00  8.8473e-04
 1.7470e+00  6.7101e-04
 1.7500e+00  6.2286e-04
 1.7540e+00  6.9762e-04
 1.7570e+00  2.1331e-03
 1.7610e+00  2.2343e-03
 1.7640e+00  2.2614e-03
 1.7680e+00  2.3604e-03
 1.7710e+00  1.9771e-03
 1.7750e+00  1.6573e-03
 1.7780e+00  1.0349e-03
 1.7820e+00  8.5433e-04
 1.7860e+00  9.1921e-04
 1.7890e+00  9.4684e-04
 1.7930e+00  1.0583e-03
 1.7960e+00  1.4987e-03
 1.8000e+00  1.3146e-03
 1.8030e+00  1.3705e-03
 1.8070e+00  1.4320e-03
 1.8100e+00  1.1112e-03
 1.8140e+00  9.0155e-04
 1.8180e+00  8.2131e-04
 1.8210e+00  9.8684e-04
 1.8250e+00  1.4216e-03
 1.8280e+00  1.9238e-03
 1.8320e+00  1.9498e-03
 1.8360e+00  1.6260e-03
 1.8390e+00  1.4212e-03
 1.8430e+00  1.0743e-03
 1.8470e+00  1.0973e-03
 1.8500e+00  1.3889e-03
 1.8540e+00  1.6331e-03
 1.8570e+00  1.7183e-03
 1.8610e+00  1.3550e-03
 1.8650e+00  1.2431e-03
 1.8680e+00  1.4283e-03
 1.8720e+00  1.4934e-03
 1.8760e+00  1.4275e-03
 1.8800e+00  1.4991e-03
 1.8830e+00  1.3200e-03
 1.8870e+00  1.2273e-03
 1.8910e+00  1.0236e-03
 1.8940e+00  1.2086e-03
 1.8980e+00  9.3588e-04
 1.9020e+00  1.7485e-03
 1.9060e+00  1.9426e-03
 1.9090e+00  1.9246e-03
 1.9130e+00  2.0377e-03
 1.9170e+00  1.8555e-03
 1.9210e+00  1.9417e-03
 1.9240e+00  1.9680e-03
 1.9280e+00  1.8792e-03
 1.9320e+00  1.8611e-03
 1.9360e+00  1.7225e-03
 1.9390e+00  1.8454e-03
 1.9430e+00  1.3405e-03
 1.9470e+00  1.2305e-03
 1.9510e+00  1.4098e-03
 1.9550e+00  1.4828e-03
 1.9580e+00  1.5018e-03
 1.9620e+00  1.5528e-03
 1.9660e+00  1.7495e-03
 1.9700e+00  1.4468e-03
 1.9740e+00  1.4198e-03
 1.9780e+00  1.6059e-03
 1.9820e+00  1.4502e-03
 1.9850e+00  1.2771e-03
 1.9890e+00  9.4508e-04
 1.9930e+00  1.5138e-03
 1.9970e+00  1.1168e-03
 2.0010e+00  1.4896e-03
 2.0050e+00  1.4594e-03
 2.0090e+00  1.3656e-03
 2.0130e+00  1.0722e-03
 2.0170e+00  1.0833e-03
 2.0200e+00  1.3756e-03
 2.0240e+00  1.9623e-03
 2.0280e+00  1.3477e-03
 2.0320e+00  1.7880e-03
 2.0360e+00  1.7164e-03
 2.0400e+00  1.5410e-03
 2.0440e+00  1.1466e-03
 2.0480e+00  1.0306e-03
 2.0520e+00  1.3656e-03
 2.0560e+00  1.5074e-03
 2.0600e+00  1.6974e-03
 2.0640e+00  1.7600e-03
 2.0680e+00  1.4169e-03
 2.0720e+00  1.5868e-03
 2.0760e+00  1.2024e-03
 2.0800e+00  1.1778e-03
 2.0840e+00  1.4069e-03
 2.0880e+00  1.1320e-03
 2.0920e+00  1.7924e-03
 2.0960e+00  8.9377e-04
 2.1000e+00  1.2013e-03
 2.1040e+00  1.2035e-03
 2.1080e+00  1.0922e-03
 2.1120e+00  1.6583e-03
 2.1170e+00  1.3577e-03
 2.1210e+00  2.0371e-03
 2.1250e+00  2.1199e-03
 2.1290e+00  2.0785e-03
 2.1330e+00  1.9400e-03
 2.1370e+00  1.3198e-03
 2.1410e+00  1.4103e-03
 2.1450e+00  1.3611e-03
 2.1490e+00  1.5499e-03
 2.1540e+00  1.8483e-03
 2.1580e+00  2.3803e-03
 2.1620e+00  1.6662e-03
 2.1660e+00  8.9621e-04
 2.1700e+00  9.3230e-04
 2.1740e+00  9.1386e-04
 2.1780e+00  1.0899e-03
 2.1830e+00  1.2695e-03
 2.1870e+00  1.9556e-03
 2.1910e+00  2.2193e-03
 2.1950e+00  2.2964e-03
 2.1990e+00  2.2260e-03
 2.2040e+00  2.0808e-03
 2.2080e+00  1.8997e-03
 2.2120e+00  1.0528e-03
 2.2160e+00  1.3421e-03
 2.2210e+00  1.3466e-03
 2.2250e+00  1.1622e-03
 2.2290e+00  1.1790e-03
 2.2330e+00  1.2326e-03
 2.2380e+00  1.2929e-03
 2.2420e+00  1.3253e-03
 2.2460e+00  1.1723e-03
 2.2510e+00  1.1342e-03
 2.2550e+00  1.6584e-03
 2.2590e+00  1.7433e-03
 2.2640e+00  1.8405e-03
 2.2680e+00  1.6953e-03
 2.2720e+00  1.6650e-03
 2.2770e+00  2.0384e-03
 2.2810e+00  1.4013e-03
 2.2850e+00  1.2896e-03
 2.2900e+00  2.0104e-03
 2.2940e+00  1.8561e-03
 2.2980e+00  1.7869e-03
 2.3030e+00  1.6014e-03
 2.3070e+00  1.1756e-03
 2.3110e+00  1.0353e-03
 2.3160e+00  1.0811e-03
 2.3200e+00  1.0181e-03
 2.3250e+00  1.0817e-03
 2.3290e+00  1.0047e-03
 2.3340e+00  1.1242e-03
 2.3380e+00  1.8952e-03
 2.3420e+00  1.3488e-03
 2.3470e+00  1.7086e-03
 2.3510e+00  1.6550e-03
 2.3560e+00  1.1589e-03
 2.3600e+00  9.2360e-04
 2.3650e+00  1.6851e-03
 2.3690e+00  1.2840e-03
 2.3740e+00  1.6494e-03
 2.3780e+00  1.8461e-03
 2.3830e+00  1.9086e-03
 2.3870e+00  1.8863e-03
 2.3920e+00  1.8215e-03
 2.3960e+00  1.8248e-03
 2.4010e+00  1.4606e-03
 2.4050e+00  1.7880e-03
 2.4100e+00  2.4093e-03
 2.4150e+00  1.5667e-03
 2.4190e+00  1.4035e-03
 2.4240e+00  1.1090e-03
 2.4280e+00  1.1089e-03
 2.4330e+00  1.4271e-03
 2.4380e+00  1.1778e-03
 2.4420e+00  2.1310e-03
 2.4470e+00  2.5791e-03
 2.4510e+00  1.7377e-03
 2.4560e+00  1.5489e-03
 2.4610e+00  1.3175e-03
 2.4650e+00  1.6706e-03
 2.4700e+00  1.1510e-03
 2.4750e+00  1.3879e-03
 2.4790e+00  1.5131e-03
 2.4840e+00  1.6617e-03
 2.4890e+00  1.4606e-03
 2.4930e+00  1.5332e-03
 2.4980e+00  1.4605e-03
 2.5030e+00  1.5991e-03
 2.5070e+00  1.5968e-03
 2.5120e+00  2.0886e-03
 2.5170e+00  2.2148e-03
 2.5220e+00  2.2036e-03
 2.5260e+00  2.1366e-03
 2.5310e+00  1.8607e-03
 2.5360e+00  1.5745e-03
 2.5410e+00  1.6438e-03
 2.5450e+00  1.1734e-03
 2.5500e+00  1.3622e-03
 2.5550e+00  1.1062e-03
 2.5600e+00  1.6505e-03
 2.5650e+00  1.4103e-03
 2.5690e+00  1.4370e-03
 2.5740e+00  1.6840e-03
 2.5790e+00  2.0226e-03
 2.5840e+00  2.1511e-03
 2.5890e+00  1.7678e-03
 2.5940e+00  1.1331e-03
 2.5980e+00  1.1934e-03
 2.6030e+00  1.9511e-03
 2.6080e+00  1.7030e-03
 2.6130e+00  2.0115e-03
 2.6180e+00  1.6461e-03
 2.6230e+00  1.9232e-03
 2.6280e+00  1.0291e-03
 2.6330e+00  1.0983e-03
 2.6380e+00  1.9221e-03
 2.6430e+00  1.1543e-03
 2.6480e+00  1.2907e-03
 2.6520e+00  1.3030e-03
 2.6570e+00  1.8863e-03
 2.6620e+00  2.0740e-03
 2.6670e+00  2.3914e-03
 2.6720e+00  2.4126e-03
 2.6770e+00  2.4316e-03
 2.6820e+00  2.0349e-03
 2.6870e+00  2.1824e-03
 2.6920e+00  2.0070e-03
 2.6970e+00  1.4471e-03
 2.9000e+00  1.0000e+05
 3.3000e+00  1.5941e-03
 3.3070e+00  1.6592e-03
 3.3140e+00  2.3800e-03
 3.3210e+00  2.4126e-03
 3.3290e+00  2.2702e-03
 3.3360e+00  1.7434e-03
 3.3440e+00  1.5136e-03
 3.3510e+00  1.4699e-03
 3.3580e+00  1.5484e-03
 3.3660e+00  1.9352e-03
 3.3730e+00  1.6695e-03
 3.3810e+00  1.5081e-03
 3.3880e+00  1.4296e-03
 3.3950e+00  1.9421e-03
 3.4030e+00  2.5757e-03
 3.4100e+00  2.4412e-03
 3.4180e+00  2.4266e-03
 3.4250e+00  2.3684e-03
 3.4330e+00  2.5601e-03
 3.4400e+00  1.6048e-03
 3.4480e+00  1.2078e-03
 3.4560e+00  1.0523e-03
 3.4630e+00  1.0277e-03
 3.4710e+00  2.2026e-03
 3.4780e+00  2.3080e-03
 3.4860e+00  2.1949e-03
 3.4940e+00  2.4652e-03
 3.5010e+00  2.6021e-03
 3.5090e+00  2.6548e-03
 3.5170e+00  2.5214e-03
 3.5240e+00  2.3588e-03
 3.5320e+00  2.9039e-03
 3.6000e+00  1.0000e+05
 3.9340e+00  2.9975e-03
 3.9430e+00  2.0512e-03
 3.9510e+00  1.8670e-03
 3.9600e+00  1.7153e-03
 3.9680e+00  2.3345e-03
 3.9770e+00  1.8220e-03
 3.9850e+00  1.4354e-03
 3.9940e+00  1.5209e-03
 4.0030e+00  1.8379e-03
 4.0110e+00  3.2891e-03
 4.0200e+00  2.6046e-03
 4.0280e+00  2.8250e-03
 4.0370e+00  3.4759e-03
 4.0460e+00  3.9255e-03
 4.0540e+00  3.2376e-03
 4.0630e+00  2.7903e-03
 4.0720e+00  2.9589e-03
 4.0800e+00  2.3631e-03
 4.0890e+00  2.1170e-03
 4.0980e+00  2.0698e-03
 4.1060e+00  2.0563e-03
 4.1150e+00  2.7309e-03
 4.1240e+00  3.9204e-03
 4.1330e+00  2.9726e-03
 4.1420e+00  1.2693e-03
 4.1510e+00  1.1055e-03
 4.1590e+00  1.1015e-03
 4.1680e+00  1.1112e-03
 4.1770e+00  1.1435e-03
 4.1860e+00  2.1611e-03
 4.1950e+00  2.7154e-03
 4.2040e+00  2.3005e-03
 4.2130e+00  2.3107e-03
 4.2220e+00  2.3377e-03
 4.2310e+00  1.9925e-03
 4.2400e+00  1.9285e-03
 4.2490e+00  2.7470e-03
 4.2580e+00  1.8621e-03
 4.2670e+00  2.0635e-03
 4.2760e+00  1.9094e-03
 4.2850e+00  1.9476e-03
 4.2940e+00  2.0174e-03
 4.3030e+00  2.1220e-03
 4.3120e+00  2.3886e-03
 4.3220e+00  2.6922e-03
 4.3310e+00  2.4673e-03
 4.3400e+00  2.3841e-03
 4.3490e+00  1.3742e-03
 4.3580e+00  1.1594e-03
 4.3680e+00  1.3461e-03
 4.3770e+00  1.9433e-03
 4.3860e+00  1.8533e-03
 4.3950e+00  1.7848e-03
 4.4050e+00  2.4832e-03
 4.4140e+00  2.6924e-03
 4.4230e+00  2.6721e-03
 4.4330e+00  2.7835e-03
 4.4420e+00  2.7565e-03
 4.4520e+00  3.0501e-03
 4.4610e+00  2.6891e-03
 4.4700e+00  2.8039e-03
 4.4800e+00  1.8658e-03
 4.4890e+00  1.7186e-03
 4.4990e+00  1.6027e-03
 4.5080e+00  2.3596e-03
 4.5180e+00  2.2472e-03
 4.5270e+00  2.4789e-03
 4.5370e+00  2.0898e-03
 4.5470e+00  2.7466e-03
 4.5560e+00  2.3923e-03
 4.5660e+00  2.5284e-03
 4.5750e+00  2.6342e-03
 4.5850e+00  1.8132e-03
 4.5950e+00  1.5173e-03
 4.6040e+00  1.0696e-03
 4.6140e+00  1.0725e-03
 4.6240e+00  1.5207e-03
 4.6340e+00  1.5646e-03
 4.6430e+00  2.0089e-03
 4.6530e+00  2.0505e-03
 4.6630e+00  2.1091e-03
 4.6730e+00  2.2575e-03
 4.6830e+00  2.2992e-03
 4.6920e+00  2.3452e-03
 4.7020e+00  1.9820e-03
 4.7120e+00  1.3746e-03
 4.7220e+00  1.8627e-03
 4.7320e+00  1.9719e-03
 4.7420e+00  2.5017e-03
 4.7520e+00  2.7526e-03
 4.7620e+00  3.0720e-03
 4.7720e+00  3.1532e-03
 4.7820e+00  3.2971e-03
 4.7920e+00  2.7649e-03
 4.8020e+00  1.2948e-03
 4.8120e+00  1.1234e-03
 4.8220e+00  1.1598e-03
 4.8330e+00  1.5040e-03
 4.8430e+00  1.8876e-03
 4.8530e+00  3.2150e-03
 4.8630e+00  2.7956e-03
 4.8730e+00  2.6763e-03
 4.8830e+00  2.6233e-03
 4.8940e+00  2.2443e-03
 4.9040e+00  2.0845e-03
 4.9140e+00  1.5018e-03
 4.9250e+00  1.5378e-03
 4.9350e+00  1.4726e-03
 4.9450e+00  1.4039e-03
 4.9560e+00  1.5660e-03
 4.9660e+00  1.8292e-03
 4.9760e+00  1.8607e-03
 4.9870e+00  1.5041e-03
 4.9970e+00  1.4850e-03
 5.0080e+00  1.2566e-03
 5.0180e+00  1.4569e-03
 5.0290e+00  1.7562e-03
 5.0390e+00  1.6346e-03
 5.0500e+00  2.1251e-03
 5.0600e+00  2.5786e-03
 5.0710e+00  2.2602e-03
 5.0820e+00  1.5807e-03
 5.0920e+00  1.3140e-03
 5.1030e+00  1.9564e-03
 5.1140e+00  1.6977e-03
 5.1240e+00  1.5728e-03
 5.1350e+00  1.6707e-03
 5.1460e+00  2.5628e-03
 5.1570e+00  2.1533e-03
 5.1670e+00  2.4774e-03
 5.1780e+00  2.4257e-03
 5.1890e+00  1.7833e-03
 5.2000e+00  2.0409e-03
 5.2110e+00  2.0398e-03
 5.2220e+00  2.1376e-03
 5.2320e+00  2.3120e-03
 5.2430e+00  2.3896e-03
 5.2540e+00  2.4549e-03
 5.2650e+00  2.3425e-03
 5.2760e+00  2.2524e-03
 5.2870e+00  1.7720e-03
 5.2980e+00  1.9644e-03
 5.3090e+00  1.8496e-03
 5.3210e+00  2.0848e-03
 5.3320e+00  1.5920e-03
 5.3430e+00  1.4964e-03
 5.3540e+00  1.5583e-03
 5.3650e+00  1.6775e-03
 5.3760e+00  2.0826e-03
 5.3880e+00  2.2716e-03
 5.3990e+00  2.1827e-03
 5.4100e+00  2.1355e-03
 5.4210e+00  1.1903e-03
 5.4330e+00  1.3446e-03
 5.4440e+00  2.5822e-03
 5.4550e+00  2.5743e-03
 5.4670e+00  2.3403e-03
 5.4780e+00  2.0669e-03
 5.4900e+00  1.6674e-03
 5.5010e+00  1.3018e-03
 5.5120e+00  1.2107e-03
 5.5240e+00  1.4323e-03
 5.5350e+00  1.3873e-03
 5.5470e+00  1.5414e-03
 5.5590e+00  1.7811e-03
 5.5700e+00  1.8712e-03
 5.5820e+00  1.8070e-03
 5.5930e+00  2.0343e-03
 5.6050e+00  2.0658e-03
 5.6170e+00  2.0241e-03
 5.6280e+00  2.4259e-03
 5.6400e+00  2.3775e-03
 5.6520e+00  2.4877e-03
 5.6640e+00  2.1502e-03
 5.6750e+00  2.5924e-03
 5.6870e+00  1.8307e-03
 5.6990e+00  2.6230e-03
 5.7110e+00  1.6304e-03
 5.7230e+00  2.6262e-03
 5.7350e+00  2.6713e-03
 5.7470e+00  2.5318e-03
 5.7590e+00  3.0684e-03
 5.7710e+00  2.4113e-03
 5.7830e+00  2.3742e-03
 5.7950e+00  1.6743e-03
 5.8070e+00  2.0626e-03
 5.8190e+00  2.0332e-03
 5.8310e+00  1.8813e-03
 5.8430e+00  1.8499e-03
 5.8550e+00  1.9838e-03
 5.8670e+00  1.7892e-03
 5.8800e+00  1.5900e-03
 5.8920e+00  1.2097e-03
 5.9040e+00  1.3739e-03
 5.9160e+00  1.4189e-03
 5.9290e+00  1.3514e-03
 5.9410e+00  1.2749e-03
 5.9530e+00  1.1972e-03
 5.9660e+00  1.3300e-03
 5.9780e+00  2.4012e-03
 5.9910e+00  2.5779e-03
 6.0030e+00  2.2459e-03
 6.0150e+00  2.0311e-03
 6.0280e+00  1.7801e-03
 6.0410e+00  1.7824e-03
 6.0530e+00  1.8477e-03
 6.0660e+00  1.5079e-03
 6.0780e+00  2.1538e-03
 6.0910e+00  1.2996e-03
 6.1040e+00  1.3559e-03
 6.1160e+00  1.7656e-03
 6.1290e+00  2.1392e-03
 6.1420e+00  3.0721e-03
 6.1540e+00  3.1451e-03
 6.1670e+00  3.0596e-03
 6.1800e+00  1.9804e-03
 6.1930e+00  2.1943e-03
 6.2060e+00  1.9467e-03
 6.2190e+00  1.1770e-03
 6.2320e+00  2.1481e-03
 6.2450e+00  2.0368e-03
 6.2580e+00  1.3155e-03
 6.2710e+00  1.6182e-03
 6.2840e+00  1.7274e-03
 6.2970e+00  2.3035e-03
 6.3100e+00  2.1325e-03
 6.3230e+00  2.1437e-03
 6.3360e+00  1.7859e-03
 6.3490e+00  1.5101e-03
 6.3620e+00  1.8027e-03
 6.3760e+00  1.9039e-03
 6.3890e+00  2.3147e-03
 6.4020e+00  9.8227e-04
 6.4150e+00  9.5379e-04
 6.4290e+00  1.4527e-03
 6.4420e+00  1.7420e-03
 6.4560e+00  2.0222e-03
 6.4690e+00  2.3002e-03
 6.4820e+00  2.9619e-03
 6.4960e+00  3.0318e-03
 6.5090e+00  2.3508e-03
 6.5230e+00  2.1460e-03
 6.5360e+00  1.5180e-03
 6.5500e+00  1.2874e-03
 6.5640e+00  1.1276e-03
 6.5770e+00  1.3650e-03
 6.5910e+00  1.5180e-03
 6.6050e+00  1.2412e-03
 6.6180e+00  2.6614e-03
 6.6320e+00  2.1753e-03
 6.6460e+00  2.1888e-03
 6.6600e+00  1.4685e-03
 6.6740e+00  1.2975e-03
 6.6870e+00  1.1467e-03
 6.7010e+00  1.1827e-03
 6.7150e+00  1.1074e-03
 6.7290e+00  1.8872e-03
 6.7430e+00  2.0628e-03
 6.7570e+00  1.4168e-03
 6.7710e+00  1.4179e-03
 6.7850e+00  1.1738e-03
 6.8000e+00  1.1129e-03
 6.8140e+00  1.0508e-03
 6.8280e+00  1.7453e-03
 6.8420e+00  2.1370e-03
 6.8560e+00  2.3564e-03
 6.8710e+00  2.3858e-03
 6.8850e+00  2.5691e-03
 6.8990e+00  2.5173e-03
 6.9130e+00  2.2169e-03
 6.9280e+00  1.9761e-03
 6.9420e+00  1.2694e-03
 6.9570e+00  1.3966e-03
 6.9710e+00  2.0325e-03
 6.9860e+00  2.3892e-03
 7.0000e+00  3.0746e-03
 7.0150e+00  2.8100e-03
 7.0290e+00  1.5350e-03
 7.0440e+00  1.2728e-03
 7.0590e+00  1.2750e-03
 7.0730e+00  9.5597e-04
 7.0880e+00  9.8604e-04
 7.1030e+00  1.5429e-03
 7.1180e+00  2.7020e-03
 7.1320e+00  3.1802e-03
 7.1470e+00  3.4559e-03
 7.1620e+00  2.2958e-03
 7.1770e+00  1.3561e-03
 7.1920e+00  1.3819e-03
 7.2070e+00  8.4222e-04
 7.2220e+00  1.7994e-03
 7.2370e+00  2.0223e-03
 7.2520e+00  2.6728e-03
 7.2670e+00  2.6896e-03
 7.2820e+00  2.3059e-03
 7.2980e+00  2.1078e-03
 7.3130e+00  2.2473e-03
 7.3280e+00  1.0541e-03
 7.3430e+00  2.0842e-03
 7.3590e+00  2.3081e-03
 7.3740e+00  2.5468e-03
 7.3890e+00  2.3936e-03
 7.4050e+00  2.5252e-03
 7.4200e+00  2.3317e-03
 7.4360e+00  1.8760e-03
 7.4510e+00  1.4844e-03
 7.4670e+00  1.2773e-03
 7.4820e+00  1.0348e-03
 7.4980e+00  1.0937e-03
 7.5130e+00  1.1456e-03
 7.5290e+00  1.6734e-03
 7.5450e+00  3.9670e-03
 7.5610e+00  1.8772e-03
 7.5760e+00  1.4833e-03
 7.5920e+00  1.2267e-03
 7.6080e+00  9.4970e-04
 7.6240e+00  1.5125e-03
 7.6400e+00  1.7781e-03
 7.6560e+00  2.5829e-03
 7.6720e+00  2.7370e-03
 7.6880e+00  2.5433e-03
 7.7040e+00  2.3880e-03
 7.7200e+00  2.0493e-03
 7.7360e+00  1.0826e-03
 7.7520e+00  1.1974e-03
 7.7680e+00  1.2312e-03
 7.7850e+00  1.3324e-03
 7.8010e+00  1.5812e-03
 7.8170e+00  2.1709e-03
 7.8340e+00  1.8130e-03
 7.8500e+00  1.8670e-03
 7.8660e+00  1.9548e-03
 7.8830e+00  1.8896e-03
 7.8990e+00  1.4844e-03
 7.9160e+00  1.9762e-03
 7.9320e+00  1.9177e-03
 7.9490e+00  1.6409e-03
 7.9660e+00  1.9233e-03
 7.9820e+00  1.3336e-03
 7.9990e+00  1.5924e-03
 8.0160e+00  1.3708e-03
 8.0320e+00  1.9334e-03
 8.0490e+00  2.0448e-03
 8.0660e+00  2.0415e-03
 8.0830e+00  1.8366e-03
 8.1000e+00  1.2908e-03
 8.1170e+00  1.4821e-03
 8.1340e+00  1.4203e-03
 8.1510e+00  1.4990e-03
 8.1680e+00  1.5103e-03
 8.1850e+00  1.6735e-03
 8.2020e+00  1.6645e-03
 8.2190e+00  1.7556e-03
 8.2370e+00  1.7995e-03
 8.2540e+00  2.0156e-03
 8.2710e+00  2.0730e-03
 8.2890e+00  2.4061e-03
 8.3060e+00  2.0898e-03
 8.3230e+00  2.0460e-03
 8.3410e+00  1.8210e-03
 8.3580e+00  1.9503e-03
 8.3760e+00  2.0999e-03
 8.3930e+00  2.6627e-03
 8.4110e+00  2.6392e-03
 8.4290e+00  2.5502e-03
 8.4460e+00  2.6086e-03
 8.4640e+00  1.6937e-03
 8.4820e+00  2.0291e-03
 8.5000e+00  1.7253e-03
 8.5180e+00  1.2717e-03
 8.5350e+00  1.2649e-03
 8.5530e+00  1.6094e-03
 8.5710e+00  2.3038e-03
 8.5890e+00  2.5761e-03
 8.6070e+00  2.6334e-03
 8.6260e+00  2.6525e-03
 8.6440e+00  2.7212e-03
 8.6620e+00  2.0100e-03
 8.6800e+00  2.2384e-03
 8.6980e+00  3.2085e-03
 8.7170e+00  4.0830e-03
 8.7350e+00  2.3488e-03
 8.7530e+00  9.9686e-04
 8.7720e+00  7.4726e-04
 8.7900e+00  8.2123e-04
 8.8090e+00  9.8983e-04
 8.8270e+00  3.2278e-03
 9.1000e+00  1.0000e+05
 1.0690e+01  1.8430e-03
 1.0710e+01  2.9126e-03
 1.0740e+01  2.4690e-03
 1.0760e+01  1.7789e-03
 1.0780e+01  1.1934e-03
 1.0810e+01  1.3669e-03
 1.0830e+01  1.5594e-03
 1.0850e+01  2.1358e-03
 1.0880e+01  2.9285e-03
 1.0900e+01  3.2359e-03
 1.0920e+01  2.8283e-03
 1.0950e+01  2.7202e-03
 1.0970e+01  2.2496e-03
 1.0990e+01  1.6855e-03
 1.1020e+01  1.7530e-03
 1.1040e+01  7.2551e-04
 1.1060e+01  2.0390e-03
 1.1090e+01  1.8892e-03
 1.1110e+01  2.0424e-03
 1.1140e+01  2.5243e-03
 1.1160e+01  2.8035e-03
 1.1180e+01  2.5840e-03
 1.1210e+01  1.8127e-03
 1.1230e+01  1.5403e-03
 1.1260e+01  1.4154e-03
 1.1280e+01  1.2273e-03
 1.1310e+01  1.7294e-03
 1.1330e+01  1.6585e-03
 1.1350e+01  1.4164e-03
 1.1380e+01  1.4164e-03
 1.1400e+01  1.0617e-03
 1.1430e+01  1.0933e-03
 1.1450e+01  8.8657e-04
 1.1480e+01  8.7958e-04
 1.1500e+01  1.9321e-03
 1.1530e+01  2.3612e-03
 1.1550e+01  2.1292e-03
 1.1580e+01  1.7982e-03
 1.1600e+01  9.7588e-04
 1.1630e+01  1.3782e-03
 1.1650e+01  8.0451e-04
 1.1680e+01  7.9259e-04
 1.1710e+01  9.5673e-04
 1.1730e+01  1.6011e-03
 1.1760e+01  1.3984e-03
 1.1780e+01  2.1021e-03
 1.1810e+01  1.7722e-03
 1.1830e+01  2.2283e-03
 1.1860e+01  2.0482e-03
 1.1880e+01  1.0746e-03
 1.1910e+01  9.4537e-04
 1.1940e+01  8.9225e-04
 1.1960e+01  9.9889e-04
 1.1990e+01  9.2929e-04
 1.2020e+01  9.8535e-04
 1.2040e+01  1.1688e-03
 1.2070e+01  1.5584e-03
 1.2090e+01  2.0708e-03
 1.2120e+01  2.5639e-03
 1.2150e+01  2.6653e-03
 1.2170e+01  3.0470e-03
 1.2200e+01  2.1180e-03
 1.2230e+01  1.3411e-03
 1.2250e+01  9.0510e-04
 1.2280e+01  9.0240e-04
 1.2310e+01  9.3955e-04
 1.2330e+01  1.2048e-03
 1.2360e+01  1.1733e-03
 1.2390e+01  2.4299e-03
 1.2420e+01  2.2497e-03
 1.2440e+01  1.8264e-03
 1.2470e+01  1.4334e-03
 1.2500e+01  1.0956e-03
 1.2530e+01  9.1242e-04
 1.2550e+01  8.5342e-04
 1.2580e+01  1.2701e-03
 1.2610e+01  1.0728e-03
 1.2640e+01  2.1766e-03
 1.2660e+01  1.9694e-03
 1.2690e+01  1.7116e-03
 1.2720e+01  1.9874e-03
 1.2750e+01  1.8973e-03
 1.2780e+01  1.8715e-03
 1.2800e+01  1.3467e-03
 1.2830e+01  9.9224e-04
 1.2860e+01  1.0840e-03
 1.2890e+01  1.6338e-03
 1.2920e+01  1.1088e-03
 1.2950e+01  1.7364e-03
 1.2980e+01  1.9706e-03
 1.3000e+01  2.1271e-03
 1.3030e+01  2.1823e-03
 1.3060e+01  1.9413e-03
 1.3090e+01  1.4999e-03
 1.3120e+01  1.2049e-03
 1.3150e+01  1.0580e-03
 1.3180e+01  1.0911e-03
 1.3210e+01  1.3479e-03
 1.3240e+01  1.1632e-03
 1.3270e+01  1.1801e-03
 1.3300e+01  1.2578e-03
 1.3320e+01  1.5495e-03
 1.3350e+01  1.4909e-03
 1.3380e+01  1.5686e-03
 1.3410e+01  1.5595e-03
 1.3440e+01  1.3558e-03
 1.3470e+01  1.7172e-03
 1.3500e+01  1.3231e-03
 1.3530e+01  2.0122e-03
 1.3560e+01  2.0877e-03
 1.3590e+01  2.3252e-03
 1.3620e+01  2.4582e-03
 1.3650e+01  1.9008e-03
 1.3690e+01  1.8636e-03
 1.3720e+01  1.9357e-03
 1.3750e+01  1.7015e-03
 1.3780e+01  1.5258e-03
 1.3810e+01  1.8749e-03
 1.3840e+01  1.1222e-03
 1.3870e+01  9.9521e-04
 1.3900e+01  1.1891e-03
 1.3930e+01  1.2352e-03
 1.3960e+01  1.9582e-03
 1.3990e+01  2.3794e-03
 1.4030e+01  2.3118e-03
 1.4060e+01  9.7102e-04
 1.4090e+01  9.5188e-04
 1.4120e+01  1.2342e-03
 1.4150e+01  1.1351e-03
 1.4180e+01  1.0890e-03
 1.4220e+01  9.3170e-04
 1.4250e+01  1.2060e-03
 1.4280e+01  1.1117e-03
 1.4310e+01  1.1835e-03
 1.4340e+01  1.7184e-03
 1.4380e+01  1.9943e-03
 1.4410e+01  2.0034e-03
 1.4440e+01  2.1216e-03
 1.4470e+01  2.3693e-03
 1.4510e+01  2.5291e-03
 1.4540e+01  2.3062e-03
 1.4570e+01  2.4369e-03
 1.4610e+01  2.1429e-03
 1.4640e+01  1.5450e-03
 1.4670e+01  1.3266e-03
 1.4710e+01  1.0975e-03
 1.4740e+01  1.0004e-03
 1.4770e+01  1.4470e-03
 1.4810e+01  2.1857e-03
 1.4840e+01  2.2116e-03
 1.4870e+01  2.1125e-03
 1.4910e+01  1.6846e-03
 1.4940e+01  1.4234e-03
 1.4970e+01  1.0181e-03
 1.5010e+01  1.0179e-03
 1.5040e+01  1.1019e-03
 1.5080e+01  1.2162e-03
 1.5110e+01  1.4752e-03
 1.5150e+01  2.8343e-03
 1.5180e+01  3.1001e-03
 1.5210e+01  2.1530e-03
 1.5250e+01  2.0359e-03
 1.5280e+01  1.7488e-03
 1.5320e+01  8.4420e-04
 1.5350e+01  1.2297e-03
 1.5390e+01  1.2354e-03
 1.5420e+01  1.2793e-03
 1.5460e+01  1.3874e-03
 1.5490e+01  2.1802e-03
 1.5530e+01  2.2961e-03
 1.5570e+01  1.6914e-03
 1.5600e+01  1.2612e-03
 1.5640e+01  9.7655e-04
 1.5670e+01  1.2533e-03
 1.5710e+01  1.4864e-03
 1.5740e+01  1.5664e-03
 1.5780e+01  1.6441e-03
 1.5820e+01  2.0506e-03
 1.5850e+01  2.2195e-03
 1.5890e+01  2.4853e-03
 1.5930e+01  1.3446e-03
 1.5960e+01  1.8400e-03
 1.6000e+01  1.1187e-03
 1.6040e+01  1.1272e-03
 1.6070e+01  2.5247e-03
 1.6110e+01  2.4223e-03
 1.6150e+01  2.2792e-03
 1.6190e+01  2.2691e-03
 1.6220e+01  2.0022e-03
 1.6260e+01  1.6554e-03
 1.6300e+01  1.3198e-03
 1.6340e+01  1.2444e-03
 1.6370e+01  1.2263e-03
 1.6410e+01  1.0384e-03
 1.6450e+01  2.0946e-03
 1.6490e+01  1.6351e-03
 1.6530e+01  2.6453e-03
 1.6560e+01  2.3052e-03
 1.6600e+01  2.5551e-03
 1.6640e+01  2.2646e-03
 1.6680e+01  1.4336e-03
 1.6720e+01  1.2815e-03
 1.6760e+01  6.4628e-04
 1.6800e+01  9.3448e-04
 1.6840e+01  1.3592e-03
 1.6880e+01  1.5743e-03
 1.6910e+01  2.8490e-03
 1.6950e+01  2.9561e-03
 1.6990e+01  2.4628e-03
 1.7030e+01  1.7387e-03
 1.7070e+01  1.3637e-03
 1.7110e+01  8.5202e-04
 1.7150e+01  8.6149e-04
 1.7190e+01  9.1487e-04
 1.7230e+01  1.1329e-03
 1.7270e+01  1.5586e-03
 1.7310e+01  2.5360e-03
 1.7360e+01  2.9031e-03
 1.7400e+01  2.8784e-03
 1.7440e+01  1.5259e-03
 1.7480e+01  1.3254e-03
 1.7520e+01  9.3521e-04
 1.7560e+01  8.0504e-04
 1.7600e+01  1.1100e-03
 1.7640e+01  1.3919e-03
 1.7680e+01  2.4178e-03
 1.7730e+01  2.4482e-03
 1.7770e+01  2.5743e-03
 1.7810e+01  2.6418e-03
 1.7850e+01  2.6036e-03
 1.7890e+01  2.3986e-03
 1.7940e+01  2.1362e-03
 1.7980e+01  9.0099e-04
 1.8020e+01  8.9108e-04
 1.8060e+01  1.3739e-03
 1.8110e+01  1.0176e-03
 1.8150e+01  2.5158e-03
 1.8190e+01  1.7985e-03
 1.8240e+01  2.3919e-03
 1.8280e+01  1.5428e-03
 1.8320e+01  1.4099e-03
 1.8370e+01  1.3446e-03
 1.8410e+01  1.5214e-03
 1.8450e+01  1.3255e-03
 1.8500e+01  2.1576e-03
 1.8540e+01  2.1621e-03
 1.8590e+01  2.2230e-03
 1.8630e+01  1.3468e-03
 1.8680e+01  1.4493e-03
 1.8720e+01  1.7568e-03
 1.8770e+01  1.7928e-03
 1.8810e+01  1.8333e-03
 1.8860e+01  1.1234e-03
 1.8900e+01  1.2106e-03
 1.8950e+01  1.6734e-03
 1.8990e+01  2.0225e-03
 1.9040e+01  3.0000e-03
 1.9080e+01  2.3603e-03
 1.9130e+01  2.0833e-03
 1.9170e+01  1.9628e-03
 1.9220e+01  1.6340e-03
 1.9270e+01  1.3221e-03
 1.9310e+01  1.2692e-03
 1.9360e+01  1.6712e-03
 1.9410e+01  1.7939e-03
 1.9450e+01  2.1036e-03
 1.9500e+01  2.0124e-03
 1.9550e+01  1.5034e-03
 1.9600e+01  1.3176e-03
 1.9640e+01  1.3412e-03
 1.9690e+01  1.3367e-03
 1.9740e+01  1.3581e-03
 1.9790e+01  1.6599e-03
 1.9830e+01  1.6520e-03
 1.9880e+01  1.4099e-03
 1.9930e+01  1.1656e-03
 1.9980e+01  1.2680e-03
 2.0030e+01  1.1329e-03
 2.0080e+01  2.0147e-03
 2.0130e+01  2.0811e-03
 2.0170e+01  2.3075e-03
 2.0220e+01  2.3041e-03
 2.0270e+01  2.2523e-03
 2.0320e+01  1.7636e-03
 2.0370e+01  1.4854e-03
 2.0420e+01  1.4752e-03
 2.0470e+01  1.7455e-03
 2.0520e+01  1.7928e-03
 2.0570e+01  2.6104e-03
 2.0620e+01  1.8626e-03
 2.0670e+01  1.8739e-03
 2.0720e+01  1.6633e-03
 2.0780e+01  1.8558e-03
 2.0830e+01  1.5293e-03
 2.0880e+01  1.4910e-03
 2.0930e+01  1.4988e-03
 2.0980e+01  1.6013e-03
 2.1030e+01  1.4527e-03
 2.1080e+01  2.0101e-03
 2.1140e+01  2.4065e-03
 2.1190e+01  2.2973e-03
 2.1240e+01  2.3210e-03
 2.1290e+01  2.3098e-03
 2.1350e+01  2.4449e-03
 2.1400e+01  2.0844e-03
 2.1450e+01  1.8525e-03
 2.1510e+01  1.7432e-03
 2.1560e+01  1.6182e-03
 2.1610e+01  1.5349e-03
 2.1670e+01  1.3840e-03
 2.1720e+01  1.8919e-03
 2.1780e+01  2.1713e-03
 2.1830e+01  2.8964e-03
 2.1880e+01  2.9065e-03
 2.1940e+01  1.8142e-03
 2.1990e+01  1.9166e-03
 2.2050e+01  1.7827e-03
 2.2100e+01  1.6273e-03
 2.2160e+01  1.1611e-03
 2.2210e+01  1.7196e-03
 2.2270e+01  1.6982e-03
 2.2330e+01  1.6599e-03
 2.2380e+01  1.1118e-03
 2.2440e+01  1.8232e-03
 2.2500e+01  2.2962e-03
 2.2550e+01  1.2602e-03
 2.2610e+01  1.3435e-03
 2.2670e+01  1.2590e-03
 2.2720e+01  1.3311e-03
 2.2780e+01  1.2478e-03
 2.2840e+01  1.5609e-03
 2.2900e+01  1.5496e-03
 2.2950e+01  1.5710e-03
 2.3010e+01  1.4257e-03
 2.3070e+01  1.8120e-03
 2.3130e+01  2.3931e-03
 2.3190e+01  2.3728e-03
 2.3250e+01  2.5169e-03
 2.3310e+01  2.4438e-03
 2.3370e+01  1.9562e-03
 2.3430e+01  2.1938e-03
 2.3490e+01  2.1612e-03
 2.3550e+01  2.3008e-03
 2.3610e+01  2.2759e-03
 2.3670e+01  2.2860e-03
 2.3730e+01  2.2161e-03
 2.3790e+01  2.1835e-03
 2.3850e+01  2.0586e-03
 2.3910e+01  1.8964e-03
 2.3970e+01  1.8175e-03
 2.4030e+01  2.4053e-03
 2.4090e+01  1.7455e-03
 2.4160e+01  1.5631e-03
 2.4220e+01  2.0079e-03
 2.4280e+01  1.7083e-03
 2.4340e+01  1.6104e-03
 2.4410e+01  1.6227e-03
 2.4470e+01  1.6880e-03
 2.4530e+01  1.8480e-03
 2.4600e+01  2.3154e-03
 2.4660e+01  2.0721e-03
 2.4720e+01  1.7139e-03
 2.4790e+01  1.7038e-03
 2.4850e+01  2.0778e-03
 2.4920e+01  2.0496e-03
 2.4980e+01  2.1577e-03
 2.5050e+01  2.3052e-03
 2.5110e+01  2.8051e-03
 2.5180e+01  2.6441e-03
 2.5240e+01  2.6284e-03
 2.5310e+01  2.4460e-03
 2.5380e+01  2.1577e-03
 2.5440e+01  1.1057e-03
 2.5510e+01  1.2410e-03
 2.5580e+01  1.5416e-03
 2.5640e+01  2.0135e-03
 2.5710e+01  2.2894e-03
 2.5780e+01  2.3626e-03
 2.5850e+01  3.3209e-03
 2.5920e+01  2.1532e-03
 2.5980e+01  1.9876e-03
 2.6050e+01  1.9190e-03
 2.6120e+01  1.8660e-03
 2.6190e+01  1.5191e-03
 2.6260e+01  1.5259e-03
 2.6330e+01  1.5732e-03
 2.6400e+01  1.4730e-03
 2.6470e+01  2.4100e-03
 2.6540e+01  2.4640e-03
 2.6610e+01  2.3536e-03
 2.6680e+01  2.4573e-03
 2.6750e+01  1.2602e-03
 2.6830e+01  1.1825e-03
 2.6900e+01  1.1667e-03
 2.6970e+01  1.6531e-03
 2.7040e+01  1.8390e-03
 2.7110e+01  1.5338e-03
 2.7190e+01  2.9415e-03
 2.7260e+01  2.2376e-03
 2.7330e+01  2.3435e-03
 2.7410e+01  2.6273e-03
 2.7480e+01  2.6610e-03
 2.7550e+01  2.6160e-03
 2.7630e+01  2.4617e-03
 2.7700e+01  1.4211e-03
 2.7780e+01  2.0968e-03
 2.7850e+01  2.2623e-03
 2.7930e+01  1.6757e-03
 2.8010e+01  1.6172e-03
 2.8080e+01  1.5586e-03
 2.8160e+01  1.6644e-03
 2.8230e+01  1.8389e-03
 2.8310e+01  2.4369e-03
 2.8390e+01  2.7388e-03
 2.8470e+01  2.8109e-03
 2.8540e+01  2.5124e-03
 2.8620e+01  2.5495e-03
 2.8700e+01  2.5439e-03
 2.8780e+01  2.2985e-03
 2.8860e+01  2.5282e-03
 2.8940e+01  2.5474e-03
 2.9020e+01  2.6048e-03
 2.9100e+01  2.1239e-03
 2.9180e+01  3.0418e-03
 2.9260e+01  3.0969e-03
 2.9340e+01  3.3265e-03
 2.9420e+01  2.7376e-03
 2.9500e+01  2.8052e-03
 2.9580e+01  2.2488e-03
 2.9670e+01  1.9606e-03
 2.9750e+01  1.6925e-03
 2.9830e+01  1.5439e-03
 2.9910e+01  1.5766e-03
 3.0000e+01  1.5575e-03
 3.0080e+01  1.6622e-03
 3.0170e+01  2.1127e-03
 3.0250e+01  2.3018e-03
 3.0340e+01  2.2264e-03
 3.0420e+01  3.2455e-03
 3.0510e+01  2.5079e-03
 3.0590e+01  2.3153e-03
 3.0680e+01  1.8176e-03
 3.0770e+01  1.6363e-03
 3.0850e+01  1.7714e-03
 3.0940e+01  1.6768e-03
 3.1030e+01  1.3548e-03
 3.1110e+01  2.0338e-03
 3.1200e+01  2.2500e-03
 3.1290e+01  2.5754e-03
 3.1380e+01  4.0269e-03
 3.1470e+01  3.3716e-03
 3.1560e+01  1.6825e-03
 3.1650e+01  1.6408e-03
 3.1740e+01  1.4415e-03
 3.1830e+01  1.4268e-03
 3.1920e+01  1.3863e-03
 3.2010e+01  1.4696e-03
 3.2110e+01  1.6217e-03
 3.2200e+01  1.9899e-03
 3.2290e+01  2.7005e-03
 3.2380e+01  3.0328e-03
 3.2480e+01  3.0699e-03
 3.2570e+01  2.9269e-03
 3.2670e+01  1.5023e-03
 3.2760e+01  1.6408e-03
 3.2860e+01  2.1599e-03
 3.2950e+01  2.4504e-03
 3.3050e+01  2.9798e-03
 3.3140e+01  3.0204e-03
 3.3240e+01  2.7703e-03
 3.3340e+01  2.7342e-03
 3.3440e+01  2.0957e-03
 3.3530e+01  1.2669e-03
 3.3630e+01  1.1959e-03
 3.3730e+01  1.7590e-03
 3.3830e+01  1.8559e-03
 3.3930e+01  1.8998e-03
 3.4030e+01  2.7343e-03
 3.4130e+01  2.8390e-03
 3.4230e+01  2.4459e-03
 3.4330e+01  2.4121e-03
 3.4440e+01  2.1711e-03
 3.4540e+01  1.9335e-03
 3.4640e+01  2.0338e-03
 3.4750e+01  2.7962e-03
 3.4850e+01  3.0237e-03
 3.4950e+01  3.6723e-03
 3.5060e+01  2.8515e-03
 3.5160e+01  2.5406e-03
 3.5270e+01  1.7905e-03
 3.5380e+01  2.8931e-03
 3.5480e+01  2.6419e-03
 3.5590e+01  1.9977e-03
 3.5700e+01  2.7557e-03
 3.5800e+01  3.1566e-03
 3.5910e+01  3.4763e-03
 3.6020e+01  3.8716e-03
 3.6130e+01  3.4730e-03
 3.6240e+01  2.4549e-03
 3.6350e+01  2.5327e-03
 3.6460e+01  2.1239e-03
 3.6580e+01  1.9944e-03
 3.6690e+01  2.8525e-03
 3.6800e+01  2.1171e-03
 3.6910e+01  2.3592e-03
 3.7030e+01  3.1340e-03
 3.7140e+01  2.6363e-03
 3.7260e+01  2.8108e-03
 3.7370e+01  2.2669e-03
 3.7490e+01  1.9628e-03
 3.7610e+01  2.4200e-03
 3.7720e+01  4.0370e-03
 3.7840e+01  3.6756e-03
 3.7960e+01  2.9381e-03
 3.8080e+01  3.3244e-03
 3.8200e+01  3.3434e-03
 3.8320e+01  1.4966e-03
 3.8440e+01  1.5416e-03
 3.8560e+01  2.4200e-03
 3.8680e+01  2.7060e-03
 3.8800e+01  3.1802e-03
 3.8930e+01  2.5147e-03
 3.9050e+01  2.1869e-03
 3.9170e+01  1.8085e-03
 3.9300e+01  2.0236e-03
 3.9420e+01  1.7568e-03
 3.9550e+01  2.0158e-03
 3.9680e+01  2.1250e-03
 3.9800e+01  2.1227e-03
 3.9930e+01  1.8908e-03
 4.0060e+01  1.7083e-03
 4.0190e+01  1.7838e-03
 4.0320e+01  2.0991e-03
 4.0450e+01  2.1566e-03
 4.0580e+01  4.4730e-03
 4.0710e+01  4.3626e-03
 4.0850e+01  3.7038e-03
 4.0980e+01  1.8378e-03
 4.1110e+01  2.6373e-03
 4.1250e+01  2.4583e-03
 4.1380e+01  2.4842e-03
 4.1520e+01  3.2162e-03
 4.1660e+01  3.1678e-03
 4.1800e+01  3.3130e-03
 4.1930e+01  2.8468e-03
 4.2070e+01  2.7658e-03
 4.2210e+01  2.2433e-03
 4.2350e+01  3.0045e-03
 4.2500e+01  3.2341e-03
 4.2640e+01  3.2296e-03
 4.2780e+01  3.1317e-03
 4.2920e+01  2.8908e-03
 4.3070e+01  2.6351e-03
 4.3220e+01  2.3749e-03
 4.3360e+01  2.2646e-03
 4.3510e+01  2.2027e-03
 4.3660e+01  2.1656e-03
 4.3810e+01  2.1610e-03
 4.3950e+01  3.4267e-03
 4.4110e+01  2.4753e-03
 4.4260e+01  3.2827e-03
 4.4410e+01  3.4538e-03
 4.4560e+01  3.1993e-03
 4.4720e+01  2.3457e-03
 4.4870e+01  2.1847e-03
 4.5030e+01  1.6396e-03
 4.5180e+01  2.3919e-03
 4.5340e+01  2.5068e-03
 4.5500e+01  4.4234e-03
 4.5660e+01  3.9752e-03
 4.5820e+01  3.9651e-03
 4.5980e+01  3.7837e-03
 4.6140e+01  3.1993e-03
 4.6310e+01  2.7556e-03
 4.6470e+01  3.0912e-03
 4.6640e+01  2.9268e-03
 4.6800e+01  2.7995e-03
 4.6970e+01  2.7038e-03
 4.7140e+01  2.5045e-03
 4.7310e+01  2.4708e-03
 4.7480e+01  2.5709e-03
 4.7650e+01  2.8006e-03
 4.7820e+01  3.6329e-03
 4.8000e+01  2.7376e-03
 4.8170e+01  2.5305e-03
 4.8350e+01  2.8716e-03
 4.8530e+01  2.5157e-03
 4.8700e+01  3.5045e-03
 4.8880e+01  2.7646e-03
 4.9070e+01  2.7454e-03
 4.9250e+01  2.4685e-03
 4.9430e+01  2.3581e-03
 4.9610e+01  2.0439e-03
 4.9800e+01  2.5168e-03
 4.9990e+01  2.6103e-03
 5.0180e+01  2.9617e-03
 5.0360e+01  3.0304e-03
 5.0560e+01  2.9370e-03
 5.0750e+01  2.6610e-03
 5.0940e+01  2.5641e-03
 5.1140e+01  2.5833e-03
 5.1330e+01  2.7309e-03
 5.1530e+01  3.0248e-03
 5.1730e+01  4.0303e-03
 5.1930e+01  4.3368e-03
 5.2130e+01  4.4021e-03
 5.2330e+01  4.3435e-03
 5.2540e+01  4.1599e-03
 5.2740e+01  3.9436e-03
 5.2950e+01  2.7816e-03
 5.3160e+01  2.9077e-03
 5.3370e+01  2.6543e-03
 5.3580e+01  2.5405e-03
 5.3800e+01  2.4178e-03
 5.4010e+01  2.4290e-03
 5.4230e+01  2.3513e-03
 5.4450e+01  2.4054e-03
 5.4670e+01  2.2184e-03
 5.4890e+01  2.3085e-03
 5.5110e+01  2.4279e-03
 5.5340e+01  3.5438e-03
 5.5570e+01  3.9414e-03
 5.5800e+01  4.0473e-03
 5.6030e+01  3.7286e-03
 5.6260e+01  2.9257e-03
 5.6490e+01  4.0033e-03
 5.6730e+01  4.3174e-03
 5.6970e+01  4.5584e-03
 5.7210e+01  4.6047e-03
 5.7450e+01  4.8479e-03
 5.7700e+01  3.7229e-03
 5.7940e+01  3.2974e-03
 5.8190e+01  3.3131e-03
 5.8440e+01  3.1429e-03
 5.8690e+01  3.2060e-03
 5.8950e+01  3.3874e-03
 5.9210e+01  3.8705e-03
 5.9470e+01  3.2668e-03
 5.9730e+01  3.0935e-03
 5.9990e+01  3.0213e-03
 6.0260e+01  3.1170e-03
 6.0530e+01  2.7297e-03
 6.0800e+01  3.3085e-03
 6.1070e+01  3.6216e-03
 6.1350e+01  4.0080e-03
 6.1630e+01  4.2049e-03
 6.1910e+01  4.2095e-03
 6.2200e+01  5.1385e-03
 6.2480e+01  4.6937e-03
 6.2770e+01  4.2185e-03
 6.3060e+01  4.3017e-03
 6.3360e+01  2.4865e-03
 6.3660e+01  2.6622e-03
 6.3960e+01  3.3795e-03
 6.4260e+01  3.4110e-03
 6.4570e+01  4.1824e-03
 6.4880e+01  4.9978e-03
 6.5200e+01  5.2253e-03
 6.5510e+01  4.3580e-03
 6.5830e+01  4.0675e-03
 6.6160e+01  4.6047e-03
 6.6480e+01  4.0857e-03
 6.6820e+01  3.1881e-03
 6.7150e+01  1.9685e-03
 6.7490e+01  3.5597e-03
 6.7830e+01  5.1126e-03
 6.8180e+01  5.7589e-03
 6.8530e+01  6.2205e-03
 6.8880e+01  3.7285e-03
 6.9240e+01  2.8062e-03
 6.9600e+01  2.6182e-03
