#      mass       lower
 2.1410e-01  3.2755e-04
 2.1420e-01  2.9418e-04
 2.1430e-01  1.7294e-04
 2.1450e-01  1.4065e-04
 2.1460e-01  1.2333e-04
 2.1470e-01  1.7013e-04
 2.1490e-01  2.5762e-04
 2.1500e-01  3.5974e-04
 2.1520e-01  4.0084e-04
 2.1530e-01  3.2270e-04
 2.1550e-01  3.1194e-04
 2.1560e-01  2.2365e-04
 2.1580e-01  2.0338e-04
 2.1590e-01  2.0812e-04
 2.1610e-01  2.2937e-04
 2.1620e-01  2.3527e-04
 2.1640e-01  3.3890e-04
 2.1660e-01  2.6867e-04
 2.1670e-01  2.5494e-04
 2.1690e-01  2.7678e-04
 2.1710e-01  3.0247e-04
 2.1730e-01  3.3020e-04
 2.1750e-01  4.0354e-04
 2.1770e-01  2.5303e-04
 2.1780e-01  1.5908e-04
 2.1800e-01  2.2339e-04
 2.1820e-01  1.5933e-04
 2.1840e-01  1.3970e-04
 2.1860e-01  1.3489e-04
 2.1880e-01  1.9696e-04
 2.1910e-01  2.8020e-04
 2.1930e-01  3.3952e-04
 2.1950e-01  3.6531e-04
 2.1970e-01  3.6616e-04
 2.1990e-01  3.6419e-04
 2.2010e-01  3.6107e-04
 2.2040e-01  3.7933e-04
 2.2060e-01  3.8507e-04
 2.2080e-01  3.3841e-04
 2.2110e-01  3.3697e-04
 2.2130e-01  3.2958e-04
 2.2160e-01  2.9154e-04
 2.2180e-01  1.8989e-04
 2.2200e-01  2.7671e-04
 2.2230e-01  2.0083e-04
 2.2260e-01  3.1069e-04
 2.2280e-01  3.1166e-04
 2.2310e-01  2.6620e-04
 2.2330e-01  2.5631e-04
 2.2360e-01  2.1326e-04
 2.2390e-01  1.9794e-04
 2.2410e-01  1.9332e-04
 2.2440e-01  2.2504e-04
 2.2470e-01  2.3514e-04
 2.2500e-01  2.9461e-04
 2.2530e-01  3.4879e-04
 2.2560e-01  3.8629e-04
 2.2590e-01  3.3213e-04
 2.2620e-01  2.6866e-04
 2.2650e-01  2.7979e-04
 2.2680e-01  1.9006e-04
 2.2710e-01  1.8877e-04
 2.2740e-01  2.1723e-04
 2.2770e-01  2.9211e-04
 2.2800e-01  2.3936e-04
 2.2830e-01  2.8800e-04
 2.2860e-01  3.7712e-04
 2.2900e-01  4.4956e-04
 2.2930e-01  3.8659e-04
 2.2960e-01  3.6695e-04
 2.3000e-01  3.2622e-04
 2.3030e-01  3.0061e-04
 2.3060e-01  2.8446e-04
 2.3100e-01  2.8525e-04
 2.3130e-01  3.1503e-04
 2.3170e-01  3.3131e-04
 2.3200e-01  3.0667e-04
 2.3240e-01  2.8618e-04
 2.3270e-01  1.9117e-04
 2.3310e-01  1.7082e-04
 2.3350e-01  1.7361e-04
 2.3380e-01  2.1521e-04
 2.3420e-01  2.6703e-04
 2.3460e-01  3.1889e-04
 2.3500e-01  3.9129e-04
 2.3530e-01  3.3830e-04
 2.3570e-01  3.4347e-04
 2.3610e-01  3.0538e-04
 2.3650e-01  4.0866e-04
 2.3690e-01  4.2038e-04
 2.3730e-01  3.9778e-04
 2.3770e-01  2.9216e-04
 2.3810e-01  2.8302e-04
 2.3850e-01  3.4481e-04
 2.3890e-01  3.7368e-04
 2.3930e-01  2.8340e-04
 2.3980e-01  2.5115e-04
 2.4020e-01  2.5038e-04
 2.4060e-01  2.6446e-04
 2.4100e-01  3.5072e-04
 2.4150e-01  3.2286e-04
 2.4190e-01  2.8874e-04
 2.4230e-01  1.8574e-04
 2.4280e-01  2.2675e-04
 2.4320e-01  2.0093e-04
 2.4370e-01  2.4227e-04
 2.4410e-01  3.3429e-04
 2.4460e-01  3.7719e-04
 2.4500e-01  4.6910e-04
 2.4550e-01  4.3746e-04
 2.4600e-01  4.3514e-04
 2.4640e-01  3.4846e-04
 2.4690e-01  4.3258e-04
 2.4740e-01  3.8111e-04
 2.4780e-01  2.6769e-04
 2.4830e-01  3.4635e-04
 2.4880e-01  3.5120e-04
 2.4930e-01  2.1271e-04
 2.4980e-01  1.9341e-04
 2.5030e-01  1.8454e-04
 2.5080e-01  1.9757e-04
 2.5130e-01  2.9325e-04
 2.5180e-01  3.0456e-04
 2.5230e-01  2.6101e-04
 2.5280e-01  2.3141e-04
 2.5330e-01  2.1447e-04
 2.5380e-01  2.5416e-04
 2.5430e-01  3.1007e-04
 2.5480e-01  4.3757e-04
 2.5540e-01  3.7725e-04
 2.5590e-01  3.5091e-04
 2.5640e-01  3.3831e-04
 2.5700e-01  3.7182e-04
 2.5750e-01  2.5101e-04
 2.5800e-01  3.4622e-04
 2.5860e-01  2.3202e-04
 2.5910e-01  2.9398e-04
 2.5970e-01  3.2635e-04
 2.6020e-01  3.5098e-04
 2.6080e-01  3.4949e-04
 2.6130e-01  3.3802e-04
 2.6190e-01  3.3404e-04
 2.6250e-01  4.1412e-04
 2.6300e-01  4.0961e-04
 2.6360e-01  4.0105e-04
 2.6420e-01  2.8062e-04
 2.6480e-01  1.8719e-04
 2.6530e-01  2.0825e-04
 2.6590e-01  2.2044e-04
 2.6650e-01  3.8762e-04
 2.6710e-01  5.6739e-04
 2.6770e-01  4.7145e-04
 2.6830e-01  4.1705e-04
 2.6890e-01  2.3815e-04
 2.6950e-01  2.1618e-04
 2.7010e-01  2.5660e-04
 2.7070e-01  2.1062e-04
 2.7130e-01  3.5514e-04
 2.7190e-01  3.6912e-04
 2.7260e-01  4.0968e-04
 2.7320e-01  4.1069e-04
 2.7380e-01  4.4288e-04
 2.7440e-01  3.6380e-04
 2.7510e-01  3.1430e-04
 2.7570e-01  2.9264e-04
 2.7630e-01  2.2379e-04
 2.7700e-01  1.9921e-04
 2.7760e-01  1.6814e-04
 2.7830e-01  1.5937e-04
 2.7890e-01  3.0440e-04
 2.7960e-01  3.9015e-04
 2.8020e-01  4.6214e-04
 2.8090e-01  6.2268e-04
 2.8160e-01  6.1173e-04
 2.8220e-01  4.6491e-04
 2.8290e-01  3.7633e-04
 2.8360e-01  1.8922e-04
 2.8420e-01  1.7374e-04
 2.8490e-01  2.1237e-04
 2.8560e-01  2.6206e-04
 2.8630e-01  3.6902e-04
 2.8700e-01  4.7176e-04
 2.8770e-01  5.7124e-04
 2.8830e-01  4.5727e-04
 2.8900e-01  4.6883e-04
 2.8970e-01  3.8257e-04
 2.9040e-01  4.4791e-04
 2.9120e-01  2.9008e-04
 2.9190e-01  1.6728e-04
 2.9260e-01  1.5515e-04
 2.9330e-01  1.8369e-04
 2.9400e-01  3.0636e-04
 2.9470e-01  4.8682e-04
 2.9540e-01  5.9036e-04
 2.9620e-01  4.2288e-04
 2.9690e-01  4.6791e-04
 2.9760e-01  3.2323e-04
 2.9840e-01  2.7860e-04
 2.9910e-01  2.4211e-04
 2.9990e-01  1.5510e-04
 3.0060e-01  2.1603e-04
 3.0140e-01  2.9040e-04
 3.0210e-01  4.2973e-04
 3.0290e-01  4.8281e-04
 3.0360e-01  4.9004e-04
 3.0440e-01  4.9448e-04
 3.0510e-01  4.9471e-04
 3.0590e-01  4.2486e-04
 3.0670e-01  3.9887e-04
 3.0740e-01  3.5079e-04
 3.0820e-01  3.2027e-04
 3.0900e-01  3.7025e-04
 3.0980e-01  3.0191e-04
 3.1060e-01  2.6251e-04
 3.1130e-01  3.0779e-04
 3.1210e-01  3.7756e-04
 3.1290e-01  4.3669e-04
 3.1370e-01  3.8002e-04
 3.1450e-01  2.1944e-04
 3.1530e-01  2.2311e-04
 3.1610e-01  1.8973e-04
 3.1690e-01  1.6387e-04
 3.1780e-01  3.9290e-04
 3.1860e-01  4.7322e-04
 3.1940e-01  5.3193e-04
 3.2020e-01  5.5485e-04
 3.2100e-01  5.2186e-04
 3.2190e-01  5.1453e-04
 3.2270e-01  4.9460e-04
 3.2350e-01  4.5086e-04
 3.2430e-01  2.9983e-04
 3.2520e-01  2.0825e-04
 3.2600e-01  1.8782e-04
 3.2690e-01  2.3252e-04
 3.2770e-01  2.8831e-04
 3.2860e-01  4.0809e-04
 3.2940e-01  5.1879e-04
 3.3030e-01  5.7071e-04
 3.3110e-01  4.5201e-04
 3.3200e-01  4.7865e-04
 3.3280e-01  3.1588e-04
 3.3370e-01  2.9593e-04
 3.3460e-01  2.8752e-04
 3.3550e-01  2.8420e-04
 3.3630e-01  2.9312e-04
 3.3720e-01  2.6389e-04
 3.3810e-01  2.9985e-04
 3.3900e-01  4.0233e-04
 3.3990e-01  3.1295e-04
 3.4080e-01  3.6389e-04
 3.4160e-01  3.8323e-04
 3.4250e-01  2.7646e-04
 3.4340e-01  2.4479e-04
 3.4430e-01  2.9650e-04
 3.4520e-01  2.6717e-04
 3.4620e-01  3.7379e-04
 3.4710e-01  4.2371e-04
 3.4800e-01  5.3550e-04
 3.4890e-01  5.9583e-04
 3.4980e-01  4.4190e-04
 3.5070e-01  3.4818e-04
 3.5170e-01  2.8854e-04
 3.5260e-01  2.7219e-04
 3.5350e-01  2.2728e-04
 3.5440e-01  2.6378e-04
 3.5540e-01  4.6442e-04
 3.5630e-01  6.3465e-04
 3.5730e-01  6.7572e-04
 3.5820e-01  7.4331e-04
 3.5920e-01  5.9997e-04
 3.6010e-01  4.9943e-04
 3.6110e-01  4.1296e-04
 3.6200e-01  3.5349e-04
 3.6300e-01  3.3598e-04
 3.6390e-01  3.1154e-04
 3.6490e-01  3.0842e-04
 3.6590e-01  3.0981e-04
 3.6680e-01  4.5735e-04
 3.6780e-01  3.9725e-04
 3.6880e-01  3.9281e-04
 3.6980e-01  3.4018e-04
 3.7070e-01  2.8547e-04
 3.7170e-01  2.8955e-04
 3.7270e-01  3.0761e-04
 3.7370e-01  3.4975e-04
 3.7470e-01  4.0176e-04
 3.7570e-01  3.8840e-04
 3.7670e-01  3.5376e-04
 3.7770e-01  4.5070e-04
 3.7870e-01  3.4727e-04
 3.7970e-01  4.7686e-04
 3.8070e-01  4.8364e-04
 3.8170e-01  6.6999e-04
 3.8270e-01  5.1525e-04
 3.8380e-01  5.4585e-04
 3.8480e-01  5.4440e-04
 3.8580e-01  3.3599e-04
 3.8680e-01  5.9451e-04
 3.8790e-01  6.3763e-04
 3.8890e-01  5.8996e-04
 3.8990e-01  6.0374e-04
 3.9100e-01  7.1807e-04
 3.9200e-01  5.0395e-04
 3.9310e-01  4.1464e-04
 3.9410e-01  3.8143e-04
 3.9520e-01  3.3893e-04
 3.9620e-01  3.2597e-04
 3.9730e-01  3.3445e-04
 3.9830e-01  4.0631e-04
 3.9940e-01  4.4121e-04
 4.0040e-01  5.2222e-04
 4.0150e-01  4.8807e-04
 4.0260e-01  4.7644e-04
 4.0360e-01  3.7025e-04
 4.0470e-01  5.9382e-04
 4.0580e-01  6.0890e-04
 4.0690e-01  3.6498e-04
 4.0800e-01  3.6187e-04
 4.0900e-01  4.3937e-04
 4.1010e-01  3.9325e-04
 4.1120e-01  3.5555e-04
 4.1230e-01  3.4859e-04
 4.1340e-01  3.8336e-04
 4.1450e-01  5.2538e-04
 4.1560e-01  4.1645e-04
 4.1670e-01  6.3230e-04
 4.1780e-01  3.7995e-04
 4.1890e-01  3.9259e-04
 4.2010e-01  4.5619e-04
 4.2120e-01  5.8783e-04
 4.2230e-01  7.0820e-04
 4.2340e-01  7.9395e-04
 4.2450e-01  8.2515e-04
 4.2570e-01  7.9626e-04
 4.2680e-01  7.4506e-04
 4.2790e-01  6.5158e-04
 4.2910e-01  5.3221e-04
 4.3020e-01  4.3003e-04
 4.3140e-01  3.0069e-04
 4.3250e-01  3.0800e-04
 4.3360e-01  5.4966e-04
 4.3480e-01  6.1892e-04
 4.3600e-01  6.1061e-04
 4.3710e-01  5.8920e-04
 4.3830e-01  6.9662e-04
 4.3940e-01  3.9919e-04
 4.4060e-01  3.4616e-04
 4.4180e-01  3.2348e-04
 4.4290e-01  3.8690e-04
 4.4410e-01  7.8519e-04
 4.4530e-01  8.4723e-04
 4.4650e-01  7.1164e-04
 4.4760e-01  7.5279e-04
 4.4880e-01  7.6001e-04
 4.5000e-01  7.4748e-04
 4.5120e-01  4.9004e-04
 4.5240e-01  4.3411e-04
 4.5360e-01  4.3936e-04
 4.5480e-01  5.3657e-04
 4.5600e-01  5.5966e-04
 4.5720e-01  6.1181e-04
 4.5840e-01  6.8524e-04
 4.5960e-01  7.1997e-04
 4.6080e-01  7.7723e-04
 4.6200e-01  7.5533e-04
 4.6320e-01  6.5315e-04
 4.6450e-01  5.5536e-04
 4.6570e-01  4.2334e-04
 4.6690e-01  6.3991e-04
 4.6810e-01  5.8339e-04
 4.6940e-01  5.7498e-04
 4.7060e-01  5.2746e-04
 4.7180e-01  6.3018e-04
 4.7310e-01  6.0067e-04
 4.7430e-01  8.2243e-04
 4.7560e-01  8.3025e-04
 4.7680e-01  9.4053e-04
 4.7810e-01  7.3321e-04
 4.7930e-01  7.8920e-04
 4.8060e-01  7.1427e-04
 4.8180e-01  5.2874e-04
 4.8310e-01  4.1418e-04
 4.8440e-01  3.6653e-04
 4.8560e-01  4.8333e-04
 4.8690e-01  8.1680e-04
 4.8820e-01  5.6979e-04
 4.8950e-01  6.5281e-04
 4.9070e-01  1.0880e-03
 4.9200e-01  1.0298e-03
 4.9330e-01  7.9750e-04
 4.9460e-01  6.0686e-04
 4.9590e-01  3.8655e-04
 4.9720e-01  4.4562e-04
 4.9850e-01  3.6127e-04
 4.9980e-01  3.8016e-04
 5.0110e-01  3.5256e-04
 5.0240e-01  3.8756e-04
 5.0370e-01  4.6424e-04
 5.0500e-01  8.9929e-04
 5.0630e-01  1.1699e-03
 5.0760e-01  1.1332e-03
 5.0900e-01  9.5550e-04
 5.1030e-01  3.8867e-04
 5.1160e-01  2.8560e-04
 5.1290e-01  3.5080e-04
 5.1430e-01  4.6687e-04
 5.1560e-01  5.7253e-04
 5.1690e-01  7.2595e-04
 5.1830e-01  1.0541e-03
 5.1960e-01  1.0920e-03
 5.2100e-01  5.2250e-04
 5.2230e-01  4.5657e-04
 5.2370e-01  3.6113e-04
 5.3000e-01  1.0000e+05
 5.7270e-01  8.5317e-04
 5.7420e-01  7.5422e-04
 5.7570e-01  9.1079e-04
 5.7710e-01  1.1701e-03
 5.7860e-01  1.1077e-03
 5.8010e-01  6.6750e-04
 5.8150e-01  6.2182e-04
 5.8300e-01  4.7152e-04
 5.8450e-01  4.6091e-04
 5.8590e-01  3.9389e-04
 5.8740e-01  4.7121e-04
 5.8890e-01  6.8545e-04
 5.9040e-01  5.8264e-04
 5.9190e-01  8.9072e-04
 5.9340e-01  7.5277e-04
 5.9490e-01  9.7724e-04
 5.9640e-01  1.0877e-03
 5.9790e-01  1.0257e-03
 5.9940e-01  8.7321e-04
 6.0090e-01  3.3731e-04
 6.0240e-01  2.7373e-04
 6.0390e-01  3.2671e-04
 6.0540e-01  3.6129e-04
 6.0700e-01  6.3318e-04
 6.0850e-01  7.2101e-04
 6.1000e-01  8.7395e-04
 6.1150e-01  1.0329e-03
 6.1310e-01  1.3581e-03
 6.1460e-01  1.0445e-03
 6.1610e-01  7.2834e-04
 6.1770e-01  5.1112e-04
 6.1920e-01  2.6055e-04
 6.2080e-01  2.0959e-04
 6.2230e-01  2.2687e-04
 6.2390e-01  4.1527e-04
 6.2540e-01  7.3292e-04
 6.2700e-01  1.0366e-03
 6.2850e-01  1.0767e-03
 6.3010e-01  1.1826e-03
 6.3170e-01  6.4095e-04
 6.3320e-01  4.3983e-04
 6.3480e-01  3.7122e-04
 6.3640e-01  3.2550e-04
 6.3800e-01  5.1064e-04
 6.3960e-01  6.2289e-04
 6.4110e-01  6.7638e-04
 6.4270e-01  7.3757e-04
 6.4430e-01  7.5981e-04
 6.4590e-01  3.8924e-04
 6.4750e-01  4.9483e-04
 6.4910e-01  4.0951e-04
 6.5070e-01  4.4888e-04
 6.5230e-01  9.0356e-04
 6.5390e-01  7.2142e-04
 6.5560e-01  5.4310e-04
 6.5720e-01  5.9787e-04
 6.5880e-01  5.1674e-04
 6.6040e-01  4.3813e-04
 6.6200e-01  3.5147e-04
 6.6370e-01  3.8403e-04
 6.6530e-01  5.1639e-04
 6.6690e-01  3.7935e-04
 6.6860e-01  4.1783e-04
 6.7020e-01  5.0219e-04
 6.7190e-01  6.2675e-04
 6.7350e-01  6.5064e-04
 6.7520e-01  6.3119e-04
 6.7680e-01  4.7254e-04
 6.7850e-01  6.3812e-04
 6.8010e-01  3.5721e-04
 6.8180e-01  6.0031e-04
 6.8350e-01  4.4738e-04
 6.8510e-01  6.6016e-04
 6.8680e-01  6.0748e-04
 6.8850e-01  5.2538e-04
 6.9010e-01  3.4141e-04
 6.9180e-01  2.6466e-04
 6.9350e-01  3.0184e-04
 6.9520e-01  2.7689e-04
 6.9690e-01  3.2637e-04
 6.9860e-01  3.2022e-04
 7.0030e-01  2.9951e-04
 7.0200e-01  2.6971e-04
 7.0370e-01  3.2152e-04
 7.0540e-01  3.7479e-04
 7.0710e-01  3.6383e-04
 7.0880e-01  4.3673e-04
 7.1050e-01  3.0201e-04
 7.1230e-01  3.5232e-04
 7.1400e-01  4.8444e-04
 7.1570e-01  4.6184e-04
 7.1740e-01  5.4383e-04
 7.1920e-01  3.3719e-04
 7.2090e-01  5.3905e-04
 7.2260e-01  3.9376e-04
 7.2440e-01  2.8257e-04
 7.2610e-01  2.3885e-04
 7.2790e-01  2.4515e-04
 7.2960e-01  2.9242e-04
 7.3140e-01  2.4813e-04
 7.3310e-01  3.9379e-04
 7.3490e-01  5.4406e-04
 7.3670e-01  5.2924e-04
 7.3840e-01  4.8447e-04
 7.4020e-01  4.5350e-04
 7.5000e-01  1.0000e+05
 8.2750e-01  2.9122e-04
 8.2940e-01  7.0396e-04
 8.3140e-01  6.2922e-04
 8.3330e-01  5.6521e-04
 8.3530e-01  4.1066e-04
 8.3720e-01  2.7170e-04
 8.3920e-01  2.6082e-04
 8.4110e-01  2.8553e-04
 8.4310e-01  2.5297e-04
 8.4500e-01  2.8555e-04
 8.4700e-01  6.6521e-04
 8.4890e-01  7.6035e-04
 8.5090e-01  7.9294e-04
 8.5290e-01  6.6124e-04
 8.5490e-01  4.9155e-04
 8.5680e-01  5.2150e-04
 8.5880e-01  6.2574e-04
 8.6080e-01  5.5877e-04
 8.6280e-01  5.9512e-04
 8.6480e-01  4.4763e-04
 8.6680e-01  6.9289e-04
 8.6880e-01  7.1911e-04
 8.7080e-01  8.3345e-04
 8.7280e-01  7.1314e-04
 8.7480e-01  5.4887e-04
 8.7680e-01  6.7302e-04
 8.7890e-01  3.9538e-04
 8.8090e-01  7.0805e-04
 8.8290e-01  5.0367e-04
 8.8490e-01  5.0905e-04
 8.8700e-01  5.3964e-04
 8.8900e-01  7.2021e-04
 8.9100e-01  6.6667e-04
 8.9310e-01  7.6191e-04
 8.9510e-01  8.1935e-04
 8.9720e-01  5.2573e-04
 8.9920e-01  5.6103e-04
 9.0130e-01  7.3518e-04
 9.0330e-01  4.3829e-04
 9.0540e-01  9.0368e-04
 9.0750e-01  1.1817e-03
 9.0960e-01  1.4239e-03
 9.1160e-01  9.8381e-04
 9.1370e-01  8.6505e-04
 9.1580e-01  4.8912e-04
 9.1790e-01  3.7059e-04
 9.2000e-01  1.0510e-03
 9.2210e-01  1.4750e-03
 9.2420e-01  1.6430e-03
 9.2630e-01  1.1068e-03
 9.2840e-01  1.1578e-03
 9.3050e-01  4.9066e-04
 9.3260e-01  3.2776e-04
 9.3470e-01  1.0995e-03
 9.3680e-01  1.0674e-03
 9.3890e-01  4.1543e-04
 9.4110e-01  1.1026e-03
 9.4320e-01  1.8514e-03
 9.4530e-01  2.1449e-03
 9.4750e-01  1.9813e-03
 9.4960e-01  1.7134e-03
 9.5180e-01  1.0160e-03
 9.5390e-01  6.2787e-04
 9.5610e-01  1.5506e-03
 9.5820e-01  1.6989e-03
 9.6000e-01  1.0000e+05
 1.1620e+00  1.0102e-03
 1.1650e+00  1.0373e-03
 1.1670e+00  1.1184e-03
 1.1700e+00  1.0545e-03
 1.1720e+00  1.0235e-03
 1.1750e+00  1.1502e-03
 1.1780e+00  1.3630e-03
 1.1800e+00  1.2672e-03
 1.1830e+00  1.0566e-03
 1.1850e+00  7.2101e-04
 1.1880e+00  7.2921e-04
 1.1900e+00  1.1933e-03
 1.1930e+00  1.2334e-03
 1.1950e+00  1.3546e-03
 1.1980e+00  1.3720e-03
 1.2000e+00  1.3131e-03
 1.2030e+00  1.1225e-03
 1.2060e+00  9.0756e-04
 1.2080e+00  7.6783e-04
 1.2110e+00  7.5757e-04
 1.2130e+00  1.0229e-03
 1.2160e+00  7.6183e-04
 1.2190e+00  7.2285e-04
 1.2210e+00  7.5662e-04
 1.2240e+00  9.7861e-04
 1.2260e+00  1.1544e-03
 1.2290e+00  1.0301e-03
 1.2320e+00  1.2203e-03
 1.2340e+00  8.9325e-04
 1.2370e+00  1.3880e-03
 1.2400e+00  1.2519e-03
 1.2420e+00  1.2911e-03
 1.2450e+00  1.3745e-03
 1.2470e+00  1.4195e-03
 1.2500e+00  1.4726e-03
 1.2530e+00  1.5110e-03
 1.2550e+00  1.4837e-03
 1.2580e+00  1.4344e-03
 1.2610e+00  1.4392e-03
 1.2630e+00  1.0025e-03
 1.2660e+00  8.5528e-04
 1.2690e+00  7.5212e-04
 1.2710e+00  6.5886e-04
 1.2740e+00  5.7326e-04
 1.2770e+00  7.5435e-04
 1.2800e+00  1.0367e-03
 1.2820e+00  1.2486e-03
 1.2850e+00  1.4348e-03
 1.2880e+00  1.5968e-03
 1.2900e+00  1.4625e-03
 1.2930e+00  1.3242e-03
 1.2960e+00  9.5312e-04
 1.2990e+00  6.5444e-04
 1.3010e+00  7.4422e-04
 1.3040e+00  1.5039e-03
 1.3070e+00  1.4167e-03
 1.3100e+00  1.2874e-03
 1.3120e+00  1.2213e-03
 1.3150e+00  1.3840e-03
 1.3180e+00  7.6038e-04
 1.3210e+00  7.4220e-04
 1.3230e+00  6.9592e-04
 1.3260e+00  5.5708e-04
 1.3290e+00  6.3679e-04
 1.3320e+00  7.3555e-04
 1.3350e+00  7.5999e-04
 1.3370e+00  8.5632e-04
 1.3400e+00  9.2667e-04
 1.3430e+00  1.0542e-03
 1.3460e+00  8.9403e-04
 1.3490e+00  1.3275e-03
 1.3510e+00  1.6604e-03
 1.3540e+00  1.1270e-03
 1.3570e+00  1.0273e-03
 1.3600e+00  1.0366e-03
 1.3630e+00  1.3531e-03
 1.3660e+00  1.0990e-03
 1.3680e+00  1.0580e-03
 1.3710e+00  1.5371e-03
 1.3740e+00  1.3655e-03
 1.3770e+00  1.7247e-03
 1.3800e+00  1.7515e-03
 1.3830e+00  6.8367e-04
 1.3860e+00  7.1607e-04
 1.3890e+00  7.3098e-04
 1.3910e+00  9.4149e-04
 1.3940e+00  1.0642e-03
 1.3970e+00  1.4375e-03
 1.4000e+00  1.6015e-03
 1.4030e+00  1.7418e-03
 1.4060e+00  1.7454e-03
 1.4090e+00  1.7555e-03
 1.4120e+00  1.1171e-03
 1.4150e+00  8.8694e-04
 1.4180e+00  9.3136e-04
 1.4210e+00  7.3534e-04
 1.4230e+00  1.2450e-03
 1.4260e+00  8.1620e-04
 1.4290e+00  1.1063e-03
 1.4320e+00  1.0839e-03
 1.4350e+00  1.2241e-03
 1.4380e+00  1.1880e-03
 1.4410e+00  1.0486e-03
 1.4440e+00  1.0856e-03
 1.4470e+00  9.7558e-04
 1.4500e+00  1.0617e-03
 1.4530e+00  1.3763e-03
 1.4560e+00  1.4607e-03
 1.4590e+00  1.7472e-03
 1.4620e+00  1.9427e-03
 1.4650e+00  1.8446e-03
 1.4680e+00  1.9401e-03
 1.4710e+00  1.3739e-03
 1.4740e+00  1.2377e-03
 1.4770e+00  1.4385e-03
 1.4800e+00  1.2621e-03
 1.4830e+00  1.4580e-03
 1.4860e+00  1.3816e-03
 1.4890e+00  1.0163e-03
 1.4920e+00  1.1353e-03
 1.4960e+00  1.2199e-03
 1.4990e+00  1.5886e-03
 1.5020e+00  1.6195e-03
 1.5050e+00  1.5627e-03
 1.5080e+00  1.5152e-03
 1.5110e+00  1.6569e-03
 1.5140e+00  1.5159e-03
 1.5170e+00  1.1907e-03
 1.5200e+00  8.9085e-04
 1.5230e+00  8.5290e-04
 1.5260e+00  8.7961e-04
 1.5300e+00  8.9658e-04
 1.5330e+00  1.0090e-03
 1.5360e+00  9.9648e-04
 1.5390e+00  1.2352e-03
 1.5420e+00  1.7745e-03
 1.5450e+00  1.9734e-03
 1.5480e+00  1.6368e-03
 1.5510e+00  1.7023e-03
 1.5550e+00  1.2717e-03
 1.5580e+00  1.3121e-03
 1.5610e+00  1.6278e-03
 1.5640e+00  1.5751e-03
 1.5670e+00  1.5348e-03
 1.5700e+00  1.3033e-03
 1.5740e+00  1.1609e-03
 1.5770e+00  9.7923e-04
 1.5800e+00  9.0188e-04
 1.5830e+00  9.9285e-04
 1.5860e+00  1.6863e-03
 1.5900e+00  9.8916e-04
 1.5930e+00  1.2028e-03
 1.5960e+00  1.8760e-03
 1.5990e+00  1.9648e-03
 1.6030e+00  2.1455e-03
 1.6060e+00  1.5926e-03
 1.6090e+00  1.3917e-03
 1.6120e+00  1.4198e-03
 1.6160e+00  1.4600e-03
 1.6190e+00  1.5408e-03
 1.6220e+00  1.6988e-03
 1.6250e+00  1.1425e-03
 1.6290e+00  1.5174e-03
 1.6320e+00  1.4748e-03
 1.6350e+00  1.6268e-03
 1.6390e+00  1.3643e-03
 1.6420e+00  1.2635e-03
 1.6450e+00  1.1664e-03
 1.6480e+00  1.1277e-03
 1.6520e+00  1.0185e-03
 1.6550e+00  9.8628e-04
 1.6580e+00  1.1898e-03
 1.6620e+00  1.4457e-03
 1.6650e+00  1.1327e-03
 1.6680e+00  2.4930e-03
 1.6720e+00  1.8279e-03
 1.6750e+00  2.2478e-03
 1.6790e+00  2.0578e-03
 1.6820e+00  1.5627e-03
 1.6850e+00  1.7254e-03
 1.6890e+00  1.4939e-03
 1.6920e+00  1.0989e-03
 1.6950e+00  8.9424e-04
 1.6990e+00  1.5854e-03
 1.7020e+00  1.3551e-03
 1.7060e+00  1.1600e-03
 1.7090e+00  1.0937e-03
 1.7120e+00  9.7039e-04
 1.7160e+00  1.3208e-03
 1.7190e+00  1.5125e-03
 1.7230e+00  1.2786e-03
 1.7260e+00  1.4262e-03
 1.7300e+00  1.8286e-03
 1.7330e+00  1.8797e-03
 1.7370e+00  2.2005e-03
 1.7400e+00  2.1596e-03
 1.7430e+00  8.8360e-04
 1.7470e+00  6.7016e-04
 1.7500e+00  6.2207e-04
 1.7540e+00  6.9672e-04
 1.7570e+00  2.1304e-03
 1.7610e+00  2.2315e-03
 1.7640e+00  2.2585e-03
 1.7680e+00  2.3574e-03
 1.7710e+00  1.9746e-03
 1.7750e+00  1.6552e-03
 1.7780e+00  1.0336e-03
 1.7820e+00  8.5325e-04
 1.7860e+00  9.1805e-04
 1.7890e+00  9.4563e-04
 1.7930e+00  1.0569e-03
 1.7960e+00  1.4968e-03
 1.8000e+00  1.3129e-03
 1.8030e+00  1.3687e-03
 1.8070e+00  1.4302e-03
 1.8100e+00  1.1098e-03
 1.8140e+00  9.0043e-04
 1.8180e+00  8.2028e-04
 1.8210e+00  9.8562e-04
 1.8250e+00  1.4198e-03
 1.8280e+00  1.9215e-03
 1.8320e+00  1.9474e-03
 1.8360e+00  1.6240e-03
 1.8390e+00  1.4195e-03
 1.8430e+00  1.0730e-03
 1.8470e+00  1.0959e-03
 1.8500e+00  1.3872e-03
 1.8540e+00  1.6311e-03
 1.8570e+00  1.7162e-03
 1.8610e+00  1.3534e-03
 1.8650e+00  1.2416e-03
 1.8680e+00  1.4266e-03
 1.8720e+00  1.4916e-03
 1.8760e+00  1.4258e-03
 1.8800e+00  1.4973e-03
 1.8830e+00  1.3185e-03
 1.8870e+00  1.2258e-03
 1.8910e+00  1.0223e-03
 1.8940e+00  1.2072e-03
 1.8980e+00  9.3476e-04
 1.9020e+00  1.7464e-03
 1.9060e+00  1.9402e-03
 1.9090e+00  1.9223e-03
 1.9130e+00  2.0352e-03
 1.9170e+00  1.8533e-03
 1.9210e+00  1.9393e-03
 1.9240e+00  1.9657e-03
 1.9280e+00  1.8769e-03
 1.9320e+00  1.8589e-03
 1.9360e+00  1.7204e-03
 1.9390e+00  1.8432e-03
 1.9430e+00  1.3388e-03
 1.9470e+00  1.2289e-03
 1.9510e+00  1.4080e-03
 1.9550e+00  1.4809e-03
 1.9580e+00  1.4999e-03
 1.9620e+00  1.5508e-03
 1.9660e+00  1.7473e-03
 1.9700e+00  1.4450e-03
 1.9740e+00  1.4180e-03
 1.9780e+00  1.6039e-03
 1.9820e+00  1.4483e-03
 1.9850e+00  1.2755e-03
 1.9890e+00  9.4388e-04
 1.9930e+00  1.5119e-03
 1.9970e+00  1.1154e-03
 2.0010e+00  1.4877e-03
 2.0050e+00  1.4576e-03
 2.0090e+00  1.3639e-03
 2.0130e+00  1.0709e-03
 2.0170e+00  1.0819e-03
 2.0200e+00  1.3739e-03
 2.0240e+00  1.9599e-03
 2.0280e+00  1.3460e-03
 2.0320e+00  1.7857e-03
 2.0360e+00  1.7143e-03
 2.0400e+00  1.5391e-03
 2.0440e+00  1.1451e-03
 2.0480e+00  1.0294e-03
 2.0520e+00  1.3639e-03
 2.0560e+00  1.5055e-03
 2.0600e+00  1.6953e-03
 2.0640e+00  1.7578e-03
 2.0680e+00  1.4152e-03
 2.0720e+00  1.5848e-03
 2.0760e+00  1.2009e-03
 2.0800e+00  1.1763e-03
 2.0840e+00  1.4051e-03
 2.0880e+00  1.1306e-03
 2.0920e+00  1.7902e-03
 2.0960e+00  8.9265e-04
 2.1000e+00  1.1998e-03
 2.1040e+00  1.2020e-03
 2.1080e+00  1.0908e-03
 2.1120e+00  1.6563e-03
 2.1170e+00  1.3560e-03
 2.1210e+00  2.0345e-03
 2.1250e+00  2.1172e-03
 2.1290e+00  2.0759e-03
 2.1330e+00  1.9375e-03
 2.1370e+00  1.3181e-03
 2.1410e+00  1.4085e-03
 2.1450e+00  1.3594e-03
 2.1490e+00  1.5480e-03
 2.1540e+00  1.8460e-03
 2.1580e+00  2.3773e-03
 2.1620e+00  1.6641e-03
 2.1660e+00  8.9508e-04
 2.1700e+00  9.3112e-04
 2.1740e+00  9.1271e-04
 2.1780e+00  1.0885e-03
 2.1830e+00  1.2679e-03
 2.1870e+00  1.9531e-03
 2.1910e+00  2.2165e-03
 2.1950e+00  2.2935e-03
 2.1990e+00  2.2232e-03
 2.2040e+00  2.0781e-03
 2.2080e+00  1.8973e-03
 2.2120e+00  1.0514e-03
 2.2160e+00  1.3404e-03
 2.2210e+00  1.3449e-03
 2.2250e+00  1.1607e-03
 2.2290e+00  1.1775e-03
 2.2330e+00  1.2311e-03
 2.2380e+00  1.2913e-03
 2.2420e+00  1.3237e-03
 2.2460e+00  1.1708e-03
 2.2510e+00  1.1328e-03
 2.2550e+00  1.6563e-03
 2.2590e+00  1.7411e-03
 2.2640e+00  1.8382e-03
 2.2680e+00  1.6931e-03
 2.2720e+00  1.6629e-03
 2.2770e+00  2.0358e-03
 2.2810e+00  1.3996e-03
 2.2850e+00  1.2879e-03
 2.2900e+00  2.0078e-03
 2.2940e+00  1.8537e-03
 2.2980e+00  1.7846e-03
 2.3030e+00  1.5993e-03
 2.3070e+00  1.1741e-03
 2.3110e+00  1.0340e-03
 2.3160e+00  1.0797e-03
 2.3200e+00  1.0168e-03
 2.3250e+00  1.0803e-03
 2.3290e+00  1.0035e-03
 2.3340e+00  1.1228e-03
 2.3380e+00  1.8928e-03
 2.3420e+00  1.3471e-03
 2.3470e+00  1.7064e-03
 2.3510e+00  1.6529e-03
 2.3560e+00  1.1574e-03
 2.3600e+00  9.2243e-04
 2.3650e+00  1.6830e-03
 2.3690e+00  1.2824e-03
 2.3740e+00  1.6473e-03
 2.3780e+00  1.8437e-03
 2.3830e+00  1.9062e-03
 2.3870e+00  1.8839e-03
 2.3920e+00  1.8192e-03
 2.3960e+00  1.8225e-03
 2.4010e+00  1.4587e-03
 2.4050e+00  1.7857e-03
 2.4100e+00  2.4062e-03
 2.4150e+00  1.5647e-03
 2.4190e+00  1.4018e-03
 2.4240e+00  1.1076e-03
 2.4280e+00  1.1075e-03
 2.4330e+00  1.4252e-03
 2.4380e+00  1.1763e-03
 2.4420e+00  2.1283e-03
 2.4470e+00  2.5759e-03
 2.4510e+00  1.7355e-03
 2.4560e+00  1.5469e-03
 2.4610e+00  1.3158e-03
 2.4650e+00  1.6685e-03
 2.4700e+00  1.1495e-03
 2.4750e+00  1.3862e-03
 2.4790e+00  1.5112e-03
 2.4840e+00  1.6595e-03
 2.4890e+00  1.4587e-03
 2.4930e+00  1.5312e-03
 2.4980e+00  1.4587e-03
 2.5030e+00  1.5971e-03
 2.5070e+00  1.5948e-03
 2.5120e+00  2.0859e-03
 2.5170e+00  2.2120e-03
 2.5220e+00  2.2008e-03
 2.5260e+00  2.1339e-03
 2.5310e+00  1.8583e-03
 2.5360e+00  1.5725e-03
 2.5410e+00  1.6417e-03
 2.5450e+00  1.1719e-03
 2.5500e+00  1.3605e-03
 2.5550e+00  1.1048e-03
 2.5600e+00  1.6484e-03
 2.5650e+00  1.4085e-03
 2.5690e+00  1.4352e-03
 2.5740e+00  1.6819e-03
 2.5790e+00  2.0200e-03
 2.5840e+00  2.1484e-03
 2.5890e+00  1.7656e-03
 2.5940e+00  1.1317e-03
 2.5980e+00  1.1919e-03
 2.6030e+00  1.9486e-03
 2.6080e+00  1.7009e-03
 2.6130e+00  2.0089e-03
 2.6180e+00  1.6440e-03
 2.6230e+00  1.9207e-03
 2.6280e+00  1.0278e-03
 2.6330e+00  1.0969e-03
 2.6380e+00  1.9196e-03
 2.6430e+00  1.1529e-03
 2.6480e+00  1.2890e-03
 2.6520e+00  1.3013e-03
 2.6570e+00  1.8839e-03
 2.6620e+00  2.0714e-03
 2.6670e+00  2.3884e-03
 2.6720e+00  2.4095e-03
 2.6770e+00  2.4285e-03
 2.6820e+00  2.0323e-03
 2.6870e+00  2.1797e-03
 2.6920e+00  2.0044e-03
 2.6970e+00  1.4453e-03
 2.9000e+00  1.0000e+05
 3.3000e+00  1.5920e-03
 3.3070e+00  1.6570e-03
 3.3140e+00  2.3770e-03
 3.3210e+00  2.4095e-03
 3.3290e+00  2.2673e-03
 3.3360e+00  1.7411e-03
 3.3440e+00  1.5116e-03
 3.3510e+00  1.4680e-03
 3.3580e+00  1.5464e-03
 3.3660e+00  1.9327e-03
 3.3730e+00  1.6673e-03
 3.3810e+00  1.5061e-03
 3.3880e+00  1.4278e-03
 3.3950e+00  1.9396e-03
 3.4030e+00  2.5724e-03
 3.4100e+00  2.4381e-03
 3.4180e+00  2.4235e-03
 3.4250e+00  2.3653e-03
 3.4330e+00  2.5568e-03
 3.4400e+00  1.6027e-03
 3.4480e+00  1.2062e-03
 3.4560e+00  1.0509e-03
 3.4630e+00  1.0264e-03
 3.4710e+00  2.1998e-03
 3.4780e+00  2.3050e-03
 3.4860e+00  2.1920e-03
 3.4940e+00  2.4620e-03
 3.5010e+00  2.5987e-03
 3.5090e+00  2.6513e-03
 3.5170e+00  2.5181e-03
 3.5240e+00  2.3557e-03
 3.5320e+00  2.9001e-03
 3.6000e+00  1.0000e+05
 3.9340e+00  2.9931e-03
 3.9430e+00  2.0482e-03
 3.9510e+00  1.8643e-03
 3.9600e+00  1.7127e-03
 3.9680e+00  2.3311e-03
 3.9770e+00  1.8193e-03
 3.9850e+00  1.4333e-03
 3.9940e+00  1.5186e-03
 4.0030e+00  1.8352e-03
 4.0110e+00  3.2842e-03
 4.0200e+00  2.6007e-03
 4.0280e+00  2.8208e-03
 4.0370e+00  3.4707e-03
 4.0460e+00  3.9197e-03
 4.0540e+00  3.2328e-03
 4.0630e+00  2.7862e-03
 4.0720e+00  2.9546e-03
 4.0800e+00  2.3595e-03
 4.0890e+00  2.1138e-03
 4.0980e+00  2.0667e-03
 4.1060e+00  2.0532e-03
 4.1150e+00  2.7268e-03
 4.1240e+00  3.9146e-03
 4.1330e+00  2.9682e-03
 4.1420e+00  1.2675e-03
 4.1510e+00  1.1038e-03
 4.1590e+00  1.0999e-03
 4.1680e+00  1.1095e-03
 4.1770e+00  1.1418e-03
 4.1860e+00  2.1579e-03
 4.1950e+00  2.7113e-03
 4.2040e+00  2.2971e-03
 4.2130e+00  2.3072e-03
 4.2220e+00  2.3342e-03
 4.2310e+00  1.9895e-03
 4.2400e+00  1.9256e-03
 4.2490e+00  2.7429e-03
 4.2580e+00  1.8593e-03
 4.2670e+00  2.0604e-03
 4.2760e+00  1.9065e-03
 4.2850e+00  1.9446e-03
 4.2940e+00  2.0143e-03
 4.3030e+00  2.1188e-03
 4.3120e+00  2.3850e-03
 4.3220e+00  2.6881e-03
 4.3310e+00  2.4636e-03
 4.3400e+00  2.3805e-03
 4.3490e+00  1.3722e-03
 4.3580e+00  1.1576e-03
 4.3680e+00  1.3441e-03
 4.3770e+00  1.9404e-03
 4.3860e+00  1.8505e-03
 4.3950e+00  1.7821e-03
 4.4050e+00  2.4794e-03
 4.4140e+00  2.6883e-03
 4.4230e+00  2.6681e-03
 4.4330e+00  2.7793e-03
 4.4420e+00  2.7523e-03
 4.4520e+00  3.0455e-03
 4.4610e+00  2.6851e-03
 4.4700e+00  2.7996e-03
 4.4800e+00  1.8630e-03
 4.4890e+00  1.7160e-03
 4.4990e+00  1.6003e-03
 4.5080e+00  2.3561e-03
 4.5180e+00  2.2438e-03
 4.5270e+00  2.4751e-03
 4.5370e+00  2.0866e-03
 4.5470e+00  2.7425e-03
 4.5560e+00  2.3887e-03
 4.5660e+00  2.5246e-03
 4.5750e+00  2.6302e-03
 4.5850e+00  1.8104e-03
 4.5950e+00  1.5150e-03
 4.6040e+00  1.0679e-03
 4.6140e+00  1.0709e-03
 4.6240e+00  1.5184e-03
 4.6340e+00  1.5623e-03
 4.6430e+00  2.0058e-03
 4.6530e+00  2.0474e-03
 4.6630e+00  2.1059e-03
 4.6730e+00  2.2540e-03
 4.6830e+00  2.2957e-03
 4.6920e+00  2.3417e-03
 4.7020e+00  1.9790e-03
 4.7120e+00  1.3725e-03
 4.7220e+00  1.8599e-03
 4.7320e+00  1.9689e-03
 4.7420e+00  2.4979e-03
 4.7520e+00  2.7484e-03
 4.7620e+00  3.0673e-03
 4.7720e+00  3.1484e-03
 4.7820e+00  3.2921e-03
 4.7920e+00  2.7607e-03
 4.8020e+00  1.2928e-03
 4.8120e+00  1.1217e-03
 4.8220e+00  1.1580e-03
 4.8330e+00  1.5017e-03
 4.8430e+00  1.8848e-03
 4.8530e+00  3.2101e-03
 4.8630e+00  2.7913e-03
 4.8730e+00  2.6722e-03
 4.8830e+00  2.6194e-03
 4.8940e+00  2.2409e-03
 4.9040e+00  2.0813e-03
 4.9140e+00  1.4995e-03
 4.9250e+00  1.5355e-03
 4.9350e+00  1.4704e-03
 4.9450e+00  1.4018e-03
 4.9560e+00  1.5636e-03
 4.9660e+00  1.8264e-03
 4.9760e+00  1.8578e-03
 4.9870e+00  1.5018e-03
 4.9970e+00  1.4827e-03
 5.0080e+00  1.2547e-03
 5.0180e+00  1.4546e-03
 5.0290e+00  1.7535e-03
 5.0390e+00  1.6321e-03
 5.0500e+00  2.1218e-03
 5.0600e+00  2.5747e-03
 5.0710e+00  2.2567e-03
 5.0820e+00  1.5783e-03
 5.0920e+00  1.3120e-03
 5.1030e+00  1.9534e-03
 5.1140e+00  1.6951e-03
 5.1240e+00  1.5704e-03
 5.1350e+00  1.6681e-03
 5.1460e+00  2.5589e-03
 5.1570e+00  2.1500e-03
 5.1670e+00  2.4736e-03
 5.1780e+00  2.4220e-03
 5.1890e+00  1.7805e-03
 5.2000e+00  2.0377e-03
 5.2110e+00  2.0367e-03
 5.2220e+00  2.1343e-03
 5.2320e+00  2.3085e-03
 5.2430e+00  2.3860e-03
 5.2540e+00  2.4512e-03
 5.2650e+00  2.3389e-03
 5.2760e+00  2.2490e-03
 5.2870e+00  1.7693e-03
 5.2980e+00  1.9614e-03
 5.3090e+00  1.8468e-03
 5.3210e+00  2.0816e-03
 5.3320e+00  1.5896e-03
 5.3430e+00  1.4941e-03
 5.3540e+00  1.5559e-03
 5.3650e+00  1.6750e-03
 5.3760e+00  2.0795e-03
 5.3880e+00  2.2682e-03
 5.3990e+00  2.1793e-03
 5.4100e+00  2.1322e-03
 5.4210e+00  1.1885e-03
 5.4330e+00  1.3425e-03
 5.4440e+00  2.5783e-03
 5.4550e+00  2.5703e-03
 5.4670e+00  2.3368e-03
 5.4780e+00  2.0637e-03
 5.4900e+00  1.6649e-03
 5.5010e+00  1.2998e-03
 5.5120e+00  1.2088e-03
 5.5240e+00  1.4301e-03
 5.5350e+00  1.3852e-03
 5.5470e+00  1.5391e-03
 5.5590e+00  1.7784e-03
 5.5700e+00  1.8683e-03
 5.5820e+00  1.8042e-03
 5.5930e+00  2.0312e-03
 5.6050e+00  2.0626e-03
 5.6170e+00  2.0210e-03
 5.6280e+00  2.4222e-03
 5.6400e+00  2.3738e-03
 5.6520e+00  2.4839e-03
 5.6640e+00  2.1469e-03
 5.6750e+00  2.5885e-03
 5.6870e+00  1.8279e-03
 5.6990e+00  2.6190e-03
 5.7110e+00  1.6280e-03
 5.7230e+00  2.6222e-03
 5.7350e+00  2.6672e-03
 5.7470e+00  2.5279e-03
 5.7590e+00  3.0637e-03
 5.7710e+00  2.4077e-03
 5.7830e+00  2.3706e-03
 5.7950e+00  1.6717e-03
 5.8070e+00  2.0594e-03
 5.8190e+00  2.0301e-03
 5.8310e+00  1.8784e-03
 5.8430e+00  1.8470e-03
 5.8550e+00  1.9807e-03
 5.8670e+00  1.7864e-03
 5.8800e+00  1.5876e-03
 5.8920e+00  1.2078e-03
 5.9040e+00  1.3718e-03
 5.9160e+00  1.4167e-03
 5.9290e+00  1.3494e-03
 5.9410e+00  1.2730e-03
 5.9530e+00  1.1954e-03
 5.9660e+00  1.3280e-03
 5.9780e+00  2.3976e-03
 5.9910e+00  2.5739e-03
 6.0030e+00  2.2425e-03
 6.0150e+00  2.0280e-03
 6.0280e+00  1.7774e-03
 6.0410e+00  1.7797e-03
 6.0530e+00  1.8449e-03
 6.0660e+00  1.5056e-03
 6.0780e+00  2.1505e-03
 6.0910e+00  1.2976e-03
 6.1040e+00  1.3538e-03
 6.1160e+00  1.7629e-03
 6.1290e+00  2.1359e-03
 6.1420e+00  3.0674e-03
 6.1540e+00  3.1403e-03
 6.1670e+00  3.0549e-03
 6.1800e+00  1.9774e-03
 6.1930e+00  2.1909e-03
 6.2060e+00  1.9438e-03
 6.2190e+00  1.1752e-03
 6.2320e+00  2.1448e-03
 6.2450e+00  2.0337e-03
 6.2580e+00  1.3135e-03
 6.2710e+00  1.6157e-03
 6.2840e+00  1.7247e-03
 6.2970e+00  2.3000e-03
 6.3100e+00  2.1292e-03
 6.3230e+00  2.1404e-03
 6.3360e+00  1.7832e-03
 6.3490e+00  1.5078e-03
 6.3620e+00  1.7999e-03
 6.3760e+00  1.9010e-03
 6.3890e+00  2.3112e-03
 6.4020e+00  9.8076e-04
 6.4150e+00  9.5233e-04
 6.4290e+00  1.4505e-03
 6.4420e+00  1.7393e-03
 6.4560e+00  2.0191e-03
 6.4690e+00  2.2967e-03
 6.4820e+00  2.9574e-03
 6.4960e+00  3.0271e-03
 6.5090e+00  2.3472e-03
 6.5230e+00  2.1427e-03
 6.5360e+00  1.5157e-03
 6.5500e+00  1.2854e-03
 6.5640e+00  1.1259e-03
 6.5770e+00  1.3629e-03
 6.5910e+00  1.5157e-03
 6.6050e+00  1.2393e-03
 6.6180e+00  2.6573e-03
 6.6320e+00  2.1719e-03
 6.6460e+00  2.1854e-03
 6.6600e+00  1.4663e-03
 6.6740e+00  1.2955e-03
 6.6870e+00  1.1450e-03
 6.7010e+00  1.1809e-03
 6.7150e+00  1.1057e-03
 6.7290e+00  1.8843e-03
 6.7430e+00  2.0596e-03
 6.7570e+00  1.4146e-03
 6.7710e+00  1.4158e-03
 6.7850e+00  1.1720e-03
 6.8000e+00  1.1112e-03
 6.8140e+00  1.0492e-03
 6.8280e+00  1.7427e-03
 6.8420e+00  2.1337e-03
 6.8560e+00  2.3528e-03
 6.8710e+00  2.3821e-03
 6.8850e+00  2.5652e-03
 6.8990e+00  2.5134e-03
 6.9130e+00  2.2135e-03
 6.9280e+00  1.9731e-03
 6.9420e+00  1.2674e-03
 6.9570e+00  1.3944e-03
 6.9710e+00  2.0294e-03
 6.9860e+00  2.3856e-03
 7.0000e+00  3.0699e-03
 7.0150e+00  2.8057e-03
 7.0290e+00  1.5326e-03
 7.0440e+00  1.2708e-03
 7.0590e+00  1.2731e-03
 7.0730e+00  9.5451e-04
 7.0880e+00  9.8453e-04
 7.1030e+00  1.5405e-03
 7.1180e+00  2.6979e-03
 7.1320e+00  3.1754e-03
 7.1470e+00  3.4506e-03
 7.1620e+00  2.2922e-03
 7.1770e+00  1.3540e-03
 7.1920e+00  1.3798e-03
 7.2070e+00  8.4093e-04
 7.2220e+00  1.7967e-03
 7.2370e+00  2.0192e-03
 7.2520e+00  2.6687e-03
 7.2670e+00  2.6855e-03
 7.2820e+00  2.3023e-03
 7.2980e+00  2.1046e-03
 7.3130e+00  2.2439e-03
 7.3280e+00  1.0525e-03
 7.3430e+00  2.0810e-03
 7.3590e+00  2.3046e-03
 7.3740e+00  2.5429e-03
 7.3890e+00  2.3900e-03
 7.4050e+00  2.5214e-03
 7.4200e+00  2.3281e-03
 7.4360e+00  1.8731e-03
 7.4510e+00  1.4821e-03
 7.4670e+00  1.2754e-03
 7.4820e+00  1.0332e-03
 7.4980e+00  1.0920e-03
 7.5130e+00  1.1439e-03
 7.5290e+00  1.6708e-03
 7.5450e+00  3.9609e-03
 7.5610e+00  1.8743e-03
 7.5760e+00  1.4810e-03
 7.5920e+00  1.2248e-03
 7.6080e+00  9.4824e-04
 7.6240e+00  1.5102e-03
 7.6400e+00  1.7754e-03
 7.6560e+00  2.5789e-03
 7.6720e+00  2.7328e-03
 7.6880e+00  2.5394e-03
 7.7040e+00  2.3843e-03
 7.7200e+00  2.0462e-03
 7.7360e+00  1.0810e-03
 7.7520e+00  1.1956e-03
 7.7680e+00  1.2293e-03
 7.7850e+00  1.3304e-03
 7.8010e+00  1.5788e-03
 7.8170e+00  2.1676e-03
 7.8340e+00  1.8102e-03
 7.8500e+00  1.8641e-03
 7.8660e+00  1.9518e-03
 7.8830e+00  1.8867e-03
 7.8990e+00  1.4821e-03
 7.9160e+00  1.9731e-03
 7.9320e+00  1.9147e-03
 7.9490e+00  1.6383e-03
 7.9660e+00  1.9204e-03
 7.9820e+00  1.3315e-03
 7.9990e+00  1.5900e-03
 8.0160e+00  1.3687e-03
 8.0320e+00  1.9305e-03
 8.0490e+00  2.0417e-03
 8.0660e+00  2.0384e-03
 8.0830e+00  1.8338e-03
 8.1000e+00  1.2888e-03
 8.1170e+00  1.4799e-03
 8.1340e+00  1.4181e-03
 8.1510e+00  1.4967e-03
 8.1680e+00  1.5080e-03
 8.1850e+00  1.6709e-03
 8.2020e+00  1.6619e-03
 8.2190e+00  1.7529e-03
 8.2370e+00  1.7967e-03
 8.2540e+00  2.0125e-03
 8.2710e+00  2.0698e-03
 8.2890e+00  2.4025e-03
 8.3060e+00  2.0866e-03
 8.3230e+00  2.0429e-03
 8.3410e+00  1.8182e-03
 8.3580e+00  1.9473e-03
 8.3760e+00  2.0967e-03
 8.3930e+00  2.6586e-03
 8.4110e+00  2.6351e-03
 8.4290e+00  2.5463e-03
 8.4460e+00  2.6046e-03
 8.4640e+00  1.6911e-03
 8.4820e+00  2.0260e-03
 8.5000e+00  1.7227e-03
 8.5180e+00  1.2698e-03
 8.5350e+00  1.2630e-03
 8.5530e+00  1.6069e-03
 8.5710e+00  2.3002e-03
 8.5890e+00  2.5721e-03
 8.6070e+00  2.6294e-03
 8.6260e+00  2.6485e-03
 8.6440e+00  2.7171e-03
 8.6620e+00  2.0069e-03
 8.6800e+00  2.2350e-03
 8.6980e+00  3.2036e-03
 8.7170e+00  4.0768e-03
 8.7350e+00  2.3452e-03
 8.7530e+00  9.9534e-04
 8.7720e+00  7.4611e-04
 8.7900e+00  8.1997e-04
 8.8090e+00  9.8831e-04
 8.8270e+00  3.2228e-03
 9.1000e+00  1.0000e+05
 1.0690e+01  1.8405e-03
 1.0710e+01  2.9086e-03
 1.0740e+01  2.4656e-03
 1.0760e+01  1.7765e-03
 1.0780e+01  1.1918e-03
 1.0810e+01  1.3650e-03
 1.0830e+01  1.5573e-03
 1.0850e+01  2.1329e-03
 1.0880e+01  2.9245e-03
 1.0900e+01  3.2315e-03
 1.0920e+01  2.8244e-03
 1.0950e+01  2.7165e-03
 1.0970e+01  2.2465e-03
 1.0990e+01  1.6832e-03
 1.1020e+01  1.7506e-03
 1.1040e+01  7.2453e-04
 1.1060e+01  2.0362e-03
 1.1090e+01  1.8866e-03
 1.1110e+01  2.0396e-03
 1.1140e+01  2.5209e-03
 1.1160e+01  2.7997e-03
 1.1180e+01  2.5805e-03
 1.1210e+01  1.8103e-03
 1.1230e+01  1.5382e-03
 1.1260e+01  1.4134e-03
 1.1280e+01  1.2256e-03
 1.1310e+01  1.7271e-03
 1.1330e+01  1.6563e-03
 1.1350e+01  1.4145e-03
 1.1380e+01  1.4145e-03
 1.1400e+01  1.0602e-03
 1.1430e+01  1.0918e-03
 1.1450e+01  8.8537e-04
 1.1480e+01  8.7840e-04
 1.1500e+01  1.9295e-03
 1.1530e+01  2.3580e-03
 1.1550e+01  2.1264e-03
 1.1580e+01  1.7958e-03
 1.1600e+01  9.7457e-04
 1.1630e+01  1.3763e-03
 1.1650e+01  8.0343e-04
 1.1680e+01  7.9153e-04
 1.1710e+01  9.5545e-04
 1.1730e+01  1.5990e-03
 1.1760e+01  1.3965e-03
 1.1780e+01  2.0993e-03
 1.1810e+01  1.7699e-03
 1.1830e+01  2.2254e-03
 1.1860e+01  2.0455e-03
 1.1880e+01  1.0732e-03
 1.1910e+01  9.4411e-04
 1.1940e+01  8.9106e-04
 1.1960e+01  9.9756e-04
 1.1990e+01  9.2806e-04
 1.2020e+01  9.8405e-04
 1.2040e+01  1.1673e-03
 1.2070e+01  1.5564e-03
 1.2090e+01  2.0680e-03
 1.2120e+01  2.5606e-03
 1.2150e+01  2.6617e-03
 1.2170e+01  3.0430e-03
 1.2200e+01  2.1152e-03
 1.2230e+01  1.3393e-03
 1.2250e+01  9.0391e-04
 1.2280e+01  9.0121e-04
 1.2310e+01  9.3832e-04
 1.2330e+01  1.2033e-03
 1.2360e+01  1.1718e-03
 1.2390e+01  2.4268e-03
 1.2420e+01  2.2468e-03
 1.2440e+01  1.8240e-03
 1.2470e+01  1.4315e-03
 1.2500e+01  1.0942e-03
 1.2530e+01  9.1124e-04
 1.2550e+01  8.5231e-04
 1.2580e+01  1.2685e-03
 1.2610e+01  1.0714e-03
 1.2640e+01  2.1738e-03
 1.2660e+01  1.9669e-03
 1.2690e+01  1.7093e-03
 1.2720e+01  1.9848e-03
 1.2750e+01  1.8949e-03
 1.2780e+01  1.8690e-03
 1.2800e+01  1.3450e-03
 1.2830e+01  9.9096e-04
 1.2860e+01  1.0826e-03
 1.2890e+01  1.6317e-03
 1.2920e+01  1.1074e-03
 1.2950e+01  1.7341e-03
 1.2980e+01  1.9681e-03
 1.3000e+01  2.1244e-03
 1.3030e+01  2.1795e-03
 1.3060e+01  1.9388e-03
 1.3090e+01  1.4979e-03
 1.3120e+01  1.2033e-03
 1.3150e+01  1.0567e-03
 1.3180e+01  1.0897e-03
 1.3210e+01  1.3461e-03
 1.3240e+01  1.1617e-03
 1.3270e+01  1.1785e-03
 1.3300e+01  1.2562e-03
 1.3320e+01  1.5475e-03
 1.3350e+01  1.4890e-03
 1.3380e+01  1.5666e-03
 1.3410e+01  1.5575e-03
 1.3440e+01  1.3540e-03
 1.3470e+01  1.7150e-03
 1.3500e+01  1.3214e-03
 1.3530e+01  2.0096e-03
 1.3560e+01  2.0850e-03
 1.3590e+01  2.3223e-03
 1.3620e+01  2.4550e-03
 1.3650e+01  1.8984e-03
 1.3690e+01  1.8612e-03
 1.3720e+01  1.9332e-03
 1.3750e+01  1.6994e-03
 1.3780e+01  1.5239e-03
 1.3810e+01  1.8725e-03
 1.3840e+01  1.1208e-03
 1.3870e+01  9.9394e-04
 1.3900e+01  1.1876e-03
 1.3930e+01  1.2337e-03
 1.3960e+01  1.9557e-03
 1.3990e+01  2.3764e-03
 1.4030e+01  2.3089e-03
 1.4060e+01  9.6978e-04
 1.4090e+01  9.5067e-04
 1.4120e+01  1.2326e-03
 1.4150e+01  1.1337e-03
 1.4180e+01  1.0876e-03
 1.4220e+01  9.3051e-04
 1.4250e+01  1.2045e-03
 1.4280e+01  1.1103e-03
 1.4310e+01  1.1820e-03
 1.4340e+01  1.7162e-03
 1.4380e+01  1.9917e-03
 1.4410e+01  2.0008e-03
 1.4440e+01  2.1189e-03
 1.4470e+01  2.3663e-03
 1.4510e+01  2.5259e-03
 1.4540e+01  2.3033e-03
 1.4570e+01  2.4338e-03
 1.4610e+01  2.1402e-03
 1.4640e+01  1.5430e-03
 1.4670e+01  1.3249e-03
 1.4710e+01  1.0961e-03
 1.4740e+01  9.9915e-04
 1.4770e+01  1.4452e-03
 1.4810e+01  2.1830e-03
 1.4840e+01  2.2088e-03
 1.4870e+01  2.1098e-03
 1.4910e+01  1.6825e-03
 1.4940e+01  1.4216e-03
 1.4970e+01  1.0168e-03
 1.5010e+01  1.0166e-03
 1.5040e+01  1.1005e-03
 1.5080e+01  1.2146e-03
 1.5110e+01  1.4733e-03
 1.5150e+01  2.8308e-03
 1.5180e+01  3.0962e-03
 1.5210e+01  2.1503e-03
 1.5250e+01  2.0333e-03
 1.5280e+01  1.7466e-03
 1.5320e+01  8.4313e-04
 1.5350e+01  1.2281e-03
 1.5390e+01  1.2338e-03
 1.5420e+01  1.2776e-03
 1.5460e+01  1.3856e-03
 1.5490e+01  2.1774e-03
 1.5530e+01  2.2932e-03
 1.5570e+01  1.6892e-03
 1.5600e+01  1.2596e-03
 1.5640e+01  9.7532e-04
 1.5670e+01  1.2517e-03
 1.5710e+01  1.4846e-03
 1.5740e+01  1.5644e-03
 1.5780e+01  1.6421e-03
 1.5820e+01  2.0480e-03
 1.5850e+01  2.2167e-03
 1.5890e+01  2.4822e-03
 1.5930e+01  1.3429e-03
 1.5960e+01  1.8377e-03
 1.6000e+01  1.1172e-03
 1.6040e+01  1.1258e-03
 1.6070e+01  2.5215e-03
 1.6110e+01  2.4192e-03
 1.6150e+01  2.2764e-03
 1.6190e+01  2.2663e-03
 1.6220e+01  1.9997e-03
 1.6260e+01  1.6533e-03
 1.6300e+01  1.3181e-03
 1.6340e+01  1.2428e-03
 1.6370e+01  1.2248e-03
 1.6410e+01  1.0371e-03
 1.6450e+01  2.0919e-03
 1.6490e+01  1.6331e-03
 1.6530e+01  2.6420e-03
 1.6560e+01  2.3023e-03
 1.6600e+01  2.5519e-03
 1.6640e+01  2.2618e-03
 1.6680e+01  1.4318e-03
 1.6720e+01  1.2799e-03
 1.6760e+01  6.4547e-04
 1.6800e+01  9.3331e-04
 1.6840e+01  1.3575e-03
 1.6880e+01  1.5723e-03
 1.6910e+01  2.8455e-03
 1.6950e+01  2.9524e-03
 1.6990e+01  2.4597e-03
 1.7030e+01  1.7365e-03
 1.7070e+01  1.3620e-03
 1.7110e+01  8.5096e-04
 1.7150e+01  8.6041e-04
 1.7190e+01  9.1373e-04
 1.7230e+01  1.1315e-03
 1.7270e+01  1.5566e-03
 1.7310e+01  2.5328e-03
 1.7360e+01  2.8995e-03
 1.7400e+01  2.8748e-03
 1.7440e+01  1.5240e-03
 1.7480e+01  1.3238e-03
 1.7520e+01  9.3405e-04
 1.7560e+01  8.0404e-04
 1.7600e+01  1.1086e-03
 1.7640e+01  1.3902e-03
 1.7680e+01  2.4148e-03
 1.7730e+01  2.4452e-03
 1.7770e+01  2.5711e-03
 1.7810e+01  2.6385e-03
 1.7850e+01  2.6003e-03
 1.7890e+01  2.3956e-03
 1.7940e+01  2.1335e-03
 1.7980e+01  8.9987e-04
 1.8020e+01  8.8998e-04
 1.8060e+01  1.3722e-03
 1.8110e+01  1.0163e-03
 1.8150e+01  2.5127e-03
 1.8190e+01  1.7962e-03
 1.8240e+01  2.3889e-03
 1.8280e+01  1.5408e-03
 1.8320e+01  1.4081e-03
 1.8370e+01  1.3429e-03
 1.8410e+01  1.5195e-03
 1.8450e+01  1.3238e-03
 1.8500e+01  2.1550e-03
 1.8540e+01  2.1595e-03
 1.8590e+01  2.2202e-03
 1.8630e+01  1.3452e-03
 1.8680e+01  1.4475e-03
 1.8720e+01  1.7546e-03
 1.8770e+01  1.7906e-03
 1.8810e+01  1.8310e-03
 1.8860e+01  1.1220e-03
 1.8900e+01  1.2091e-03
 1.8950e+01  1.6714e-03
 1.8990e+01  2.0200e-03
 1.9040e+01  2.9963e-03
 1.9080e+01  2.3574e-03
 1.9130e+01  2.0807e-03
 1.9170e+01  1.9604e-03
 1.9220e+01  1.6320e-03
 1.9270e+01  1.3205e-03
 1.9310e+01  1.2676e-03
 1.9360e+01  1.6692e-03
 1.9410e+01  1.7917e-03
 1.9450e+01  2.1010e-03
 1.9500e+01  2.0099e-03
 1.9550e+01  1.5015e-03
 1.9600e+01  1.3159e-03
 1.9640e+01  1.3396e-03
 1.9690e+01  1.3351e-03
 1.9740e+01  1.3564e-03
 1.9790e+01  1.6578e-03
 1.9830e+01  1.6500e-03
 1.9880e+01  1.4082e-03
 1.9930e+01  1.1641e-03
 1.9980e+01  1.2665e-03
 2.0030e+01  1.1315e-03
 2.0080e+01  2.0123e-03
 2.0130e+01  2.0785e-03
 2.0170e+01  2.3046e-03
 2.0220e+01  2.3013e-03
 2.0270e+01  2.2495e-03
 2.0320e+01  1.7614e-03
 2.0370e+01  1.4836e-03
 2.0420e+01  1.4734e-03
 2.0470e+01  1.7433e-03
 2.0520e+01  1.7906e-03
 2.0570e+01  2.6072e-03
 2.0620e+01  1.8604e-03
 2.0670e+01  1.8716e-03
 2.0720e+01  1.6613e-03
 2.0780e+01  1.8535e-03
 2.0830e+01  1.5274e-03
 2.0880e+01  1.4892e-03
 2.0930e+01  1.4970e-03
 2.0980e+01  1.5994e-03
 2.1030e+01  1.4509e-03
 2.1080e+01  2.0076e-03
 2.1140e+01  2.4036e-03
 2.1190e+01  2.2945e-03
 2.1240e+01  2.3181e-03
 2.1290e+01  2.3070e-03
 2.1350e+01  2.4419e-03
 2.1400e+01  2.0819e-03
 2.1450e+01  1.8503e-03
 2.1510e+01  1.7411e-03
 2.1560e+01  1.6163e-03
 2.1610e+01  1.5331e-03
 2.1670e+01  1.3823e-03
 2.1720e+01  1.8897e-03
 2.1780e+01  2.1686e-03
 2.1830e+01  2.8929e-03
 2.1880e+01  2.9030e-03
 2.1940e+01  1.8120e-03
 2.1990e+01  1.9143e-03
 2.2050e+01  1.7805e-03
 2.2100e+01  1.6253e-03
 2.2160e+01  1.1597e-03
 2.2210e+01  1.7176e-03
 2.2270e+01  1.6961e-03
 2.2330e+01  1.6579e-03
 2.2380e+01  1.1105e-03
 2.2440e+01  1.8210e-03
 2.2500e+01  2.2935e-03
 2.2550e+01  1.2587e-03
 2.2610e+01  1.3419e-03
 2.2670e+01  1.2575e-03
 2.2720e+01  1.3295e-03
 2.2780e+01  1.2463e-03
 2.2840e+01  1.5590e-03
 2.2900e+01  1.5477e-03
 2.2950e+01  1.5691e-03
 2.3010e+01  1.4240e-03
 2.3070e+01  1.8098e-03
 2.3130e+01  2.3902e-03
 2.3190e+01  2.3699e-03
 2.3250e+01  2.5139e-03
 2.3310e+01  2.4408e-03
 2.3370e+01  1.9538e-03
 2.3430e+01  2.1912e-03
 2.3490e+01  2.1586e-03
 2.3550e+01  2.2980e-03
 2.3610e+01  2.2732e-03
 2.3670e+01  2.2833e-03
 2.3730e+01  2.2134e-03
 2.3790e+01  2.1809e-03
 2.3850e+01  2.0561e-03
 2.3910e+01  1.8941e-03
 2.3970e+01  1.8154e-03
 2.4030e+01  2.4024e-03
 2.4090e+01  1.7434e-03
 2.4160e+01  1.5612e-03
 2.4220e+01  2.0055e-03
 2.4280e+01  1.7062e-03
 2.4340e+01  1.6084e-03
 2.4410e+01  1.6208e-03
 2.4470e+01  1.6860e-03
 2.4530e+01  1.8458e-03
 2.4600e+01  2.3126e-03
 2.4660e+01  2.0696e-03
 2.4720e+01  1.7119e-03
 2.4790e+01  1.7018e-03
 2.4850e+01  2.0753e-03
 2.4920e+01  2.0471e-03
 2.4980e+01  2.1551e-03
 2.5050e+01  2.3024e-03
 2.5110e+01  2.8018e-03
 2.5180e+01  2.6410e-03
 2.5240e+01  2.6253e-03
 2.5310e+01  2.4431e-03
 2.5380e+01  2.1552e-03
 2.5440e+01  1.1043e-03
 2.5510e+01  1.2395e-03
 2.5580e+01  1.5398e-03
 2.5640e+01  2.0111e-03
 2.5710e+01  2.2866e-03
 2.5780e+01  2.3598e-03
 2.5850e+01  3.3170e-03
 2.5920e+01  2.1506e-03
 2.5980e+01  1.9853e-03
 2.6050e+01  1.9167e-03
 2.6120e+01  1.8638e-03
 2.6190e+01  1.5173e-03
 2.6260e+01  1.5241e-03
 2.6330e+01  1.5713e-03
 2.6400e+01  1.4713e-03
 2.6470e+01  2.4071e-03
 2.6540e+01  2.4610e-03
 2.6610e+01  2.3508e-03
 2.6680e+01  2.4543e-03
 2.6750e+01  1.2587e-03
 2.6830e+01  1.1811e-03
 2.6900e+01  1.1653e-03
 2.6970e+01  1.6511e-03
 2.7040e+01  1.8368e-03
 2.7110e+01  1.5320e-03
 2.7190e+01  2.9380e-03
 2.7260e+01  2.2350e-03
 2.7330e+01  2.3407e-03
 2.7410e+01  2.6242e-03
 2.7480e+01  2.6579e-03
 2.7550e+01  2.6129e-03
 2.7630e+01  2.4587e-03
 2.7700e+01  1.4195e-03
 2.7780e+01  2.0943e-03
 2.7850e+01  2.2597e-03
 2.7930e+01  1.6737e-03
 2.8010e+01  1.6153e-03
 2.8080e+01  1.5568e-03
 2.8160e+01  1.6624e-03
 2.8230e+01  1.8368e-03
 2.8310e+01  2.4340e-03
 2.8390e+01  2.7355e-03
 2.8470e+01  2.8075e-03
 2.8540e+01  2.5094e-03
 2.8620e+01  2.5465e-03
 2.8700e+01  2.5409e-03
 2.8780e+01  2.2958e-03
 2.8860e+01  2.5252e-03
 2.8940e+01  2.5443e-03
 2.9020e+01  2.6017e-03
 2.9100e+01  2.1214e-03
 2.9180e+01  3.0382e-03
 2.9260e+01  3.0933e-03
 2.9340e+01  3.3226e-03
 2.9420e+01  2.7344e-03
 2.9500e+01  2.8019e-03
 2.9580e+01  2.2462e-03
 2.9670e+01  1.9582e-03
 2.9750e+01  1.6905e-03
 2.9830e+01  1.5421e-03
 2.9910e+01  1.5748e-03
 3.0000e+01  1.5556e-03
 3.0080e+01  1.6602e-03
 3.0170e+01  2.1102e-03
 3.0250e+01  2.2991e-03
 3.0340e+01  2.2237e-03
 3.0420e+01  3.2416e-03
 3.0510e+01  2.5049e-03
 3.0590e+01  2.3126e-03
 3.0680e+01  1.8155e-03
 3.0770e+01  1.6343e-03
 3.0850e+01  1.7693e-03
 3.0940e+01  1.6748e-03
 3.1030e+01  1.3532e-03
 3.1110e+01  2.0314e-03
 3.1200e+01  2.2474e-03
 3.1290e+01  2.5724e-03
 3.1380e+01  4.0222e-03
 3.1470e+01  3.3677e-03
 3.1560e+01  1.6805e-03
 3.1650e+01  1.6389e-03
 3.1740e+01  1.4398e-03
 3.1830e+01  1.4252e-03
 3.1920e+01  1.3846e-03
 3.2010e+01  1.4679e-03
 3.2110e+01  1.6198e-03
 3.2200e+01  1.9875e-03
 3.2290e+01  2.6973e-03
 3.2380e+01  3.0292e-03
 3.2480e+01  3.0663e-03
 3.2570e+01  2.9235e-03
 3.2670e+01  1.5005e-03
 3.2760e+01  1.6389e-03
 3.2860e+01  2.1573e-03
 3.2950e+01  2.4476e-03
 3.3050e+01  2.9763e-03
 3.3140e+01  3.0168e-03
 3.3240e+01  2.7671e-03
 3.3340e+01  2.7310e-03
 3.3440e+01  2.0932e-03
 3.3530e+01  1.2654e-03
 3.3630e+01  1.1945e-03
 3.3730e+01  1.7569e-03
 3.3830e+01  1.8537e-03
 3.3930e+01  1.8976e-03
 3.4030e+01  2.7311e-03
 3.4130e+01  2.8357e-03
 3.4230e+01  2.4431e-03
 3.4330e+01  2.4093e-03
 3.4440e+01  2.1686e-03
 3.4540e+01  1.9313e-03
 3.4640e+01  2.0314e-03
 3.4750e+01  2.7929e-03
 3.4850e+01  3.0202e-03
 3.4950e+01  3.6680e-03
 3.5060e+01  2.8482e-03
 3.5160e+01  2.5376e-03
 3.5270e+01  1.7885e-03
 3.5380e+01  2.8897e-03
 3.5480e+01  2.6389e-03
 3.5590e+01  1.9954e-03
 3.5700e+01  2.7524e-03
 3.5800e+01  3.1529e-03
 3.5910e+01  3.4722e-03
 3.6020e+01  3.8671e-03
 3.6130e+01  3.4689e-03
 3.6240e+01  2.4521e-03
 3.6350e+01  2.5297e-03
 3.6460e+01  2.1214e-03
 3.6580e+01  1.9921e-03
 3.6690e+01  2.8492e-03
 3.6800e+01  2.1146e-03
 3.6910e+01  2.3564e-03
 3.7030e+01  3.1304e-03
 3.7140e+01  2.6332e-03
 3.7260e+01  2.8075e-03
 3.7370e+01  2.2643e-03
 3.7490e+01  1.9606e-03
 3.7610e+01  2.4172e-03
 3.7720e+01  4.0323e-03
 3.7840e+01  3.6714e-03
 3.7960e+01  2.9346e-03
 3.8080e+01  3.3205e-03
 3.8200e+01  3.3395e-03
 3.8320e+01  1.4948e-03
 3.8440e+01  1.5398e-03
 3.8560e+01  2.4172e-03
 3.8680e+01  2.7029e-03
 3.8800e+01  3.1765e-03
 3.8930e+01  2.5117e-03
 3.9050e+01  2.1844e-03
 3.9170e+01  1.8064e-03
 3.9300e+01  2.0212e-03
 3.9420e+01  1.7547e-03
 3.9550e+01  2.0134e-03
 3.9680e+01  2.1225e-03
 3.9800e+01  2.1202e-03
 3.9930e+01  1.8885e-03
 4.0060e+01  1.7063e-03
 4.0190e+01  1.7817e-03
 4.0320e+01  2.0966e-03
 4.0450e+01  2.1540e-03
 4.0580e+01  4.4678e-03
 4.0710e+01  4.3575e-03
 4.0850e+01  3.6995e-03
 4.0980e+01  1.8356e-03
 4.1110e+01  2.6342e-03
 4.1250e+01  2.4554e-03
 4.1380e+01  2.4813e-03
 4.1520e+01  3.2124e-03
 4.1660e+01  3.1640e-03
 4.1800e+01  3.3091e-03
 4.1930e+01  2.8435e-03
 4.2070e+01  2.7625e-03
 4.2210e+01  2.2406e-03
 4.2350e+01  3.0010e-03
 4.2500e+01  3.2303e-03
 4.2640e+01  3.2258e-03
 4.2780e+01  3.1280e-03
 4.2920e+01  2.8874e-03
 4.3070e+01  2.6320e-03
 4.3220e+01  2.3721e-03
 4.3360e+01  2.2619e-03
 4.3510e+01  2.2001e-03
 4.3660e+01  2.1630e-03
 4.3810e+01  2.1584e-03
 4.3950e+01  3.4227e-03
 4.4110e+01  2.4723e-03
 4.4260e+01  3.2788e-03
 4.4410e+01  3.4497e-03
 4.4560e+01  3.1955e-03
 4.4720e+01  2.3429e-03
 4.4870e+01  2.1821e-03
 4.5030e+01  1.6377e-03
 4.5180e+01  2.3890e-03
 4.5340e+01  2.5038e-03
 4.5500e+01  4.4181e-03
 4.5660e+01  3.9704e-03
 4.5820e+01  3.9604e-03
 4.5980e+01  3.7792e-03
 4.6140e+01  3.1955e-03
 4.6310e+01  2.7523e-03
 4.6470e+01  3.0875e-03
 4.6640e+01  2.9232e-03
 4.6800e+01  2.7962e-03
 4.6970e+01  2.7005e-03
 4.7140e+01  2.5014e-03
 4.7310e+01  2.4678e-03
 4.7480e+01  2.5678e-03
 4.7650e+01  2.7972e-03
 4.7820e+01  3.6285e-03
 4.8000e+01  2.7343e-03
 4.8170e+01  2.5274e-03
 4.8350e+01  2.8681e-03
 4.8530e+01  2.5126e-03
 4.8700e+01  3.5002e-03
 4.8880e+01  2.7612e-03
 4.9070e+01  2.7420e-03
 4.9250e+01  2.4654e-03
 4.9430e+01  2.3552e-03
 4.9610e+01  2.0414e-03
 4.9800e+01  2.5137e-03
 4.9990e+01  2.6071e-03
 5.0180e+01  2.9580e-03
 5.0360e+01  3.0267e-03
 5.0560e+01  2.9333e-03
 5.0750e+01  2.6577e-03
 5.0940e+01  2.5609e-03
 5.1140e+01  2.5801e-03
 5.1330e+01  2.7274e-03
 5.1530e+01  3.0210e-03
 5.1730e+01  4.0252e-03
 5.1930e+01  4.3313e-03
 5.2130e+01  4.3965e-03
 5.2330e+01  4.3380e-03
 5.2540e+01  4.1546e-03
 5.2740e+01  3.9386e-03
 5.2950e+01  2.7780e-03
 5.3160e+01  2.9040e-03
 5.3370e+01  2.6508e-03
 5.3580e+01  2.5372e-03
 5.3800e+01  2.4146e-03
 5.4010e+01  2.4259e-03
 5.4230e+01  2.3482e-03
 5.4450e+01  2.4022e-03
 5.4670e+01  2.2155e-03
 5.4890e+01  2.3055e-03
 5.5110e+01  2.4247e-03
 5.5340e+01  3.5391e-03
 5.5570e+01  3.9362e-03
 5.5800e+01  4.0419e-03
 5.6030e+01  3.7236e-03
 5.6260e+01  2.9217e-03
 5.6490e+01  3.9979e-03
 5.6730e+01  4.3115e-03
 5.6970e+01  4.5522e-03
 5.7210e+01  4.5984e-03
 5.7450e+01  4.8412e-03
 5.7700e+01  3.7178e-03
 5.7940e+01  3.2928e-03
 5.8190e+01  3.3085e-03
 5.8440e+01  3.1386e-03
 5.8690e+01  3.2015e-03
 5.8950e+01  3.3826e-03
 5.9210e+01  3.8650e-03
 5.9470e+01  3.2622e-03
 5.9730e+01  3.0891e-03
 5.9990e+01  3.0170e-03
 6.0260e+01  3.1126e-03
 6.0530e+01  2.7258e-03
 6.0800e+01  3.3037e-03
 6.1070e+01  3.6164e-03
 6.1350e+01  4.0021e-03
 6.1630e+01  4.1988e-03
 6.1910e+01  4.2033e-03
 6.2200e+01  5.1310e-03
 6.2480e+01  4.6868e-03
 6.2770e+01  4.2122e-03
 6.3060e+01  4.2953e-03
 6.3360e+01  2.4827e-03
 6.3660e+01  2.6582e-03
 6.3960e+01  3.3744e-03
 6.4260e+01  3.4058e-03
 6.4570e+01  4.1760e-03
 6.4880e+01  4.9901e-03
 6.5200e+01  5.2172e-03
 6.5510e+01  4.3512e-03
 6.5830e+01  4.0611e-03
 6.6160e+01  4.5975e-03
 6.6480e+01  4.0792e-03
 6.6820e+01  3.1831e-03
 6.7150e+01  1.9654e-03
 6.7490e+01  3.5540e-03
 6.7830e+01  5.1044e-03
 6.8180e+01  5.7497e-03
 6.8530e+01  6.2105e-03
 6.8880e+01  3.7224e-03
 6.9240e+01  2.8016e-03
 6.9600e+01  2.6139e-03
