#      mass       lower
 8.9907e-03  8.6656e-04
 9.0814e-03  7.2390e-04
 9.1546e-03  7.9691e-04
 9.2284e-03  8.5583e-04
 9.3215e-03  7.6219e-04
 9.3967e-03  7.7728e-04
 9.4724e-03  7.3164e-04
 9.5488e-03  7.1743e-04
 9.6258e-03  6.3915e-04
 9.7034e-03  5.4936e-04
 9.8013e-03  6.0069e-04
 9.8803e-03  5.3499e-04
 9.9599e-03  5.5098e-04
 1.0040e-02  5.5381e-04
 1.0121e-02  4.5238e-04
 1.0182e-02  5.2447e-04
 1.0264e-02  3.7395e-04
 1.0347e-02  4.4059e-04
 1.0431e-02  4.3527e-04
 1.0515e-02  5.8156e-04
 1.0599e-02  6.1009e-04
 1.0663e-02  6.2213e-04
 1.0749e-02  5.7229e-04
 1.0836e-02  5.8355e-04
 1.0923e-02  5.7428e-04
 1.1034e-02  6.1004e-04
 1.1123e-02  6.3665e-04
 1.1235e-02  5.8452e-04
 1.1325e-02  5.8555e-04
 1.1440e-02  5.6308e-04
 1.1532e-02  5.6607e-04
 1.1625e-02  5.0178e-04
 1.1742e-02  4.5716e-04
 1.1837e-02  5.0347e-04
 1.1932e-02  5.6402e-04
 1.2028e-02  6.1217e-04
 1.2125e-02  5.6805e-04
 1.2223e-02  5.7312e-04
 1.2322e-02  5.5012e-04
 1.2421e-02  4.2660e-04
 1.2521e-02  4.6314e-04
 1.2622e-02  4.2793e-04
 1.2724e-02  4.2935e-04
 1.2827e-02  4.5332e-04
 1.2930e-02  5.4911e-04
 1.3034e-02  5.1594e-04
 1.3139e-02  5.5699e-04
 1.3245e-02  4.7711e-04
 1.3325e-02  5.2426e-04
 1.3433e-02  4.6126e-04
 1.3541e-02  3.1794e-04
 1.3623e-02  3.8415e-04
 1.3733e-02  3.5250e-04
 1.3843e-02  4.6864e-04
 1.3927e-02  5.1960e-04
 1.4039e-02  6.1216e-04
 1.4124e-02  5.7207e-04
 1.4238e-02  5.8862e-04
 1.4324e-02  5.3748e-04
 1.4439e-02  5.8967e-04
 1.4527e-02  5.4132e-04
 1.4644e-02  4.4980e-04
 1.4762e-02  4.9783e-04
 1.4881e-02  6.1874e-04
 1.5001e-02  7.1102e-04
 1.5122e-02  6.6564e-04
 1.5244e-02  6.7882e-04
 1.5366e-02  6.4233e-04
 1.5459e-02  6.5039e-04
 1.5584e-02  5.4617e-04
 1.5710e-02  4.4418e-04
 1.5836e-02  4.3712e-04
 1.5964e-02  5.1866e-04
 1.6060e-02  5.6097e-04
 1.6190e-02  5.1314e-04
 1.6320e-02  5.0408e-04
 1.6419e-02  5.5500e-04
 1.6551e-02  5.5008e-04
 1.6685e-02  4.9253e-04
 1.6786e-02  5.3271e-04
 1.6921e-02  6.2206e-04
 1.7023e-02  5.8757e-04
 1.7160e-02  5.6297e-04
 1.7264e-02  7.9129e-04
 1.7403e-02  7.4876e-04
 1.7508e-02  6.8124e-04
 1.7649e-02  6.5505e-04
 1.7756e-02  6.7160e-04
 1.7863e-02  5.8862e-04
 1.8007e-02  4.7444e-04
 1.8116e-02  5.0050e-04
 1.8226e-02  5.1223e-04
 1.8336e-02  5.4132e-04
 1.8483e-02  4.6689e-04
 1.8595e-02  6.0781e-04
 1.8745e-02  6.3891e-04
 1.8896e-02  6.2206e-04
 1.9048e-02  7.3550e-04
 1.9164e-02  6.8368e-04
 1.9318e-02  6.7761e-04
 1.9435e-02  5.0050e-04
 1.9591e-02  6.2762e-04
 1.9749e-02  5.3940e-04
 1.9869e-02  4.6440e-04
 2.0029e-02  4.7360e-04
 2.0150e-02  4.1879e-04
 2.0312e-02  4.2029e-04
 2.0435e-02  3.5358e-04
 2.0558e-02  3.6640e-04
 2.0724e-02  4.1879e-04
 2.0849e-02  3.8652e-04
 2.0975e-02  3.2576e-04
 2.1144e-02  4.0414e-04
 2.1272e-02  3.5737e-04
 2.1401e-02  3.0882e-04
 2.1573e-02  3.2171e-04
 2.1704e-02  4.6939e-04
 2.1835e-02  6.3099e-04
 2.1967e-02  5.9601e-04
 2.2099e-02  6.2762e-04
 2.2233e-02  7.2901e-04
 2.2412e-02  7.3680e-04
 2.2593e-02  5.2424e-04
 2.2729e-02  3.8514e-04
 2.2912e-02  3.9558e-04
 2.3051e-02  4.1287e-04
 2.3237e-02  3.4857e-04
 2.3377e-02  3.3278e-04
 2.3518e-02  3.7232e-04
 2.3708e-02  3.7699e-04
 2.3851e-02  3.6445e-04
 2.3995e-02  3.4058e-04
 2.4189e-02  3.9699e-04
 2.4335e-02  4.1360e-04
 2.4482e-02  4.8643e-04
 2.4679e-02  6.0890e-04
 2.4828e-02  5.7412e-04
 2.4978e-02  6.0242e-04
 2.5129e-02  5.6197e-04
 2.5281e-02  5.9921e-04
 2.5433e-02  5.1774e-04
 2.5638e-02  5.5106e-04
 2.5793e-02  5.2987e-04
 2.5949e-02  5.5303e-04
 2.6106e-02  4.9872e-04
 2.6264e-02  4.6856e-04
 2.6475e-02  4.1879e-04
 2.6635e-02  3.8037e-04
 2.6796e-02  3.5043e-04
 2.7012e-02  3.3219e-04
 2.7175e-02  4.2938e-04
 2.7340e-02  3.6771e-04
 2.7560e-02  4.2709e-04
 2.7726e-02  5.0950e-04
 2.7894e-02  5.4617e-04
 2.8062e-02  6.7161e-04
 2.8232e-02  5.5008e-04
 2.8460e-02  6.2206e-04
 2.8631e-02  5.1041e-04
 2.8804e-02  4.4023e-04
 2.8978e-02  5.0318e-04
 2.9153e-02  3.9629e-04
 2.9330e-02  4.3944e-04
 2.9507e-02  5.0679e-04
 2.9685e-02  5.4812e-04
 2.9864e-02  4.9518e-04
 3.0105e-02  3.7834e-04
 3.0287e-02  3.8721e-04
 3.0470e-02  3.4732e-04
 3.0654e-02  3.3876e-04
 3.0901e-02  3.6575e-04
 3.1088e-02  4.4102e-04
 3.1276e-02  4.7614e-04
 3.1464e-02  4.1214e-04
 3.1655e-02  4.3633e-04
 3.1910e-02  5.0498e-04
 3.2102e-02  6.2540e-04
 3.2296e-02  6.2875e-04
 3.2491e-02  6.2875e-04
 3.2688e-02  6.3438e-04
 3.2885e-02  5.5798e-04
 3.3084e-02  4.4815e-04
 3.3284e-02  3.9770e-04
 3.3485e-02  4.0702e-04
 3.3687e-02  3.1434e-04
 3.3891e-02  3.5294e-04
 3.4095e-02  4.2180e-04
 3.4370e-02  4.9695e-04
 3.4578e-02  4.6773e-04
 3.4787e-02  4.0127e-04
 3.4997e-02  4.1731e-04
 3.5208e-02  4.0198e-04
 3.5421e-02  3.9068e-04
 3.5635e-02  3.4363e-04
 3.5850e-02  3.3278e-04
 3.6139e-02  2.9063e-04
 3.6357e-02  4.1214e-04
 3.6577e-02  5.1774e-04
 3.6798e-02  5.3082e-04
 3.7020e-02  5.2238e-04
 3.7169e-02  6.8738e-04
 3.7394e-02  7.6354e-04
 3.7620e-02  7.8426e-04
 3.7923e-02  6.8861e-04
 3.8152e-02  6.1326e-04
 3.8382e-02  6.4579e-04
 3.8614e-02  5.8445e-04
 3.8847e-02  6.9968e-04
 3.9082e-02  6.8004e-04
 3.9318e-02  6.5623e-04
 3.9556e-02  6.8861e-04
 3.9795e-02  6.6447e-04
 4.0035e-02  6.4349e-04
 4.0277e-02  6.6093e-04
 4.0520e-02  7.0345e-04
 4.0765e-02  6.9230e-04
 4.1011e-02  7.3291e-04
 4.1259e-02  8.5734e-04
 4.1508e-02  6.9107e-04
 4.1759e-02  4.4735e-04
 4.2011e-02  3.7902e-04
 4.2265e-02  3.8174e-04
 4.2520e-02  4.0198e-04
 4.2777e-02  4.4259e-04
 4.3035e-02  7.3162e-04
 4.3295e-02  8.3622e-04
 4.3557e-02  8.2002e-04
 4.3820e-02  8.0409e-04
 4.4085e-02  7.9691e-04
 4.4351e-02  6.8005e-04
 4.4619e-02  6.0674e-04
 4.4889e-02  4.8992e-04
 4.5160e-02  5.8758e-04
 4.5432e-02  5.4813e-04
 4.5707e-02  5.6098e-04
 4.5983e-02  6.2876e-04
 4.6261e-02  5.5600e-04
 4.6540e-02  6.9846e-04
 4.6821e-02  6.6329e-04
 4.7104e-02  6.2096e-04
 4.7389e-02  6.3213e-04
 4.7675e-02  6.1545e-04
 4.7963e-02  7.5145e-04
 4.8253e-02  7.5008e-04
 4.8544e-02  7.5815e-04
 4.8837e-02  7.5678e-04
 4.9034e-02  8.0840e-04
 4.9330e-02  8.2734e-04
 4.9628e-02  7.2772e-04
 4.9928e-02  6.7401e-04
 5.0229e-02  8.5428e-04
 5.0533e-02  8.0984e-04
 5.0838e-02  8.1127e-04
 5.1145e-02  6.0783e-04
 5.1454e-02  4.7025e-04
 5.1765e-02  5.4327e-04
 5.2078e-02  4.5056e-04
 5.2392e-02  4.5136e-04
 5.2709e-02  3.9985e-04
 5.3027e-02  5.5304e-04
 5.3347e-02  6.8493e-04
 5.3670e-02  5.5010e-04
 5.3994e-02  4.3867e-04
 5.4211e-02  5.1867e-04
 5.4539e-02  4.3169e-04
 5.4868e-02  5.7721e-04
 5.5199e-02  5.1042e-04
 5.5533e-02  6.0243e-04
 5.5868e-02  6.5390e-04
 5.6206e-02  6.3893e-04
 5.6545e-02  6.9970e-04
 5.6887e-02  5.0230e-04
 5.7231e-02  4.3789e-04
 5.7576e-02  4.6857e-04
 5.7808e-02  6.3214e-04
 5.8157e-02  6.1327e-04
 5.8508e-02  7.4879e-04
 5.8862e-02  7.4079e-04
 5.9217e-02  8.5429e-04
 5.9575e-02  8.2584e-04
 5.9935e-02  6.1001e-04
 6.0297e-02  6.0030e-04
 6.0540e-02  5.8550e-04
 6.0905e-02  7.5679e-04
 6.1273e-02  6.6924e-04
 6.1643e-02  5.8447e-04
 6.2016e-02  6.5391e-04
 6.2390e-02  6.8006e-04
 6.2767e-02  6.2653e-04
 6.3146e-02  7.6903e-04
 6.3528e-02  7.2254e-04
 6.3783e-02  5.9710e-04
 6.4169e-02  5.8970e-04
 6.4556e-02  6.2542e-04
 6.4946e-02  4.2332e-04
 6.5339e-02  3.1829e-04
 6.5733e-02  3.2925e-04
 6.6130e-02  4.1436e-04
 6.6530e-02  5.3274e-04
 6.6797e-02  4.8472e-04
 6.7201e-02  7.2255e-04
 6.7607e-02  8.3180e-04
 6.8015e-02  9.0770e-04
 6.8426e-02  9.2896e-04
 6.8839e-02  9.6957e-04
 6.9255e-02  1.0580e-03
 6.9534e-02  9.1255e-04
 6.9954e-02  8.1711e-04
 7.0376e-02  8.4678e-04
 7.0802e-02  8.4678e-04
 7.1229e-02  7.7041e-04
 7.1659e-02  7.1742e-04
 7.1948e-02  6.6096e-04
 7.2382e-02  7.0348e-04
 7.2820e-02  6.9602e-04
 7.3260e-02  5.8033e-04
 7.3702e-02  6.8128e-04
 7.4147e-02  6.7045e-04
 7.4595e-02  8.7906e-04
 7.4895e-02  7.8012e-04
 7.5348e-02  7.8710e-04
 7.5803e-02  1.0356e-03
 7.6261e-02  9.3731e-04
 7.6721e-02  9.7827e-04
 7.7185e-02  8.3777e-04
 7.7495e-02  9.6439e-04
 7.7963e-02  9.3062e-04
 7.8434e-02  7.0601e-04
 7.8908e-02  8.5281e-04
 7.9385e-02  8.8378e-04
 7.9704e-02  1.0320e-03
 8.0186e-02  1.0192e-03
 8.0670e-02  9.2734e-04
 8.1157e-02  8.6198e-04
 8.1648e-02  6.7766e-04
 8.1976e-02  7.7733e-04
 8.2471e-02  5.0412e-04
 8.2969e-02  4.9170e-04
 8.3471e-02  4.9257e-04
 8.3975e-02  5.8449e-04
 8.4482e-02  6.4583e-04
 8.4822e-02  5.2428e-04
 8.5334e-02  6.9235e-04
 8.5850e-02  8.0988e-04
 8.6368e-02  1.0339e-03
 8.6716e-02  9.5586e-04
 8.7240e-02  8.7751e-04
 8.7767e-02  1.0066e-03
 8.8297e-02  1.0192e-03
 8.8830e-02  1.0229e-03
 8.9367e-02  9.5929e-04
 8.9726e-02  8.0128e-04
 9.0268e-02  1.0120e-03
 9.0814e-02  1.1322e-03
 9.1362e-02  1.0376e-03
 9.1730e-02  1.1567e-03
 9.2284e-02  9.4569e-04
 9.2841e-02  1.1464e-03
 9.3402e-02  9.8357e-04
 9.3966e-02  1.1404e-03
 9.4344e-02  1.2850e-03
 9.4914e-02  1.2030e-03
 9.5488e-02  1.4402e-03
 9.6064e-02  1.4872e-03
 9.6645e-02  1.7428e-03
 9.7033e-02  1.7805e-03
 9.7620e-02  1.7710e-03
 9.8209e-02  1.7869e-03
 9.8802e-02  1.8190e-03
 9.9200e-02  1.6878e-03
 9.9799e-02  1.5058e-03
 1.0040e-01  1.3245e-03
 1.0101e-01  1.3750e-03
 1.0162e-01  1.6171e-03
 1.0203e-01  1.5058e-03
 1.0264e-01  1.3363e-03
 1.0326e-01  1.3997e-03
 1.0389e-01  1.5411e-03
 1.0431e-01  1.4377e-03
 1.0494e-01  1.5578e-03
 1.0557e-01  1.8353e-03
 1.0621e-01  2.0607e-03
 1.0663e-01  2.2973e-03
 1.0728e-01  2.4322e-03
 1.0793e-01  2.6165e-03
 1.0858e-01  2.5841e-03
 1.0923e-01  2.7456e-03
 1.0967e-01  2.6971e-03
 1.1034e-01  2.6541e-03
 1.1100e-01  2.7850e-03
 1.1167e-01  3.0445e-03
 1.1212e-01  3.1776e-03
 1.1280e-01  3.1719e-03
 1.1348e-01  3.6320e-03
 1.1417e-01  3.6127e-03
 1.1463e-01  3.1946e-03
 1.1532e-01  3.3047e-03
 1.1602e-01  3.7039e-03
 1.1672e-01  4.0782e-03
 1.1719e-01  4.7877e-03
 1.1789e-01  3.4369e-03
 1.1861e-01  5.7217e-03
