#      mass       lower       upper
 1.0300e-03  1.1220e-06  3.7068e-03
 1.0416e-03  1.0983e-06  3.5816e-03
 1.0513e-03  1.0781e-06  3.4657e-03
 1.0692e-03  1.0399e-06  2.8517e-03
 1.1016e-03  9.6667e-07  2.5519e-03
 1.1125e-03  9.4070e-07  2.2678e-03
 1.1180e-03  9.2752e-07  2.0654e-03
 1.1266e-03  9.0621e-07  2.0313e-03
 1.1807e-03  8.1089e-07  1.8026e-03
 1.1826e-03  8.0740e-07  1.7913e-03
 1.2905e-03  7.8343e-07  1.5431e-03
 1.3333e-03  7.7479e-07  1.4326e-03
 1.3578e-03  7.6982e-07  1.3856e-03
 1.4317e-03  7.6544e-07  1.2433e-03
 1.5079e-03  7.6088e-07  1.1881e-03
 1.5590e-03  7.5809e-07  1.1495e-03
 1.5728e-03  7.5798e-07  1.1383e-03
 1.7371e-03  7.5660e-07  1.0083e-03
 1.7898e-03  7.5624e-07  9.6296e-04
 1.8447e-03  7.5698e-07  9.3417e-04
 1.9001e-03  7.5767e-07  9.0420e-04
 2.0550e-03  7.5960e-07  8.2011e-04
 2.2756e-03  7.6464e-07  7.4161e-04
 2.3368e-03  7.6594e-07  7.1829e-04
 2.3482e-03  7.6617e-07  7.1254e-04
 2.3595e-03  7.6641e-07  7.0977e-04
 2.4043e-03  7.6762e-07  6.9616e-04
 2.5962e-03  7.7276e-07  6.3972e-04
 2.7092e-03  7.7564e-07  6.0405e-04
 2.7578e-03  7.7703e-07  5.8772e-04
 2.8688e-03  7.8015e-07  5.7056e-04
 2.9582e-03  7.8267e-07  5.5165e-04
 3.1105e-03  7.8675e-07  5.1783e-04
 3.2421e-03  7.9045e-07  4.8562e-04
 3.3674e-03  7.9397e-07  4.7269e-04
 3.5499e-03  7.9884e-07  4.5321e-04
 3.5713e-03  7.9942e-07  4.4990e-04
 3.6126e-03  8.0054e-07  4.4460e-04
 3.8301e-03  8.0647e-07  4.1810e-04
 4.1004e-03  8.1349e-07  3.8261e-04
 4.3584e-03  8.2024e-07  3.5999e-04
 4.4417e-03  8.2241e-07  3.5262e-04
 4.7079e-03  8.2890e-07  3.2799e-04
 4.9458e-03  8.3473e-07  3.1386e-04
 5.3852e-03  8.4514e-07  2.8595e-04
 5.4054e-03  8.4562e-07  2.8464e-04
 5.6153e-03  8.5048e-07  2.6893e-04
 5.7928e-03  8.5447e-07  2.5490e-04
 6.2063e-03  8.6367e-07  2.4140e-04
 6.3720e-03  8.6725e-07  2.3534e-04
 6.5899e-03  8.7184e-07  2.2713e-04
 7.1258e-03  8.8302e-07  2.0633e-04
 7.2272e-03  8.8510e-07  2.0379e-04
 8.1046e-03  9.0220e-07  1.8042e-04
 8.1427e-03  9.0293e-07  1.7899e-04
 8.1814e-03  9.0368e-07  1.7827e-04
 8.1940e-03  9.0392e-07  1.7799e-04
 8.3146e-03  9.0621e-07  1.7523e-04
 8.3488e-03  9.0683e-07  1.7443e-04
 9.2853e-03  9.2391e-07  1.5360e-04
 9.3937e-03  9.2584e-07  1.5100e-04
 9.5456e-03  9.2885e-07  1.4720e-04
 9.8769e-03  9.3537e-07  1.4331e-04
 1.0501e-02  9.4751e-07  1.3316e-04
 1.0785e-02  9.5294e-07  1.2826e-04
 1.1852e-02  9.7489e-07  1.1616e-04
 1.2045e-02  9.7879e-07  1.1384e-04
 1.2383e-02  9.8559e-07  1.0979e-04
 1.3234e-02  1.0026e-06  1.0190e-04
 1.3361e-02  1.0051e-06  1.0081e-04
 1.4218e-02  1.0220e-06  9.3110e-05
 1.4612e-02  1.0297e-06  9.0418e-05
 1.5046e-02  1.0382e-06  8.7502e-05
 1.6324e-02  1.0628e-06  7.8278e-05
 1.6922e-02  1.0745e-06  7.5383e-05
 1.7628e-02  1.0881e-06  7.1822e-05
 1.8743e-02  1.1093e-06  6.6037e-05
 2.0369e-02  1.1409e-06  6.0251e-05
 2.1205e-02  1.1567e-06  5.7049e-05
 2.1319e-02  1.1588e-06  5.6624e-05
 2.1520e-02  1.1627e-06  5.5875e-05
 2.1842e-02  1.1695e-06  5.4920e-05
 2.2566e-02  1.1839e-06  5.2707e-05
 2.4708e-02  1.2255e-06  4.6682e-05
 2.5349e-02  1.2387e-06  4.5313e-05
 2.6662e-02  1.2652e-06  4.2552e-05
 2.8369e-02  1.3003e-06  3.8665e-05
 2.9741e-02  1.3276e-06  3.6552e-05
 3.0092e-02  1.3350e-06  3.5992e-05
 3.2571e-02  1.3865e-06  3.2011e-05
 3.3112e-02  1.3974e-06  3.1420e-05
 3.4978e-02  1.4363e-06  2.9290e-05
 3.5565e-02  1.4490e-06  2.8587e-05
 3.7397e-02  1.4880e-06  2.6416e-05
 3.8985e-02  1.5252e-06  2.4336e-05
 4.0768e-02  1.5659e-06  2.3265e-05
 4.1667e-02  1.5882e-06  2.2706e-05
 4.2938e-02  1.6191e-06  2.1563e-05
 4.5006e-02  1.6720e-06  2.0263e-05
 4.8251e-02  1.7614e-06  1.8034e-05
 4.9299e-02  1.7894e-06  1.7305e-05
 4.9516e-02  1.7952e-06  1.7206e-05
 4.9978e-02  1.8084e-06  1.6990e-05
 5.4293e-02  1.9385e-06  1.4829e-05
 5.5221e-02  1.9701e-06  1.4323e-05
 5.6603e-02  2.0163e-06  1.3601e-05
 5.9260e-02  2.1093e-06  1.2573e-05
 6.2092e-02  2.2237e-06  1.1375e-05
 6.3467e-02  2.2772e-06  1.0856e-05
 6.4345e-02  2.3155e-06  1.0511e-05
 6.4990e-02  2.3487e-06  1.0250e-05
 6.6855e-02  2.4557e-06  9.4690e-06
 6.8927e-02  2.5693e-06  9.0311e-06
 6.9192e-02  2.5834e-06  8.9556e-06
 7.3153e-02  2.8690e-06  7.7371e-06
 7.3793e-02  2.9230e-06  7.5216e-06
 7.4618e-02  3.0202e-06  7.2343e-06
 7.4892e-02  3.0538e-06  7.1677e-06
 7.5159e-02  3.0862e-06  7.0811e-06
 7.7702e-02  3.3811e-06  6.1666e-06
 7.8907e-02  3.6142e-06  5.6797e-06
 7.8948e-02  3.6219e-06  5.6623e-06
 8.0314e-02  4.0545e-06  5.0362e-06
 8.0701e-02  1.0000e+05  1.0000e+05
