#      mass       lower       upper
 1.0300e-03  1.0163e-08  7.6373e-05
 1.0381e-03  9.9824e-09  8.2524e-05
 1.0449e-03  9.8283e-09  8.7323e-05
 1.0459e-03  9.8053e-09  8.7362e-05
 1.0573e-03  9.5580e-09  8.4597e-05
 1.0638e-03  9.4423e-09  8.0813e-05
 1.0924e-03  8.9161e-09  8.1149e-05
 1.1048e-03  8.6767e-09  7.3174e-05
 1.1276e-03  8.2191e-09  7.1406e-05
 1.1664e-03  7.5922e-09  6.5347e-05
 1.1680e-03  7.5683e-09  6.5017e-05
 1.1700e-03  7.5390e-09  6.3808e-05
 1.1826e-03  7.3510e-09  6.1941e-05
 1.2113e-03  7.2942e-09  6.1038e-05
 1.3114e-03  7.1159e-09  5.4938e-05
 1.3578e-03  7.0315e-09  5.2306e-05
 1.4255e-03  7.0007e-09  5.0267e-05
 1.5453e-03  6.9502e-09  4.5625e-05
 1.5590e-03  6.9445e-09  4.5111e-05
 1.5961e-03  6.9451e-09  4.4076e-05
 1.6445e-03  6.9454e-09  4.2820e-05
 1.7898e-03  6.9475e-09  3.8529e-05
 1.8693e-03  6.9623e-09  3.6946e-05
 1.8849e-03  6.9653e-09  3.6504e-05
 1.9606e-03  6.9789e-09  3.4242e-05
 2.0550e-03  6.9959e-09  3.3060e-05
 2.1541e-03  7.0201e-09  3.1731e-05
 2.3035e-03  7.0545e-09  2.9570e-05
 2.3595e-03  7.0675e-09  2.8740e-05
 2.4577e-03  7.0938e-09  2.7616e-05
 2.4638e-03  7.0953e-09  2.7544e-05
 2.7092e-03  7.1594e-09  2.4682e-05
 2.8003e-03  7.1851e-09  2.3925e-05
 2.8455e-03  7.1972e-09  2.3539e-05
 3.1105e-03  7.2670e-09  2.1215e-05
 3.1878e-03  7.2882e-09  2.0784e-05
 3.5391e-03  7.3794e-09  1.8695e-05
 3.5713e-03  7.3879e-09  1.8496e-05
 3.6260e-03  7.4027e-09  1.8219e-05
 3.6282e-03  7.4033e-09  1.8208e-05
 4.1004e-03  7.5215e-09  1.5797e-05
 4.3736e-03  7.5889e-09  1.4834e-05
 4.3875e-03  7.5922e-09  1.4785e-05
 4.6826e-03  7.6611e-09  1.3700e-05
 4.7079e-03  7.6669e-09  1.3603e-05
 4.7383e-03  7.6738e-09  1.3480e-05
 4.9258e-03  7.7162e-09  1.2692e-05
 5.4054e-03  7.8232e-09  1.1840e-05
 5.4412e-03  7.8310e-09  1.1764e-05
 6.0340e-03  7.9571e-09  1.0482e-05
 6.2063e-03  7.9918e-09  1.0080e-05
 6.7141e-03  8.0943e-09  9.3265e-06
 6.8441e-03  8.1203e-09  9.1293e-06
 7.1258e-03  8.1738e-09  8.6870e-06
 7.7594e-03  8.2932e-09  7.9951e-06
 7.9145e-03  8.3210e-09  7.8165e-06
 8.1814e-03  8.3685e-09  7.5184e-06
 8.3236e-03  8.3938e-09  7.3920e-06
 8.7930e-03  8.4767e-09  6.9747e-06
 9.3937e-03  8.5761e-09  6.4019e-06
 1.0197e-02  8.7061e-09  5.9013e-06
 1.0265e-02  8.7167e-09  5.8573e-06
 1.0785e-02  8.7965e-09  5.5172e-06
 1.1278e-02  8.8724e-09  5.2874e-06
 1.1802e-02  8.9486e-09  5.0317e-06
 1.2383e-02  9.0320e-09  4.7533e-06
 1.2686e-02  9.0756e-09  4.6400e-06
 1.2765e-02  9.0868e-09  4.6112e-06
 1.4218e-02  9.2839e-09  4.0444e-06
 1.5621e-02  9.4638e-09  3.6748e-06
 1.5974e-02  9.5086e-09  3.5429e-06
 1.6317e-02  9.5518e-09  3.4824e-06
 1.6324e-02  9.5527e-09  3.4811e-06
 1.6329e-02  9.5530e-09  3.4800e-06
 1.6372e-02  9.5585e-09  3.4717e-06
 1.7747e-02  9.7236e-09  3.1906e-06
 1.8456e-02  9.8074e-09  3.0476e-06
 1.8743e-02  9.8403e-09  2.9880e-06
 1.9242e-02  9.8948e-09  2.9094e-06
 2.0858e-02  1.0070e-08  2.6500e-06
 2.1520e-02  1.0138e-08  2.5361e-06
 2.2411e-02  1.0228e-08  2.4397e-06
 2.3621e-02  1.0343e-08  2.3024e-06
 2.4708e-02  1.0445e-08  2.1757e-06
 2.6631e-02  1.0622e-08  2.0123e-06
 2.7037e-02  1.0658e-08  1.9761e-06
 2.8369e-02  1.0774e-08  1.8632e-06
 2.9000e-02  1.0829e-08  1.8213e-06
 3.0072e-02  1.0920e-08  1.7508e-06
 3.2571e-02  1.1128e-08  1.5747e-06
 3.5430e-02  1.1358e-08  1.4399e-06
 3.6240e-02  1.1423e-08  1.4008e-06
 3.7397e-02  1.1508e-08  1.3431e-06
 3.8286e-02  1.1575e-08  1.2945e-06
 3.9286e-02  1.1650e-08  1.2376e-06
 4.2938e-02  1.1919e-08  1.1499e-06
 4.3162e-02  1.1935e-08  1.1436e-06
 4.3375e-02  1.1950e-08  1.1376e-06
 4.4610e-02  1.2040e-08  1.0884e-06
 4.6241e-02  1.2153e-08  1.0198e-06
 4.8630e-02  1.2318e-08  9.7750e-07
 4.9299e-02  1.2366e-08  9.6533e-07
 5.2667e-02  1.2597e-08  8.9809e-07
 5.4732e-02  1.2738e-08  8.5609e-07
 5.6603e-02  1.2867e-08  8.1627e-07
 5.8996e-02  1.3037e-08  7.6065e-07
 5.9434e-02  1.3068e-08  7.5631e-07
 6.4150e-02  1.3376e-08  7.0813e-07
 6.4990e-02  1.3430e-08  6.9554e-07
 6.9081e-02  1.3706e-08  6.2490e-07
 6.9226e-02  1.3716e-08  6.2227e-07
 7.4618e-02  1.4074e-08  5.8192e-07
 7.7465e-02  1.4264e-08  5.5772e-07
 7.7482e-02  1.4265e-08  5.5758e-07
 8.5672e-02  1.4810e-08  4.8545e-07
 9.1471e-02  1.5204e-08  4.5028e-07
 9.3375e-02  1.5333e-08  4.3817e-07
 9.5709e-02  1.5491e-08  4.1769e-07
 9.6991e-02  1.5576e-08  4.1233e-07
 9.8364e-02  1.5671e-08  4.0651e-07
 1.0832e-01  1.6335e-08  3.6326e-07
 1.1256e-01  1.6634e-08  3.4337e-07
 1.1294e-01  1.6660e-08  3.4162e-07
 1.1425e-01  1.6751e-08  3.3642e-07
 1.2076e-01  1.7196e-08  3.1367e-07
 1.2967e-01  1.7827e-08  2.7989e-07
 1.3413e-01  1.8144e-08  2.6812e-07
 1.3443e-01  1.8166e-08  2.6735e-07
 1.4888e-01  1.9236e-08  2.2793e-07
 1.4939e-01  1.9275e-08  2.2648e-07
 1.5091e-01  1.9398e-08  2.2203e-07
 1.5242e-01  1.9526e-08  2.1756e-07
 1.5914e-01  2.0066e-08  2.0812e-07
 1.6551e-01  2.0587e-08  1.9578e-07
 1.7094e-01  2.1065e-08  1.8469e-07
 1.8297e-01  2.2137e-08  1.6766e-07
 1.8808e-01  2.2634e-08  1.5996e-07
 1.9626e-01  2.3444e-08  1.4771e-07
 2.0107e-01  2.4291e-08  1.3325e-07
 2.0461e-01  2.5114e-08  1.2161e-07
 2.0739e-01  2.5722e-08  1.1614e-07
 2.1501e-01  2.7005e-08  1.1468e-07
 2.1734e-01  2.7482e-08  1.1106e-07
 2.1860e-01  2.7840e-08  1.0841e-07
 2.2534e-01  2.9712e-08  9.8326e-08
 2.3047e-01  3.1128e-08  9.0143e-08
 2.3429e-01  3.2001e-08  8.7987e-08
 2.3601e-01  3.2507e-08  8.6825e-08
 2.4492e-01  3.5670e-08  7.7516e-08
 2.5211e-01  3.9595e-08  6.7506e-08
 2.5508e-01  4.2654e-08  6.1718e-08
 2.5685e-01  4.5655e-08  5.7061e-08
 2.5872e-01  1.0000e+05  1.0000e+05
 2.7004e-01  1.0000e+05  1.0000e+05
 2.7901e-01  1.0000e+05  1.0000e+05
 2.8018e-01  1.0000e+05  1.0000e+05
 2.8761e-01  1.0000e+05  1.0000e+05
 2.9706e-01  1.0000e+05  1.0000e+05
 2.9967e-01  1.0000e+05  1.0000e+05
 3.0268e-01  1.0000e+05  1.0000e+05
 3.0494e-01  1.0000e+05  1.0000e+05
 3.0700e-01  1.0000e+05  1.0000e+05
 3.1277e-01  1.0000e+05  1.0000e+05
 3.1338e-01  1.0000e+05  1.0000e+05
 3.1532e-01  1.0000e+05  1.0000e+05
 3.1593e-01  1.0000e+05  1.0000e+05
