#      mass       lower       upper
 1.0300e-03  2.9554e-05  3.9006e-03
 1.0465e-03  2.9443e-05  4.2512e-03
 1.0485e-03  2.9430e-05  4.3003e-03
 1.0595e-03  2.9421e-05  4.4706e-03
 1.0753e-03  2.9415e-05  3.9990e-03
 1.1099e-03  2.9394e-05  3.8897e-03
 1.1187e-03  2.9392e-05  3.5511e-03
 1.1826e-03  2.9359e-05  3.0530e-03
 1.1830e-03  2.9363e-05  3.0520e-03
 1.1860e-03  2.9395e-05  3.0455e-03
 1.2011e-03  2.9556e-05  3.0207e-03
 1.2712e-03  3.0338e-05  2.8259e-03
 1.3245e-03  3.0926e-05  2.6059e-03
 1.3385e-03  3.1079e-05  2.5630e-03
 1.3578e-03  3.1297e-05  2.5001e-03
 1.4880e-03  3.2814e-05  2.2546e-03
 1.5357e-03  3.3361e-05  2.1432e-03
 1.5590e-03  3.3629e-05  2.0947e-03
 1.6524e-03  3.4721e-05  1.9546e-03
 1.6683e-03  3.4906e-05  1.9287e-03
 1.7898e-03  3.6302e-05  1.7516e-03
 1.8188e-03  3.6639e-05  1.7202e-03
 1.8332e-03  3.6803e-05  1.7054e-03
 1.9661e-03  3.8337e-05  1.5597e-03
 2.0319e-03  3.9094e-05  1.4808e-03
 2.0550e-03  3.9360e-05  1.4519e-03
 2.1700e-03  4.0701e-05  1.3610e-03
 2.2499e-03  4.1616e-05  1.2976e-03
 2.3595e-03  4.2878e-05  1.2050e-03
 2.4899e-03  4.4385e-05  1.1320e-03
 2.5997e-03  4.5665e-05  1.0666e-03
 2.7092e-03  4.6925e-05  1.0009e-03
 2.7538e-03  4.7448e-05  9.8313e-04
 2.8743e-03  4.8856e-05  9.3365e-04
 3.0432e-03  5.0855e-05  8.6004e-04
 3.0988e-03  5.1528e-05  8.3455e-04
 3.1105e-03  5.1670e-05  8.2984e-04
 3.1139e-03  5.1711e-05  8.2869e-04
 3.3605e-03  5.4716e-05  7.4534e-04
 3.5713e-03  5.7426e-05  6.6715e-04
 3.6125e-03  5.7995e-05  6.5183e-04
 3.6905e-03  5.8999e-05  6.3704e-04
 4.0646e-03  6.4137e-05  5.3982e-04
 4.0900e-03  6.4519e-05  5.3271e-04
 4.1004e-03  6.4680e-05  5.2976e-04
 4.3535e-03  6.8529e-05  4.8136e-04
 4.5055e-03  7.0984e-05  4.5211e-04
 4.7079e-03  7.4735e-05  4.1047e-04
 4.9586e-03  7.9578e-05  3.7340e-04
 5.0989e-03  8.2808e-05  3.5115e-04
 5.4054e-03  9.1402e-05  3.0078e-04
 5.4508e-03  9.2749e-05  2.9517e-04
 5.5461e-03  9.5915e-05  2.8294e-04
 5.9132e-03  1.1435e-04  2.2755e-04
 5.9806e-03  1.1983e-04  2.1542e-04
 6.2063e-03  1.0000e+05  1.0000e+05
 6.5471e-03  1.0000e+05  1.0000e+05
 6.7713e-03  1.0000e+05  1.0000e+05
 7.1258e-03  1.0000e+05  1.0000e+05
 7.1792e-03  1.0000e+05  1.0000e+05
 7.6361e-03  1.0000e+05  1.0000e+05
 7.7626e-03  1.0000e+05  1.0000e+05
 8.1814e-03  1.0000e+05  1.0000e+05
 8.3806e-03  1.0000e+05  1.0000e+05
 8.4597e-03  1.0000e+05  1.0000e+05
 8.5856e-03  1.0000e+05  1.0000e+05
 8.9197e-03  1.0000e+05  1.0000e+05
 8.9598e-03  1.0000e+05  1.0000e+05
 9.1563e-03  1.0000e+05  1.0000e+05
 9.1891e-03  1.0000e+05  1.0000e+05
 9.3937e-03  1.0000e+05  1.0000e+05
 9.4508e-03  1.0000e+05  1.0000e+05
 9.4739e-03  1.0000e+05  1.0000e+05
 9.6277e-03  1.0000e+05  1.0000e+05
 9.7002e-03  1.0000e+05  1.0000e+05
 9.7456e-03  1.0000e+05  1.0000e+05
 9.7692e-03  1.0000e+05  1.0000e+05
