#      mass       lower
 2.1410e-01  2.9448e-04
 2.1420e-01  2.6418e-04
 2.1430e-01  1.5513e-04
 2.1450e-01  1.2590e-04
 2.1460e-01  1.1028e-04
 2.1470e-01  1.5198e-04
 2.1490e-01  2.2968e-04
 2.1500e-01  3.2043e-04
 2.1520e-01  3.5633e-04
 2.1530e-01  2.8657e-04
 2.1550e-01  2.7646e-04
 2.1560e-01  1.9801e-04
 2.1580e-01  1.7971e-04
 2.1590e-01  1.8372e-04
 2.1610e-01  2.0210e-04
 2.1620e-01  2.0712e-04
 2.1640e-01  2.9782e-04
 2.1660e-01  2.3569e-04
 2.1670e-01  2.2346e-04
 2.1690e-01  2.4220e-04
 2.1710e-01  2.6424e-04
 2.1730e-01  2.8801e-04
 2.1750e-01  3.5142e-04
 2.1770e-01  2.2001e-04
 2.1780e-01  1.3821e-04
 2.1800e-01  1.9380e-04
 2.1820e-01  1.3802e-04
 2.1840e-01  1.2084e-04
 2.1860e-01  1.1651e-04
 2.1880e-01  1.6990e-04
 2.1910e-01  2.4128e-04
 2.1930e-01  2.9211e-04
 2.1950e-01  3.1404e-04
 2.1970e-01  3.1452e-04
 2.1990e-01  3.1258e-04
 2.2010e-01  3.0966e-04
 2.2040e-01  3.2496e-04
 2.2060e-01  3.2963e-04
 2.2080e-01  2.8948e-04
 2.2110e-01  2.8796e-04
 2.2130e-01  2.8147e-04
 2.2160e-01  2.4875e-04
 2.2180e-01  1.6191e-04
 2.2200e-01  2.3579e-04
 2.2230e-01  1.7098e-04
 2.2260e-01  2.6429e-04
 2.2280e-01  2.6497e-04
 2.2310e-01  2.2613e-04
 2.2330e-01  2.1762e-04
 2.2360e-01  1.8093e-04
 2.2390e-01  1.6780e-04
 2.2410e-01  1.6379e-04
 2.2440e-01  1.9052e-04
 2.2470e-01  1.9882e-04
 2.2500e-01  2.4882e-04
 2.2530e-01  2.9422e-04
 2.2560e-01  3.2547e-04
 2.2590e-01  2.7952e-04
 2.2620e-01  2.2584e-04
 2.2650e-01  2.3493e-04
 2.2680e-01  1.5942e-04
 2.2710e-01  1.5816e-04
 2.2740e-01  1.8181e-04
 2.2770e-01  2.4422e-04
 2.2800e-01  1.9991e-04
 2.2830e-01  2.4029e-04
 2.2860e-01  3.1433e-04
 2.2900e-01  3.7422e-04
 2.2930e-01  3.2149e-04
 2.2960e-01  3.0486e-04
 2.3000e-01  2.7067e-04
 2.3030e-01  2.4920e-04
 2.3060e-01  2.3560e-04
 2.3100e-01  2.3600e-04
 2.3130e-01  2.6041e-04
 2.3170e-01  2.7370e-04
 2.3200e-01  2.5323e-04
 2.3240e-01  2.3617e-04
 2.3270e-01  1.5768e-04
 2.3310e-01  1.4081e-04
 2.3350e-01  1.4303e-04
 2.3380e-01  1.7724e-04
 2.3420e-01  2.1980e-04
 2.3460e-01  2.6235e-04
 2.3500e-01  3.2174e-04
 2.3530e-01  2.7806e-04
 2.3570e-01  2.8218e-04
 2.3610e-01  2.5077e-04
 2.3650e-01  3.3543e-04
 2.3690e-01  3.4491e-04
 2.3730e-01  3.2623e-04
 2.3770e-01  2.3951e-04
 2.3810e-01  2.3192e-04
 2.3850e-01  2.8244e-04
 2.3890e-01  3.0594e-04
 2.3930e-01  2.3192e-04
 2.3980e-01  2.0539e-04
 2.4020e-01  2.0461e-04
 2.4060e-01  2.1596e-04
 2.4100e-01  2.8620e-04
 2.4150e-01  2.6324e-04
 2.4190e-01  2.3526e-04
 2.4230e-01  1.5123e-04
 2.4280e-01  1.8447e-04
 2.4320e-01  1.6336e-04
 2.4370e-01  1.9682e-04
 2.4410e-01  2.7140e-04
 2.4460e-01  3.0599e-04
 2.4500e-01  3.8031e-04
 2.4550e-01  3.5438e-04
 2.4600e-01  3.5224e-04
 2.4640e-01  2.8191e-04
 2.4690e-01  3.4971e-04
 2.4740e-01  3.0788e-04
 2.4780e-01  2.1613e-04
 2.4830e-01  2.7944e-04
 2.4880e-01  2.8317e-04
 2.4930e-01  1.7140e-04
 2.4980e-01  1.5578e-04
 2.5030e-01  1.4856e-04
 2.5080e-01  1.5900e-04
 2.5130e-01  2.3591e-04
 2.5180e-01  2.4491e-04
 2.5230e-01  2.0981e-04
 2.5280e-01  1.8595e-04
 2.5330e-01  1.7227e-04
 2.5380e-01  2.0407e-04
 2.5430e-01  2.4888e-04
 2.5480e-01  3.5109e-04
 2.5540e-01  3.0257e-04
 2.5590e-01  2.8135e-04
 2.5640e-01  2.7116e-04
 2.5700e-01  2.9791e-04
 2.5750e-01  2.0105e-04
 2.5800e-01  2.7722e-04
 2.5860e-01  1.8572e-04
 2.5910e-01  2.3524e-04
 2.5970e-01  2.6104e-04
 2.6020e-01  2.8066e-04
 2.6080e-01  2.7933e-04
 2.6130e-01  2.7004e-04
 2.6190e-01  2.6673e-04
 2.6250e-01  3.3052e-04
 2.6300e-01  3.2679e-04
 2.6360e-01  3.1981e-04
 2.6420e-01  2.2368e-04
 2.6480e-01  1.4912e-04
 2.6530e-01  1.6585e-04
 2.6590e-01  1.7548e-04
 2.6650e-01  3.0843e-04
 2.6710e-01  4.5127e-04
 2.6770e-01  3.7480e-04
 2.6830e-01  3.3142e-04
 2.6890e-01  1.8916e-04
 2.6950e-01  1.7165e-04
 2.7010e-01  2.0365e-04
 2.7070e-01  1.6709e-04
 2.7130e-01  2.8165e-04
 2.7190e-01  2.9264e-04
 2.7260e-01  3.2469e-04
 2.7320e-01  3.2545e-04
 2.7380e-01  3.5093e-04
 2.7440e-01  2.8825e-04
 2.7510e-01  2.4901e-04
 2.7570e-01  2.3183e-04
 2.7630e-01  1.7727e-04
 2.7700e-01  1.5778e-04
 2.7760e-01  1.3308e-04
 2.7830e-01  1.2605e-04
 2.7890e-01  2.4108e-04
 2.7960e-01  3.0896e-04
 2.8020e-01  3.6594e-04
 2.8090e-01  4.9301e-04
 2.8160e-01  4.8426e-04
 2.8220e-01  3.6798e-04
 2.8290e-01  2.9782e-04
 2.8360e-01  1.4970e-04
 2.8420e-01  1.3738e-04
 2.8490e-01  1.6797e-04
 2.8560e-01  2.0723e-04
 2.8630e-01  2.9170e-04
 2.8700e-01  3.7277e-04
 2.8770e-01  4.5119e-04
 2.8830e-01  3.6104e-04
 2.8900e-01  3.7002e-04
 2.8970e-01  3.0183e-04
 2.9040e-01  3.5324e-04
 2.9120e-01  2.2867e-04
 2.9190e-01  1.3171e-04
 2.9260e-01  1.2198e-04
 2.9330e-01  1.4460e-04
 2.9400e-01  2.4112e-04
 2.9470e-01  3.8300e-04
 2.9540e-01  4.6428e-04
 2.9620e-01  3.3242e-04
 2.9690e-01  3.6767e-04
 2.9760e-01  2.5387e-04
 2.9840e-01  2.1872e-04
 2.9910e-01  1.8998e-04
 2.9990e-01  1.2142e-04
 3.0060e-01  1.6934e-04
 3.0140e-01  2.2753e-04
 3.0210e-01  3.3655e-04
 3.0290e-01  3.7793e-04
 3.0360e-01  3.8342e-04
 3.0440e-01  3.8671e-04
 3.0510e-01  3.8673e-04
 3.0590e-01  3.3197e-04
 3.0670e-01  3.1151e-04
 3.0740e-01  2.7384e-04
 3.0820e-01  2.4989e-04
 3.0900e-01  2.8875e-04
 3.0980e-01  2.3534e-04
 3.1060e-01  2.0452e-04
 3.1130e-01  2.3970e-04
 3.1210e-01  2.9388e-04
 3.1290e-01  3.3974e-04
 3.1370e-01  2.9551e-04
 3.1450e-01  1.7055e-04
 3.1530e-01  1.7331e-04
 3.1610e-01  1.4729e-04
 3.1690e-01  1.2706e-04
 3.1780e-01  3.0470e-04
 3.1860e-01  3.6679e-04
 3.1940e-01  4.1208e-04
 3.2020e-01  4.2959e-04
 3.2100e-01  4.0381e-04
 3.2190e-01  3.9789e-04
 3.2270e-01  3.8225e-04
 3.2350e-01  3.4824e-04
 3.2430e-01  2.3145e-04
 3.2520e-01  1.6065e-04
 3.2600e-01  1.4478e-04
 3.2690e-01  1.7912e-04
 3.2770e-01  2.2194e-04
 3.2860e-01  3.1391e-04
 3.2940e-01  3.9877e-04
 3.3030e-01  4.3832e-04
 3.3110e-01  3.4689e-04
 3.3200e-01  3.6702e-04
 3.3280e-01  2.4199e-04
 3.3370e-01  2.2649e-04
 3.3460e-01  2.1983e-04
 3.3550e-01  2.1706e-04
 3.3630e-01  2.2367e-04
 3.3720e-01  2.0116e-04
 3.3810e-01  2.2833e-04
 3.3900e-01  3.0604e-04
 3.3990e-01  2.3781e-04
 3.4080e-01  2.7622e-04
 3.4160e-01  2.9063e-04
 3.4250e-01  2.0943e-04
 3.4340e-01  1.8524e-04
 3.4430e-01  2.2411e-04
 3.4520e-01  2.0172e-04
 3.4620e-01  2.8186e-04
 3.4710e-01  3.1913e-04
 3.4800e-01  4.0283e-04
 3.4890e-01  4.4765e-04
 3.4980e-01  3.3155e-04
 3.5070e-01  2.6087e-04
 3.5170e-01  2.1585e-04
 3.5260e-01  2.0331e-04
 3.5350e-01  1.6952e-04
 3.5440e-01  1.9644e-04
 3.5540e-01  3.4529e-04
 3.5630e-01  4.7110e-04
 3.5730e-01  5.0068e-04
 3.5820e-01  5.4987e-04
 3.5920e-01  4.4303e-04
 3.6010e-01  3.6820e-04
 3.6110e-01  3.0386e-04
 3.6200e-01  2.5964e-04
 3.6300e-01  2.4630e-04
 3.6390e-01  2.2799e-04
 3.6490e-01  2.2529e-04
 3.6590e-01  2.2589e-04
 3.6680e-01  3.3292e-04
 3.6780e-01  2.8870e-04
 3.6880e-01  2.8503e-04
 3.6980e-01  2.4643e-04
 3.7070e-01  2.0648e-04
 3.7170e-01  2.0909e-04
 3.7270e-01  2.2177e-04
 3.7370e-01  2.5174e-04
 3.7470e-01  2.8868e-04
 3.7570e-01  2.7860e-04
 3.7670e-01  2.5330e-04
 3.7770e-01  3.2211e-04
 3.7870e-01  2.4774e-04
 3.7970e-01  3.3955e-04
 3.8070e-01  3.4374e-04
 3.8170e-01  4.7528e-04
 3.8270e-01  3.6482e-04
 3.8380e-01  3.8576e-04
 3.8480e-01  3.8413e-04
 3.8580e-01  2.3673e-04
 3.8680e-01  4.1843e-04
 3.8790e-01  4.4826e-04
 3.8890e-01  4.1429e-04
 3.8990e-01  4.2349e-04
 3.9100e-01  5.0307e-04
 3.9200e-01  3.5265e-04
 3.9310e-01  2.8978e-04
 3.9410e-01  2.6625e-04
 3.9520e-01  2.3627e-04
 3.9620e-01  2.2696e-04
 3.9730e-01  2.3255e-04
 3.9830e-01  2.8215e-04
 3.9940e-01  3.0594e-04
 4.0040e-01  3.6164e-04
 4.0150e-01  3.3751e-04
 4.0260e-01  3.2898e-04
 4.0360e-01  2.5526e-04
 4.0470e-01  4.0872e-04
 4.0580e-01  4.1830e-04
 4.0690e-01  2.5024e-04
 4.0800e-01  2.4763e-04
 4.0900e-01  3.0013e-04
 4.1010e-01  2.6809e-04
 4.1120e-01  2.4189e-04
 4.1230e-01  2.3667e-04
 4.1340e-01  2.5970e-04
 4.1450e-01  3.5511e-04
 4.1560e-01  2.8087e-04
 4.1670e-01  4.2549e-04
 4.1780e-01  2.5509e-04
 4.1890e-01  2.6295e-04
 4.2010e-01  3.0475e-04
 4.2120e-01  3.9172e-04
 4.2230e-01  4.7070e-04
 4.2340e-01  5.2607e-04
 4.2450e-01  5.4505e-04
 4.2570e-01  5.2383e-04
 4.2680e-01  4.8830e-04
 4.2790e-01  4.2536e-04
 4.2910e-01  3.4592e-04
 4.3020e-01  2.7837e-04
 4.3140e-01  1.9378e-04
 4.3250e-01  1.9767e-04
 4.3360e-01  3.5134e-04
 4.3480e-01  3.9386e-04
 4.3600e-01  3.8673e-04
 4.3710e-01  3.7156e-04
 4.3830e-01  4.3723e-04
 4.3940e-01  2.4947e-04
 4.4060e-01  2.1530e-04
 4.4180e-01  2.0022e-04
 4.4290e-01  2.3849e-04
 4.4410e-01  4.8215e-04
 4.4530e-01  5.1851e-04
 4.4650e-01  4.3468e-04
 4.4760e-01  4.5899e-04
 4.4880e-01  4.6245e-04
 4.5000e-01  4.5389e-04
 4.5120e-01  2.9693e-04
 4.5240e-01  2.6248e-04
 4.5360e-01  2.6508e-04
 4.5480e-01  3.2305e-04
 4.5600e-01  3.3621e-04
 4.5720e-01  3.6669e-04
 4.5840e-01  4.0975e-04
 4.5960e-01  4.2948e-04
 4.6080e-01  4.6251e-04
 4.6200e-01  4.4835e-04
 4.6320e-01  3.8672e-04
 4.6450e-01  3.2807e-04
 4.6570e-01  2.4957e-04
 4.6690e-01  3.7659e-04
 4.6810e-01  3.4277e-04
 4.6940e-01  3.3726e-04
 4.7060e-01  3.0890e-04
 4.7180e-01  3.6848e-04
 4.7310e-01  3.5061e-04
 4.7430e-01  4.7925e-04
 4.7560e-01  4.8290e-04
 4.7680e-01  5.4610e-04
 4.7810e-01  4.2494e-04
 4.7930e-01  4.5661e-04
 4.8060e-01  4.1247e-04
 4.8180e-01  3.0480e-04
 4.8310e-01  2.3831e-04
 4.8440e-01  2.1048e-04
 4.8560e-01  2.7700e-04
 4.8690e-01  4.6705e-04
 4.8820e-01  3.2499e-04
 4.8950e-01  3.7135e-04
 4.9070e-01  6.1741e-04
 4.9200e-01  5.8288e-04
 4.9330e-01  4.5024e-04
 4.9460e-01  3.4170e-04
 4.9590e-01  2.1708e-04
 4.9720e-01  2.4960e-04
 4.9850e-01  2.0183e-04
 4.9980e-01  2.1184e-04
 5.0110e-01  1.9596e-04
 5.0240e-01  2.1484e-04
 5.0370e-01  2.5667e-04
 5.0500e-01  4.9591e-04
 5.0630e-01  6.4345e-04
 5.0760e-01  6.2154e-04
 5.0900e-01  5.2251e-04
 5.1030e-01  2.1195e-04
 5.1160e-01  1.5530e-04
 5.1290e-01  1.9021e-04
 5.1430e-01  2.5238e-04
 5.1560e-01  3.0863e-04
 5.1690e-01  3.9021e-04
 5.1830e-01  5.6485e-04
 5.1960e-01  5.8351e-04
 5.2100e-01  2.7835e-04
 5.2230e-01  2.4254e-04
 5.2370e-01  1.9140e-04
 5.3000e-01  1.0000e+05
 5.7270e-01  4.4520e-04
 5.7420e-01  3.9412e-04
 5.7570e-01  4.7615e-04
 5.7710e-01  6.1163e-04
 5.7860e-01  5.7829e-04
 5.8010e-01  3.4775e-04
 5.8150e-01  3.2334e-04
 5.8300e-01  2.4468e-04
 5.8450e-01  2.3870e-04
 5.8590e-01  2.0362e-04
 5.8740e-01  2.4310e-04
 5.8890e-01  3.5293e-04
 5.9040e-01  2.9940e-04
 5.9190e-01  4.5683e-04
 5.9340e-01  3.8532e-04
 5.9490e-01  4.9924e-04
 5.9640e-01  5.5460e-04
 5.9790e-01  5.2198e-04
 5.9940e-01  4.4366e-04
 6.0090e-01  1.7111e-04
 6.0240e-01  1.3869e-04
 6.0390e-01  1.6534e-04
 6.0540e-01  1.8264e-04
 6.0700e-01  3.1968e-04
 6.0850e-01  3.6362e-04
 6.1000e-01  4.4025e-04
 6.1150e-01  5.1973e-04
 6.1310e-01  6.8250e-04
 6.1460e-01  5.2428e-04
 6.1610e-01  3.6516e-04
 6.1770e-01  2.5591e-04
 6.1920e-01  1.3029e-04
 6.2080e-01  1.0467e-04
 6.2230e-01  1.1315e-04
 6.2390e-01  2.0684e-04
 6.2540e-01  3.6458e-04
 6.2700e-01  5.1490e-04
 6.2850e-01  5.3410e-04
 6.3010e-01  5.8578e-04
 6.3170e-01  3.1703e-04
 6.3320e-01  2.1725e-04
 6.3480e-01  1.8310e-04
 6.3640e-01  1.6030e-04
 6.3800e-01  2.5109e-04
 6.3960e-01  3.0582e-04
 6.4110e-01  3.3160e-04
 6.4270e-01  3.6102e-04
 6.4430e-01  3.7131e-04
 6.4590e-01  1.8991e-04
 6.4750e-01  2.4106e-04
 6.4910e-01  1.9920e-04
 6.5070e-01  2.1807e-04
 6.5230e-01  4.3840e-04
 6.5390e-01  3.4956e-04
 6.5560e-01  2.6278e-04
 6.5720e-01  2.8887e-04
 6.5880e-01  2.4931e-04
 6.6040e-01  2.1106e-04
 6.6200e-01  1.6905e-04
 6.6370e-01  1.8441e-04
 6.6530e-01  2.4756e-04
 6.6690e-01  1.8156e-04
 6.6860e-01  1.9962e-04
 6.7020e-01  2.3950e-04
 6.7190e-01  2.9831e-04
 6.7350e-01  3.0906e-04
 6.7520e-01  2.9913e-04
 6.7680e-01  2.2344e-04
 6.7850e-01  3.0100e-04
 6.8010e-01  1.6810e-04
 6.8180e-01  2.8179e-04
 6.8350e-01  2.0946e-04
 6.8510e-01  3.0833e-04
 6.8680e-01  2.8297e-04
 6.8850e-01  2.4406e-04
 6.9010e-01  1.5819e-04
 6.9180e-01  1.2228e-04
 6.9350e-01  1.3906e-04
 6.9520e-01  1.2719e-04
 6.9690e-01  1.4945e-04
 6.9860e-01  1.4615e-04
 7.0030e-01  1.3622e-04
 7.0200e-01  1.2223e-04
 7.0370e-01  1.4517e-04
 7.0540e-01  1.6860e-04
 7.0710e-01  1.6306e-04
 7.0880e-01  1.9498e-04
 7.1050e-01  1.3432e-04
 7.1230e-01  1.5604e-04
 7.1400e-01  2.1369e-04
 7.1570e-01  2.0288e-04
 7.1740e-01  2.3790e-04
 7.1920e-01  1.4683e-04
 7.2090e-01  2.3370e-04
 7.2260e-01  1.6990e-04
 7.2440e-01  1.2128e-04
 7.2610e-01  1.0198e-04
 7.2790e-01  1.0408e-04
 7.2960e-01  1.2347e-04
 7.3140e-01  1.0416e-04
 7.3310e-01  1.6435e-04
 7.3490e-01  2.2563e-04
 7.3670e-01  2.1804e-04
 7.3840e-01  1.9829e-04
 7.4020e-01  1.8426e-04
 7.5000e-01  1.0000e+05
 8.2750e-01  1.1208e-04
 8.2940e-01  2.7263e-04
 8.3140e-01  2.4518e-04
 8.3330e-01  2.2139e-04
 8.3530e-01  1.6165e-04
 8.3720e-01  1.0739e-04
 8.3920e-01  1.0348e-04
 8.4110e-01  1.1364e-04
 8.4310e-01  1.0093e-04
 8.4500e-01  1.1414e-04
 8.4700e-01  2.6623e-04
 8.4890e-01  3.0438e-04
 8.5090e-01  3.1723e-04
 8.5290e-01  2.6412e-04
 8.5490e-01  1.9607e-04
 8.5680e-01  2.0814e-04
 8.5880e-01  2.4978e-04
 8.6080e-01  2.2299e-04
 8.6280e-01  2.3733e-04
 8.6480e-01  1.7834e-04
 8.6680e-01  2.7566e-04
 8.6880e-01  2.8556e-04
 8.7080e-01  3.3019e-04
 8.7280e-01  2.8170e-04
 8.7480e-01  2.1609e-04
 8.7680e-01  2.6386e-04
 8.7890e-01  1.5426e-04
 8.8090e-01  2.7486e-04
 8.8290e-01  1.9497e-04
 8.8490e-01  1.9663e-04
 8.8700e-01  2.0794e-04
 8.8900e-01  2.7682e-04
 8.9100e-01  2.5566e-04
 8.9310e-01  2.9107e-04
 8.9510e-01  3.1182e-04
 8.9720e-01  1.9920e-04
 8.9920e-01  2.1165e-04
 9.0130e-01  2.7603e-04
 9.0330e-01  1.6374e-04
 9.0540e-01  3.3570e-04
 9.0750e-01  4.3610e-04
 9.0960e-01  5.2102e-04
 9.1160e-01  3.5635e-04
 9.1370e-01  3.0998e-04
 9.1580e-01  1.7340e-04
 9.1790e-01  1.3005e-04
 9.2000e-01  3.6505e-04
 9.2210e-01  5.0707e-04
 9.2420e-01  5.5926e-04
 9.2630e-01  3.7306e-04
 9.2840e-01  3.8642e-04
 9.3050e-01  1.6219e-04
 9.3260e-01  1.0733e-04
 9.3470e-01  3.5702e-04
 9.3680e-01  3.4376e-04
 9.3890e-01  1.3277e-04
 9.4110e-01  3.4974e-04
 9.4320e-01  5.8325e-04
 9.4530e-01  6.7131e-04
 9.4750e-01  6.1596e-04
 9.4960e-01  5.2942e-04
 9.5180e-01  3.1199e-04
 9.5390e-01  1.9171e-04
 9.5610e-01  4.7073e-04
 9.5820e-01  5.1518e-04
 9.6000e-01  1.0000e+05
 1.1620e+00  4.6986e-04
 1.1650e+00  4.8248e-04
 1.1670e+00  5.2026e-04
 1.1700e+00  4.9054e-04
 1.1720e+00  4.7612e-04
 1.1750e+00  5.3514e-04
 1.1780e+00  6.3413e-04
 1.1800e+00  5.8958e-04
 1.1830e+00  4.9163e-04
 1.1850e+00  3.3548e-04
 1.1880e+00  3.3928e-04
 1.1900e+00  5.5518e-04
 1.1930e+00  5.7380e-04
 1.1950e+00  6.3018e-04
 1.1980e+00  6.3820e-04
 1.2000e+00  6.1073e-04
 1.2030e+00  5.2201e-04
 1.2060e+00  4.2199e-04
 1.2080e+00  3.5697e-04
 1.2110e+00  3.5211e-04
 1.2130e+00  4.7538e-04
 1.2160e+00  3.5396e-04
 1.2190e+00  3.3577e-04
 1.2210e+00  3.5140e-04
 1.2240e+00  4.5438e-04
 1.2260e+00  5.3586e-04
 1.2290e+00  4.7807e-04
 1.2320e+00  5.6620e-04
 1.2340e+00  4.1434e-04
 1.2370e+00  6.4373e-04
 1.2400e+00  5.8043e-04
 1.2420e+00  5.9846e-04
 1.2450e+00  6.3687e-04
 1.2470e+00  6.5765e-04
 1.2500e+00  6.8203e-04
 1.2530e+00  6.9960e-04
 1.2550e+00  6.8681e-04
 1.2580e+00  6.6379e-04
 1.2610e+00  6.6585e-04
 1.2630e+00  4.6371e-04
 1.2660e+00  3.9551e-04
 1.2690e+00  3.4771e-04
 1.2710e+00  3.0456e-04
 1.2740e+00  2.6494e-04
 1.2770e+00  3.4856e-04
 1.2800e+00  4.7899e-04
 1.2820e+00  5.7681e-04
 1.2850e+00  6.6273e-04
 1.2880e+00  7.3748e-04
 1.2900e+00  6.7541e-04
 1.2930e+00  6.1147e-04
 1.2960e+00  4.4012e-04
 1.2990e+00  3.0216e-04
 1.3010e+00  3.4357e-04
 1.3040e+00  6.9417e-04
 1.3070e+00  6.5383e-04
 1.3100e+00  5.9412e-04
 1.3120e+00  5.6362e-04
 1.3150e+00  6.3866e-04
 1.3180e+00  3.5086e-04
 1.3210e+00  3.4244e-04
 1.3230e+00  3.2110e-04
 1.3260e+00  2.5706e-04
 1.3290e+00  2.9387e-04
 1.3320e+00  3.3949e-04
 1.3350e+00  3.5083e-04
 1.3370e+00  3.9535e-04
 1.3400e+00  4.2793e-04
 1.3430e+00  4.8696e-04
 1.3460e+00  4.1305e-04
 1.3490e+00  6.1348e-04
 1.3510e+00  7.6749e-04
 1.3540e+00  5.2108e-04
 1.3570e+00  4.7509e-04
 1.3600e+00  4.7955e-04
 1.3630e+00  6.2610e-04
 1.3660e+00  5.0857e-04
 1.3680e+00  4.8967e-04
 1.3710e+00  7.1164e-04
 1.3740e+00  6.3238e-04
 1.3770e+00  7.9897e-04
 1.3800e+00  8.1168e-04
 1.3830e+00  3.1691e-04
 1.3860e+00  3.3198e-04
 1.3890e+00  3.3896e-04
 1.3910e+00  4.3665e-04
 1.3940e+00  4.9370e-04
 1.3970e+00  6.6694e-04
 1.4000e+00  7.4317e-04
 1.4030e+00  8.0853e-04
 1.4060e+00  8.1044e-04
 1.4090e+00  8.1533e-04
 1.4120e+00  5.1887e-04
 1.4150e+00  4.1211e-04
 1.4180e+00  4.3284e-04
 1.4210e+00  3.4180e-04
 1.4230e+00  5.7876e-04
 1.4260e+00  3.7949e-04
 1.4290e+00  5.1443e-04
 1.4320e+00  5.0404e-04
 1.4350e+00  5.6921e-04
 1.4380e+00  5.5236e-04
 1.4410e+00  4.8747e-04
 1.4440e+00  5.0464e-04
 1.4470e+00  4.5339e-04
 1.4500e+00  4.9324e-04
 1.4530e+00  6.3911e-04
 1.4560e+00  6.7797e-04
 1.4590e+00  8.1051e-04
 1.4620e+00  9.0071e-04
 1.4650e+00  8.5459e-04
 1.4680e+00  8.9807e-04
 1.4710e+00  6.3535e-04
 1.4740e+00  5.7185e-04
 1.4770e+00  6.6436e-04
 1.4800e+00  5.8300e-04
 1.4830e+00  6.7200e-04
 1.4860e+00  6.3556e-04
 1.4890e+00  4.6660e-04
 1.4920e+00  5.2019e-04
 1.4960e+00  5.5749e-04
 1.4990e+00  7.2442e-04
 1.5020e+00  7.3719e-04
 1.5050e+00  7.1014e-04
 1.5080e+00  6.8739e-04
 1.5110e+00  7.5036e-04
 1.5140e+00  6.8525e-04
 1.5170e+00  5.3733e-04
 1.5200e+00  4.0131e-04
 1.5230e+00  3.8354e-04
 1.5260e+00  3.9485e-04
 1.5300e+00  4.0152e-04
 1.5330e+00  4.5107e-04
 1.5360e+00  4.4470e-04
 1.5390e+00  5.5023e-04
 1.5420e+00  7.8907e-04
 1.5450e+00  8.7601e-04
 1.5480e+00  7.2531e-04
 1.5510e+00  7.5309e-04
 1.5550e+00  5.6138e-04
 1.5580e+00  5.7824e-04
 1.5610e+00  7.1628e-04
 1.5640e+00  6.9202e-04
 1.5670e+00  6.7337e-04
 1.5700e+00  5.7103e-04
 1.5740e+00  5.0778e-04
 1.5770e+00  4.2782e-04
 1.5800e+00  3.9358e-04
 1.5830e+00  4.3289e-04
 1.5860e+00  7.3466e-04
 1.5900e+00  4.3058e-04
 1.5930e+00  5.2335e-04
 1.5960e+00  8.1602e-04
 1.5990e+00  8.5455e-04
 1.6030e+00  9.3326e-04
 1.6060e+00  6.9294e-04
 1.6090e+00  6.0577e-04
 1.6120e+00  6.1839e-04
 1.6160e+00  6.3643e-04
 1.6190e+00  6.7228e-04
 1.6220e+00  7.4199e-04
 1.6250e+00  4.9957e-04
 1.6290e+00  6.6465e-04
 1.6320e+00  6.4688e-04
 1.6350e+00  7.1462e-04
 1.6390e+00  5.9922e-04
 1.6420e+00  5.5476e-04
 1.6450e+00  5.1194e-04
 1.6480e+00  4.9479e-04
 1.6520e+00  4.4666e-04
 1.6550e+00  4.3240e-04
 1.6580e+00  5.2151e-04
 1.6620e+00  6.3348e-04
 1.6650e+00  4.9625e-04
 1.6680e+00  1.0920e-03
 1.6720e+00  8.0047e-04
 1.6750e+00  9.8414e-04
 1.6790e+00  9.0077e-04
 1.6820e+00  6.8391e-04
 1.6850e+00  7.5495e-04
 1.6890e+00  6.5341e-04
 1.6920e+00  4.8052e-04
 1.6950e+00  3.9092e-04
 1.6990e+00  6.9278e-04
 1.7020e+00  5.9193e-04
 1.7060e+00  5.0639e-04
 1.7090e+00  4.7723e-04
 1.7120e+00  4.2333e-04
 1.7160e+00  5.7610e-04
 1.7190e+00  6.5964e-04
 1.7230e+00  5.5750e-04
 1.7260e+00  6.2179e-04
 1.7300e+00  7.9711e-04
 1.7330e+00  8.1922e-04
 1.7370e+00  9.5881e-04
 1.7400e+00  9.4087e-04
 1.7430e+00  3.8492e-04
 1.7470e+00  2.9190e-04
 1.7500e+00  2.7093e-04
 1.7540e+00  3.0342e-04
 1.7570e+00  9.2770e-04
 1.7610e+00  9.7165e-04
 1.7640e+00  9.8341e-04
 1.7680e+00  1.0264e-03
 1.7710e+00  8.5968e-04
 1.7750e+00  7.2064e-04
 1.7780e+00  4.5001e-04
 1.7820e+00  3.7150e-04
 1.7860e+00  3.9973e-04
 1.7890e+00  4.1176e-04
 1.7930e+00  4.6028e-04
 1.7960e+00  6.5187e-04
 1.8000e+00  5.7187e-04
 1.8030e+00  5.9624e-04
 1.8070e+00  6.2309e-04
 1.8100e+00  4.8358e-04
 1.8140e+00  3.9241e-04
 1.8180e+00  3.5755e-04
 1.8210e+00  4.2966e-04
 1.8250e+00  6.1907e-04
 1.8280e+00  8.3792e-04
 1.8320e+00  8.4939e-04
 1.8360e+00  7.0845e-04
 1.8390e+00  6.1933e-04
 1.8430e+00  4.6825e-04
 1.8470e+00  4.7834e-04
 1.8500e+00  6.0554e-04
 1.8540e+00  7.1212e-04
 1.8570e+00  7.4933e-04
 1.8610e+00  5.9101e-04
 1.8650e+00  5.4228e-04
 1.8680e+00  6.2312e-04
 1.8720e+00  6.5157e-04
 1.8760e+00  6.2287e-04
 1.8800e+00  6.5415e-04
 1.8830e+00  5.7603e-04
 1.8870e+00  5.3555e-04
 1.8910e+00  4.4666e-04
 1.8940e+00  5.2744e-04
 1.8980e+00  4.0839e-04
 1.9020e+00  7.6290e-04
 1.9060e+00  8.4746e-04
 1.9090e+00  8.3953e-04
 1.9130e+00  8.8863e-04
 1.9170e+00  8.0900e-04
 1.9210e+00  8.4634e-04
 1.9240e+00  8.5762e-04
 1.9280e+00  8.1863e-04
 1.9320e+00  8.1047e-04
 1.9360e+00  7.4985e-04
 1.9390e+00  8.0316e-04
 1.9430e+00  5.8315e-04
 1.9470e+00  5.3501e-04
 1.9510e+00  6.1266e-04
 1.9550e+00  6.4404e-04
 1.9580e+00  6.5202e-04
 1.9620e+00  6.7377e-04
 1.9660e+00  7.5873e-04
 1.9700e+00  6.2721e-04
 1.9740e+00  6.1523e-04
 1.9780e+00  6.9566e-04
 1.9820e+00  6.2805e-04
 1.9850e+00  5.5307e-04
 1.9890e+00  4.0927e-04
 1.9930e+00  6.5566e-04
 1.9970e+00  4.8391e-04
 2.0010e+00  6.4577e-04
 2.0050e+00  6.3262e-04
 2.0090e+00  5.9186e-04
 2.0130e+00  4.6466e-04
 2.0170e+00  4.6941e-04
 2.0200e+00  5.9609e-04
 2.0240e+00  8.5023e-04
 2.0280e+00  5.8385e-04
 2.0320e+00  7.7449e-04
 2.0360e+00  7.4340e-04
 2.0400e+00  6.6742e-04
 2.0440e+00  4.9654e-04
 2.0480e+00  4.4629e-04
 2.0520e+00  5.9123e-04
 2.0560e+00  6.5257e-04
 2.0600e+00  7.3478e-04
 2.0640e+00  7.6182e-04
 2.0680e+00  6.1325e-04
 2.0720e+00  6.8669e-04
 2.0760e+00  5.2033e-04
 2.0800e+00  5.0966e-04
 2.0840e+00  6.0871e-04
 2.0880e+00  4.8972e-04
 2.0920e+00  7.7542e-04
 2.0960e+00  3.8663e-04
 2.1000e+00  5.1959e-04
 2.1040e+00  5.2049e-04
 2.1080e+00  4.7235e-04
 2.1120e+00  7.1713e-04
 2.1170e+00  5.8704e-04
 2.1210e+00  8.8071e-04
 2.1250e+00  9.1647e-04
 2.1290e+00  8.9851e-04
 2.1330e+00  8.3854e-04
 2.1370e+00  5.7044e-04
 2.1410e+00  6.0950e-04
 2.1450e+00  5.8818e-04
 2.1490e+00  6.6975e-04
 2.1540e+00  7.9865e-04
 2.1580e+00  1.0284e-03
 2.1620e+00  7.1988e-04
 2.1660e+00  3.8718e-04
 2.1700e+00  4.0273e-04
 2.1740e+00  3.9473e-04
 2.1780e+00  4.7075e-04
 2.1830e+00  5.4827e-04
 2.1870e+00  8.4457e-04
 2.1910e+00  9.5843e-04
 2.1950e+00  9.9161e-04
 2.1990e+00  9.6121e-04
 2.2040e+00  8.9839e-04
 2.2080e+00  8.2018e-04
 2.2120e+00  4.5452e-04
 2.2160e+00  5.7936e-04
 2.2210e+00  5.8127e-04
 2.2250e+00  5.0166e-04
 2.2290e+00  5.0886e-04
 2.2330e+00  5.3202e-04
 2.2380e+00  5.5799e-04
 2.2420e+00  5.7197e-04
 2.2460e+00  5.0589e-04
 2.2510e+00  4.8944e-04
 2.2550e+00  7.1561e-04
 2.2590e+00  7.5219e-04
 2.2640e+00  7.9410e-04
 2.2680e+00  7.3141e-04
 2.2720e+00  7.1829e-04
 2.2770e+00  8.7932e-04
 2.2810e+00  6.0448e-04
 2.2850e+00  5.5623e-04
 2.2900e+00  8.6711e-04
 2.2940e+00  8.0051e-04
 2.2980e+00  7.7063e-04
 2.3030e+00  6.9059e-04
 2.3070e+00  5.0694e-04
 2.3110e+00  4.4643e-04
 2.3160e+00  4.6614e-04
 2.3200e+00  4.3900e-04
 2.3250e+00  4.6640e-04
 2.3290e+00  4.3316e-04
 2.3340e+00  4.8468e-04
 2.3380e+00  8.1704e-04
 2.3420e+00  5.8144e-04
 2.3470e+00  7.3654e-04
 2.3510e+00  7.1333e-04
 2.3560e+00  4.9949e-04
 2.3600e+00  3.9807e-04
 2.3650e+00  7.2625e-04
 2.3690e+00  5.5335e-04
 2.3740e+00  7.1074e-04
 2.3780e+00  7.9551e-04
 2.3830e+00  8.2244e-04
 2.3870e+00  8.1276e-04
 2.3920e+00  7.8484e-04
 2.3960e+00  7.8621e-04
 2.4010e+00  6.2927e-04
 2.4050e+00  7.7032e-04
 2.4100e+00  1.0379e-03
 2.4150e+00  6.7493e-04
 2.4190e+00  6.0459e-04
 2.4240e+00  4.7771e-04
 2.4280e+00  4.7767e-04
 2.4330e+00  6.1472e-04
 2.4380e+00  5.0731e-04
 2.4420e+00  9.1788e-04
 2.4470e+00  1.1108e-03
 2.4510e+00  7.4837e-04
 2.4560e+00  6.6703e-04
 2.4610e+00  5.6735e-04
 2.4650e+00  7.1944e-04
 2.4700e+00  4.9565e-04
 2.4750e+00  5.9764e-04
 2.4790e+00  6.5156e-04
 2.4840e+00  7.1549e-04
 2.4890e+00  6.2888e-04
 2.4930e+00  6.6014e-04
 2.4980e+00  6.2882e-04
 2.5030e+00  6.8849e-04
 2.5070e+00  6.8747e-04
 2.5120e+00  8.9916e-04
 2.5170e+00  9.5347e-04
 2.5220e+00  9.4860e-04
 2.5260e+00  9.1977e-04
 2.5310e+00  8.0098e-04
 2.5360e+00  6.7777e-04
 2.5410e+00  7.0758e-04
 2.5450e+00  5.0508e-04
 2.5500e+00  5.8632e-04
 2.5550e+00  4.7608e-04
 2.5600e+00  7.1037e-04
 2.5650e+00  6.0694e-04
 2.5690e+00  6.1844e-04
 2.5740e+00  7.2475e-04
 2.5790e+00  8.7040e-04
 2.5840e+00  9.2570e-04
 2.5890e+00  7.6075e-04
 2.5940e+00  4.8758e-04
 2.5980e+00  5.1356e-04
 2.6030e+00  8.3952e-04
 2.6080e+00  7.3277e-04
 2.6130e+00  8.6551e-04
 2.6180e+00  7.0828e-04
 2.6230e+00  8.2746e-04
 2.6280e+00  4.4273e-04
 2.6330e+00  4.7250e-04
 2.6380e+00  8.2691e-04
 2.6430e+00  4.9660e-04
 2.6480e+00  5.5527e-04
 2.6520e+00  5.6052e-04
 2.6570e+00  8.1145e-04
 2.6620e+00  8.9221e-04
 2.6670e+00  1.0287e-03
 2.6720e+00  1.0377e-03
 2.6770e+00  1.0459e-03
 2.6820e+00  8.7522e-04
 2.6870e+00  9.3863e-04
 2.6920e+00  8.6321e-04
 2.6970e+00  6.2236e-04
 2.9000e+00  1.0000e+05
 3.3000e+00  6.3278e-04
 3.3070e+00  6.5817e-04
 3.3140e+00  9.4353e-04
 3.3210e+00  9.5582e-04
 3.3290e+00  8.9878e-04
 3.3360e+00  6.8977e-04
 3.3440e+00  5.9844e-04
 3.3510e+00  5.8081e-04
 3.3580e+00  6.1147e-04
 3.3660e+00  7.6376e-04
 3.3730e+00  6.5852e-04
 3.3810e+00  5.9447e-04
 3.3880e+00  5.6324e-04
 3.3950e+00  7.6483e-04
 3.4030e+00  1.0138e-03
 3.4100e+00  9.6037e-04
 3.4180e+00  9.5409e-04
 3.4250e+00  9.3073e-04
 3.4330e+00  1.0055e-03
 3.4400e+00  6.3000e-04
 3.4480e+00  4.7390e-04
 3.4560e+00  4.1266e-04
 3.4630e+00  4.0285e-04
 3.4710e+00  8.6294e-04
 3.4780e+00  9.0386e-04
 3.4860e+00  8.5921e-04
 3.4940e+00  9.6460e-04
 3.5010e+00  1.0177e-03
 3.5090e+00  1.0379e-03
 3.5170e+00  9.8528e-04
 3.5240e+00  9.2137e-04
 3.5320e+00  1.1338e-03
 3.6000e+00  1.0000e+05
 3.9340e+00  1.1385e-03
 3.9430e+00  7.7886e-04
 3.9510e+00  7.0878e-04
 3.9600e+00  6.5097e-04
 3.9680e+00  8.8577e-04
 3.9770e+00  6.9110e-04
 3.9850e+00  5.4431e-04
 3.9940e+00  5.7663e-04
 4.0030e+00  6.9661e-04
 4.0110e+00  1.2464e-03
 4.0200e+00  9.8671e-04
 4.0280e+00  1.0701e-03
 4.0370e+00  1.3162e-03
 4.0460e+00  1.4861e-03
 4.0540e+00  1.2254e-03
 4.0630e+00  1.0560e-03
 4.0720e+00  1.1195e-03
 4.0800e+00  8.9388e-04
 4.0890e+00  8.0068e-04
 4.0980e+00  7.8263e-04
 4.1060e+00  7.7737e-04
 4.1150e+00  1.0322e-03
 4.1240e+00  1.4816e-03
 4.1330e+00  1.1232e-03
 4.1420e+00  4.7950e-04
 4.1510e+00  4.1754e-04
 4.1590e+00  4.1597e-04
 4.1680e+00  4.1953e-04
 4.1770e+00  4.3163e-04
 4.1860e+00  8.1568e-04
 4.1950e+00  1.0247e-03
 4.2040e+00  8.6797e-04
 4.2130e+00  8.7173e-04
 4.2220e+00  8.8175e-04
 4.2310e+00  7.5141e-04
 4.2400e+00  7.2720e-04
 4.2490e+00  1.0357e-03
 4.2580e+00  7.0193e-04
 4.2670e+00  7.7777e-04
 4.2760e+00  7.1956e-04
 4.2850e+00  7.3384e-04
 4.2940e+00  7.6009e-04
 4.3030e+00  7.9936e-04
 4.3120e+00  8.9974e-04
 4.3220e+00  1.0139e-03
 4.3310e+00  9.2906e-04
 4.3400e+00  8.9771e-04
 4.3490e+00  5.1736e-04
 4.3580e+00  4.3643e-04
 4.3680e+00  5.0669e-04
 4.3770e+00  7.3134e-04
 4.3860e+00  6.9737e-04
 4.3950e+00  6.7156e-04
 4.4050e+00  9.3420e-04
 4.4140e+00  1.0129e-03
 4.4230e+00  1.0051e-03
 4.4330e+00  1.0468e-03
 4.4420e+00  1.0367e-03
 4.4520e+00  1.1469e-03
 4.4610e+00  1.0111e-03
 4.4700e+00  1.0541e-03
 4.4800e+00  7.0138e-04
 4.4890e+00  6.4602e-04
 4.4990e+00  6.0236e-04
 4.5080e+00  8.8673e-04
 4.5180e+00  8.4447e-04
 4.5270e+00  9.3141e-04
 4.5370e+00  7.8520e-04
 4.5470e+00  1.0319e-03
 4.5560e+00  8.9863e-04
 4.5660e+00  9.4977e-04
 4.5750e+00  9.8935e-04
 4.5850e+00  6.8100e-04
 4.5950e+00  5.6981e-04
 4.6040e+00  4.0161e-04
 4.6140e+00  4.0272e-04
 4.6240e+00  5.7095e-04
 4.6340e+00  5.8744e-04
 4.6430e+00  7.5416e-04
 4.6530e+00  7.6969e-04
 4.6630e+00  7.9167e-04
 4.6730e+00  8.4729e-04
 4.6830e+00  8.6293e-04
 4.6920e+00  8.8013e-04
 4.7020e+00  7.4383e-04
 4.7120e+00  5.1580e-04
 4.7220e+00  6.9891e-04
 4.7320e+00  7.3989e-04
 4.7420e+00  9.3856e-04
 4.7520e+00  1.0327e-03
 4.7620e+00  1.1524e-03
 4.7720e+00  1.1829e-03
 4.7820e+00  1.2368e-03
 4.7920e+00  1.0371e-03
 4.8020e+00  4.8565e-04
 4.8120e+00  4.2134e-04
 4.8220e+00  4.3498e-04
 4.8330e+00  5.6404e-04
 4.8430e+00  7.0793e-04
 4.8530e+00  1.2056e-03
 4.8630e+00  1.0484e-03
 4.8730e+00  1.0035e-03
 4.8830e+00  9.8360e-04
 4.8940e+00  8.4150e-04
 4.9040e+00  7.8152e-04
 4.9140e+00  5.6309e-04
 4.9250e+00  5.7653e-04
 4.9350e+00  5.5211e-04
 4.9450e+00  5.2632e-04
 4.9560e+00  5.8709e-04
 4.9660e+00  6.8572e-04
 4.9760e+00  6.9745e-04
 4.9870e+00  5.6381e-04
 4.9970e+00  5.5659e-04
 5.0080e+00  4.7103e-04
 5.0180e+00  5.4604e-04
 5.0290e+00  6.5824e-04
 5.0390e+00  6.1265e-04
 5.0500e+00  7.9640e-04
 5.0600e+00  9.6639e-04
 5.0710e+00  8.4699e-04
 5.0820e+00  5.9239e-04
 5.0920e+00  4.9241e-04
 5.1030e+00  7.3318e-04
 5.1140e+00  6.3617e-04
 5.1240e+00  5.8941e-04
 5.1350e+00  6.2604e-04
 5.1460e+00  9.6026e-04
 5.1570e+00  8.0688e-04
 5.1670e+00  9.2822e-04
 5.1780e+00  9.0889e-04
 5.1890e+00  6.6813e-04
 5.2000e+00  7.6460e-04
 5.2110e+00  7.6423e-04
 5.2220e+00  8.0084e-04
 5.2320e+00  8.6624e-04
 5.2430e+00  8.9525e-04
 5.2540e+00  9.1963e-04
 5.2650e+00  8.7754e-04
 5.2760e+00  8.4376e-04
 5.2870e+00  6.6384e-04
 5.2980e+00  7.3586e-04
 5.3090e+00  6.9283e-04
 5.3210e+00  7.8096e-04
 5.3320e+00  5.9633e-04
 5.3430e+00  5.6046e-04
 5.3540e+00  5.8369e-04
 5.3650e+00  6.2832e-04
 5.3760e+00  7.8007e-04
 5.3880e+00  8.5082e-04
 5.3990e+00  8.1747e-04
 5.4100e+00  7.9983e-04
 5.4210e+00  4.4582e-04
 5.4330e+00  5.0359e-04
 5.4440e+00  9.6709e-04
 5.4550e+00  9.6406e-04
 5.4670e+00  8.7650e-04
 5.4780e+00  7.7406e-04
 5.4900e+00  6.2442e-04
 5.5010e+00  4.8752e-04
 5.5120e+00  4.5337e-04
 5.5240e+00  5.3634e-04
 5.5350e+00  5.1952e-04
 5.5470e+00  5.7721e-04
 5.5590e+00  6.6691e-04
 5.5700e+00  7.0068e-04
 5.5820e+00  6.7662e-04
 5.5930e+00  7.6178e-04
 5.6050e+00  7.7354e-04
 5.6170e+00  7.5789e-04
 5.6280e+00  9.0837e-04
 5.6400e+00  8.9021e-04
 5.6520e+00  9.3144e-04
 5.6640e+00  8.0513e-04
 5.6750e+00  9.7065e-04
 5.6870e+00  6.8540e-04
 5.6990e+00  9.8206e-04
 5.7110e+00  6.1044e-04
 5.7230e+00  9.8321e-04
 5.7350e+00  1.0001e-03
 5.7470e+00  9.4785e-04
 5.7590e+00  1.1487e-03
 5.7710e+00  9.0279e-04
 5.7830e+00  8.8883e-04
 5.7950e+00  6.2678e-04
 5.8070e+00  7.7217e-04
 5.8190e+00  7.6118e-04
 5.8310e+00  7.0426e-04
 5.8430e+00  6.9253e-04
 5.8550e+00  7.4263e-04
 5.8670e+00  6.6973e-04
 5.8800e+00  5.9514e-04
 5.8920e+00  4.5282e-04
 5.9040e+00  5.1429e-04
 5.9160e+00  5.3110e-04
 5.9290e+00  5.0587e-04
 5.9410e+00  4.7721e-04
 5.9530e+00  4.4811e-04
 5.9660e+00  4.9785e-04
 5.9780e+00  8.9880e-04
 5.9910e+00  9.6487e-04
 6.0030e+00  8.4057e-04
 6.0150e+00  7.6020e-04
 6.0280e+00  6.6627e-04
 6.0410e+00  6.6707e-04
 6.0530e+00  6.9155e-04
 6.0660e+00  5.6434e-04
 6.0780e+00  8.0603e-04
 6.0910e+00  4.8637e-04
 6.1040e+00  5.0746e-04
 6.1160e+00  6.6074e-04
 6.1290e+00  8.0050e-04
 6.1420e+00  1.1497e-03
 6.1540e+00  1.1770e-03
 6.1670e+00  1.1450e-03
 6.1800e+00  7.4108e-04
 6.1930e+00  8.2114e-04
 6.2060e+00  7.2849e-04
 6.2190e+00  4.4043e-04
 6.2320e+00  8.0377e-04
 6.2450e+00  7.6215e-04
 6.2580e+00  4.9223e-04
 6.2710e+00  6.0545e-04
 6.2840e+00  6.4635e-04
 6.2970e+00  8.6192e-04
 6.3100e+00  7.9787e-04
 6.3230e+00  8.0204e-04
 6.3360e+00  6.6821e-04
 6.3490e+00  5.6504e-04
 6.3620e+00  6.7447e-04
 6.3760e+00  7.1232e-04
 6.3890e+00  8.6605e-04
 6.4020e+00  3.6751e-04
 6.4150e+00  3.5684e-04
 6.4290e+00  5.4348e-04
 6.4420e+00  6.5172e-04
 6.4560e+00  7.5653e-04
 6.4690e+00  8.6048e-04
 6.4820e+00  1.1080e-03
 6.4960e+00  1.1342e-03
 6.5090e+00  8.7943e-04
 6.5230e+00  8.0277e-04
 6.5360e+00  5.6785e-04
 6.5500e+00  4.8159e-04
 6.5640e+00  4.2180e-04
 6.5770e+00  5.1060e-04
 6.5910e+00  5.6782e-04
 6.6050e+00  4.6425e-04
 6.6180e+00  9.9550e-04
 6.6320e+00  8.1365e-04
 6.6460e+00  8.1866e-04
 6.6600e+00  5.4925e-04
 6.6740e+00  4.8531e-04
 6.6870e+00  4.2890e-04
 6.7010e+00  4.4235e-04
 6.7150e+00  4.1417e-04
 6.7290e+00  7.0584e-04
 6.7430e+00  7.7150e-04
 6.7570e+00  5.2988e-04
 6.7710e+00  5.3027e-04
 6.7850e+00  4.3898e-04
 6.8000e+00  4.1621e-04
 6.8140e+00  3.9299e-04
 6.8280e+00  6.5271e-04
 6.8420e+00  7.9922e-04
 6.8560e+00  8.8128e-04
 6.8710e+00  8.9219e-04
 6.8850e+00  9.6073e-04
 6.8990e+00  9.4132e-04
 6.9130e+00  8.2903e-04
 6.9280e+00  7.3898e-04
 6.9420e+00  4.7468e-04
 6.9570e+00  5.2221e-04
 6.9710e+00  7.6002e-04
 6.9860e+00  8.9342e-04
 7.0000e+00  1.1497e-03
 7.0150e+00  1.0507e-03
 7.0290e+00  5.7399e-04
 7.0440e+00  4.7593e-04
 7.0590e+00  4.7675e-04
 7.0730e+00  3.5744e-04
 7.0880e+00  3.6870e-04
 7.1030e+00  5.7692e-04
 7.1180e+00  1.0103e-03
 7.1320e+00  1.1891e-03
 7.1470e+00  1.2921e-03
 7.1620e+00  8.5838e-04
 7.1770e+00  5.0703e-04
 7.1920e+00  5.1668e-04
 7.2070e+00  3.1488e-04
 7.2220e+00  6.7273e-04
 7.2370e+00  7.5609e-04
 7.2520e+00  9.9927e-04
 7.2670e+00  1.0055e-03
 7.2820e+00  8.6203e-04
 7.2980e+00  7.8805e-04
 7.3130e+00  8.4021e-04
 7.3280e+00  3.9409e-04
 7.3430e+00  7.7915e-04
 7.3590e+00  8.6283e-04
 7.3740e+00  9.5209e-04
 7.3890e+00  8.9487e-04
 7.4050e+00  9.4405e-04
 7.4200e+00  8.7165e-04
 7.4360e+00  7.0134e-04
 7.4510e+00  5.5493e-04
 7.4670e+00  4.7750e-04
 7.4820e+00  3.8682e-04
 7.4980e+00  4.0885e-04
 7.5130e+00  4.2829e-04
 7.5290e+00  6.2557e-04
 7.5450e+00  1.4829e-03
 7.5610e+00  7.0167e-04
 7.5760e+00  5.5448e-04
 7.5920e+00  4.5856e-04
 7.6080e+00  3.5501e-04
 7.6240e+00  5.6537e-04
 7.6400e+00  6.6462e-04
 7.6560e+00  9.6547e-04
 7.6720e+00  1.0231e-03
 7.6880e+00  9.5069e-04
 7.7040e+00  8.9260e-04
 7.7200e+00  7.6605e-04
 7.7360e+00  4.0469e-04
 7.7520e+00  4.4759e-04
 7.7680e+00  4.6019e-04
 7.7850e+00  4.9803e-04
 7.8010e+00  5.9103e-04
 7.8170e+00  8.1147e-04
 7.8340e+00  6.7767e-04
 7.8500e+00  6.9783e-04
 7.8660e+00  7.3070e-04
 7.8830e+00  7.0631e-04
 7.8990e+00  5.5484e-04
 7.9160e+00  7.3864e-04
 7.9320e+00  7.1674e-04
 7.9490e+00  6.1331e-04
 7.9660e+00  7.1890e-04
 7.9820e+00  4.9846e-04
 7.9990e+00  5.9519e-04
 8.0160e+00  5.1237e-04
 8.0320e+00  7.2271e-04
 8.0490e+00  7.6433e-04
 8.0660e+00  7.6304e-04
 8.0830e+00  6.8646e-04
 8.1000e+00  4.8249e-04
 8.1170e+00  5.5401e-04
 8.1340e+00  5.3086e-04
 8.1510e+00  5.6028e-04
 8.1680e+00  5.6453e-04
 8.1850e+00  6.2554e-04
 8.2020e+00  6.2215e-04
 8.2190e+00  6.5620e-04
 8.2370e+00  6.7258e-04
 8.2540e+00  7.5339e-04
 8.2710e+00  7.7487e-04
 8.2890e+00  8.9936e-04
 8.3060e+00  7.8112e-04
 8.3230e+00  7.6477e-04
 8.3410e+00  6.8066e-04
 8.3580e+00  7.2901e-04
 8.3760e+00  7.8492e-04
 8.3930e+00  9.9521e-04
 8.4110e+00  9.8646e-04
 8.4290e+00  9.5323e-04
 8.4460e+00  9.7506e-04
 8.4640e+00  6.3305e-04
 8.4820e+00  7.5845e-04
 8.5000e+00  6.4489e-04
 8.5180e+00  4.7534e-04
 8.5350e+00  4.7279e-04
 8.5530e+00  6.0155e-04
 8.5710e+00  8.6113e-04
 8.5890e+00  9.6288e-04
 8.6070e+00  9.8429e-04
 8.6260e+00  9.9139e-04
 8.6440e+00  1.0171e-03
 8.6620e+00  7.5128e-04
 8.6800e+00  8.3663e-04
 8.6980e+00  1.1992e-03
 8.7170e+00  1.5261e-03
 8.7350e+00  8.7792e-04
 8.7530e+00  3.7260e-04
 8.7720e+00  2.7930e-04
 8.7900e+00  3.0696e-04
 8.8090e+00  3.6999e-04
 8.8270e+00  1.2065e-03
 9.1000e+00  1.0000e+05
 1.0690e+01  6.9802e-04
 1.0710e+01  1.1031e-03
 1.0740e+01  9.3509e-04
 1.0760e+01  6.7374e-04
 1.0780e+01  4.5197e-04
 1.0810e+01  5.1761e-04
 1.0830e+01  5.9054e-04
 1.0850e+01  8.0879e-04
 1.0880e+01  1.1089e-03
 1.0900e+01  1.2252e-03
 1.0920e+01  1.0708e-03
 1.0950e+01  1.0299e-03
 1.0970e+01  8.5165e-04
 1.0990e+01  6.3804e-04
 1.1020e+01  6.6354e-04
 1.1040e+01  2.7461e-04
 1.1060e+01  7.7169e-04
 1.1090e+01  7.1489e-04
 1.1110e+01  7.7280e-04
 1.1140e+01  9.5505e-04
 1.1160e+01  1.0606e-03
 1.1180e+01  9.7741e-04
 1.1210e+01  6.8561e-04
 1.1230e+01  5.8252e-04
 1.1260e+01  5.3520e-04
 1.1280e+01  4.6403e-04
 1.1310e+01  6.5384e-04
 1.1330e+01  6.2697e-04
 1.1350e+01  5.3538e-04
 1.1380e+01  5.3538e-04
 1.1400e+01  4.0132e-04
 1.1430e+01  4.1330e-04
 1.1450e+01  3.3515e-04
 1.1480e+01  3.3253e-04
 1.1500e+01  7.3047e-04
 1.1530e+01  8.9278e-04
 1.1550e+01  8.0514e-04
 1.1580e+01  6.7999e-04
 1.1600e+01  3.6904e-04
 1.1630e+01  5.2119e-04
 1.1650e+01  3.0426e-04
 1.1680e+01  2.9979e-04
 1.1710e+01  3.6190e-04
 1.1730e+01  6.0573e-04
 1.1760e+01  5.2919e-04
 1.1780e+01  7.9565e-04
 1.1810e+01  6.7105e-04
 1.1830e+01  8.4393e-04
 1.1860e+01  7.7591e-04
 1.1880e+01  4.0718e-04
 1.1910e+01  3.5830e-04
 1.1940e+01  3.3829e-04
 1.1960e+01  3.7881e-04
 1.1990e+01  3.5252e-04
 1.2020e+01  3.7388e-04
 1.2040e+01  4.4361e-04
 1.2070e+01  5.9170e-04
 1.2090e+01  7.8635e-04
 1.2120e+01  9.7391e-04
 1.2150e+01  1.0127e-03
 1.2170e+01  1.1579e-03
 1.2200e+01  8.0512e-04
 1.2230e+01  5.0998e-04
 1.2250e+01  3.4426e-04
 1.2280e+01  3.4333e-04
 1.2310e+01  3.5757e-04
 1.2330e+01  4.5861e-04
 1.2360e+01  4.4678e-04
 1.2390e+01  9.2561e-04
 1.2420e+01  8.5720e-04
 1.2440e+01  6.9600e-04
 1.2470e+01  5.4639e-04
 1.2500e+01  4.1769e-04
 1.2530e+01  3.4791e-04
 1.2550e+01  3.2544e-04
 1.2580e+01  4.8442e-04
 1.2610e+01  4.0924e-04
 1.2640e+01  8.3043e-04
 1.2660e+01  7.5145e-04
 1.2690e+01  6.5317e-04
 1.2720e+01  7.5855e-04
 1.2750e+01  7.2435e-04
 1.2780e+01  7.1454e-04
 1.2800e+01  5.1424e-04
 1.2830e+01  3.7897e-04
 1.2860e+01  4.1409e-04
 1.2890e+01  6.2414e-04
 1.2920e+01  4.2362e-04
 1.2950e+01  6.6344e-04
 1.2980e+01  7.5295e-04
 1.3000e+01  8.1277e-04
 1.3030e+01  8.3392e-04
 1.3060e+01  7.4195e-04
 1.3090e+01  5.7326e-04
 1.3120e+01  4.6057e-04
 1.3150e+01  4.0447e-04
 1.3180e+01  4.1714e-04
 1.3210e+01  5.1536e-04
 1.3240e+01  4.4479e-04
 1.3270e+01  4.5126e-04
 1.3300e+01  4.8104e-04
 1.3320e+01  5.9263e-04
 1.3350e+01  5.7024e-04
 1.3380e+01  5.9997e-04
 1.3410e+01  5.9654e-04
 1.3440e+01  5.1860e-04
 1.3470e+01  6.5691e-04
 1.3500e+01  5.0621e-04
 1.3530e+01  7.6989e-04
 1.3560e+01  7.9879e-04
 1.3590e+01  8.8971e-04
 1.3620e+01  9.4063e-04
 1.3650e+01  7.2744e-04
 1.3690e+01  7.1323e-04
 1.3720e+01  7.4084e-04
 1.3750e+01  6.5123e-04
 1.3780e+01  5.8401e-04
 1.3810e+01  7.1763e-04
 1.3840e+01  4.2955e-04
 1.3870e+01  3.8094e-04
 1.3900e+01  4.5518e-04
 1.3930e+01  4.7286e-04
 1.3960e+01  7.4967e-04
 1.3990e+01  9.1102e-04
 1.4030e+01  8.8518e-04
 1.4060e+01  3.7181e-04
 1.4090e+01  3.6449e-04
 1.4120e+01  4.7260e-04
 1.4150e+01  4.3467e-04
 1.4180e+01  4.1704e-04
 1.4220e+01  3.5681e-04
 1.4250e+01  4.6187e-04
 1.4280e+01  4.2575e-04
 1.4310e+01  4.5327e-04
 1.4340e+01  6.5814e-04
 1.4380e+01  7.6392e-04
 1.4410e+01  7.6744e-04
 1.4440e+01  8.1276e-04
 1.4470e+01  9.0770e-04
 1.4510e+01  9.6898e-04
 1.4540e+01  8.8359e-04
 1.4570e+01  9.3367e-04
 1.4610e+01  8.2108e-04
 1.4640e+01  5.9203e-04
 1.4670e+01  5.0838e-04
 1.4710e+01  4.2062e-04
 1.4740e+01  3.8342e-04
 1.4770e+01  5.5460e-04
 1.4810e+01  8.3785e-04
 1.4840e+01  8.4785e-04
 1.4870e+01  8.0988e-04
 1.4910e+01  6.4586e-04
 1.4940e+01  5.4571e-04
 1.4970e+01  3.9036e-04
 1.5010e+01  3.9033e-04
 1.5040e+01  4.2256e-04
 1.5080e+01  4.6640e-04
 1.5110e+01  5.6579e-04
 1.5150e+01  1.0872e-03
 1.5180e+01  1.1892e-03
 1.5210e+01  8.2594e-04
 1.5250e+01  7.8111e-04
 1.5280e+01  6.7102e-04
 1.5320e+01  3.2394e-04
 1.5350e+01  4.7188e-04
 1.5390e+01  4.7412e-04
 1.5420e+01  4.9099e-04
 1.5460e+01  5.3255e-04
 1.5490e+01  8.3695e-04
 1.5530e+01  8.8151e-04
 1.5570e+01  6.4938e-04
 1.5600e+01  4.8428e-04
 1.5640e+01  3.7501e-04
 1.5670e+01  4.8132e-04
 1.5710e+01  5.7085e-04
 1.5740e+01  6.0161e-04
 1.5780e+01  6.3156e-04
 1.5820e+01  7.8774e-04
 1.5850e+01  8.5270e-04
 1.5890e+01  9.5495e-04
 1.5930e+01  5.1665e-04
 1.5960e+01  7.0706e-04
 1.6000e+01  4.2992e-04
 1.6040e+01  4.3326e-04
 1.6070e+01  9.7042e-04
 1.6110e+01  9.3106e-04
 1.6150e+01  8.7619e-04
 1.6190e+01  8.7240e-04
 1.6220e+01  7.6981e-04
 1.6260e+01  6.3648e-04
 1.6300e+01  5.0751e-04
 1.6340e+01  4.7856e-04
 1.6370e+01  4.7164e-04
 1.6410e+01  3.9937e-04
 1.6450e+01  8.0568e-04
 1.6490e+01  6.2903e-04
 1.6530e+01  1.0177e-03
 1.6560e+01  8.8684e-04
 1.6600e+01  9.8308e-04
 1.6640e+01  8.7143e-04
 1.6680e+01  5.5164e-04
 1.6720e+01  4.9315e-04
 1.6760e+01  2.4873e-04
 1.6800e+01  3.5968e-04
 1.6840e+01  5.2318e-04
 1.6880e+01  6.0598e-04
 1.6910e+01  1.0967e-03
 1.6950e+01  1.1381e-03
 1.6990e+01  9.4822e-04
 1.7030e+01  6.6945e-04
 1.7070e+01  5.2511e-04
 1.7110e+01  3.2812e-04
 1.7150e+01  3.3177e-04
 1.7190e+01  3.5235e-04
 1.7230e+01  4.3638e-04
 1.7270e+01  6.0036e-04
 1.7310e+01  9.7688e-04
 1.7360e+01  1.1184e-03
 1.7400e+01  1.1090e-03
 1.7440e+01  5.8791e-04
 1.7480e+01  5.1073e-04
 1.7520e+01  3.6041e-04
 1.7560e+01  3.1025e-04
 1.7600e+01  4.2781e-04
 1.7640e+01  5.3651e-04
 1.7680e+01  9.3201e-04
 1.7730e+01  9.4387e-04
 1.7770e+01  9.9251e-04
 1.7810e+01  1.0187e-03
 1.7850e+01  1.0040e-03
 1.7890e+01  9.2497e-04
 1.7940e+01  8.2388e-04
 1.7980e+01  3.4753e-04
 1.8020e+01  3.4374e-04
 1.8060e+01  5.3003e-04
 1.8110e+01  3.9261e-04
 1.8150e+01  9.7077e-04
 1.8190e+01  6.9401e-04
 1.8240e+01  9.2316e-04
 1.8280e+01  5.9546e-04
 1.8320e+01  5.4420e-04
 1.8370e+01  5.1907e-04
 1.8410e+01  5.8738e-04
 1.8450e+01  5.1180e-04
 1.8500e+01  8.3316e-04
 1.8540e+01  8.3499e-04
 1.8590e+01  8.5859e-04
 1.8630e+01  5.2025e-04
 1.8680e+01  5.5990e-04
 1.8720e+01  6.7874e-04
 1.8770e+01  6.9276e-04
 1.8810e+01  7.0848e-04
 1.8860e+01  4.3420e-04
 1.8900e+01  4.6793e-04
 1.8950e+01  6.4694e-04
 1.8990e+01  7.8192e-04
 1.9040e+01  1.1600e-03
 1.9080e+01  9.1274e-04
 1.9130e+01  8.0564e-04
 1.9170e+01  7.5910e-04
 1.9220e+01  6.3204e-04
 1.9270e+01  5.1145e-04
 1.9310e+01  4.9104e-04
 1.9360e+01  6.4666e-04
 1.9410e+01  6.9426e-04
 1.9450e+01  8.1414e-04
 1.9500e+01  7.7892e-04
 1.9550e+01  5.8198e-04
 1.9600e+01  5.1007e-04
 1.9640e+01  5.1928e-04
 1.9690e+01  5.1761e-04
 1.9740e+01  5.2591e-04
 1.9790e+01  6.4285e-04
 1.9830e+01  6.3988e-04
 1.9880e+01  5.4616e-04
 1.9930e+01  4.5157e-04
 1.9980e+01  4.9130e-04
 2.0030e+01  4.3899e-04
 2.0080e+01  7.8079e-04
 2.0130e+01  8.0656e-04
 2.0170e+01  8.9438e-04
 2.0220e+01  8.9321e-04
 2.0270e+01  8.7321e-04
 2.0320e+01  6.8382e-04
 2.0370e+01  5.7598e-04
 2.0420e+01  5.7211e-04
 2.0470e+01  6.7701e-04
 2.0520e+01  6.9538e-04
 2.0570e+01  1.0126e-03
 2.0620e+01  7.2265e-04
 2.0670e+01  7.2710e-04
 2.0720e+01  6.4548e-04
 2.0780e+01  7.2022e-04
 2.0830e+01  5.9356e-04
 2.0880e+01  5.7878e-04
 2.0930e+01  5.8186e-04
 2.0980e+01  6.2170e-04
 2.1030e+01  5.6407e-04
 2.1080e+01  7.8054e-04
 2.1140e+01  9.3458e-04
 2.1190e+01  8.9229e-04
 2.1240e+01  9.0157e-04
 2.1290e+01  8.9734e-04
 2.1350e+01  9.4987e-04
 2.1400e+01  8.0995e-04
 2.1450e+01  7.1991e-04
 2.1510e+01  6.7749e-04
 2.1560e+01  6.2898e-04
 2.1610e+01  5.9668e-04
 2.1670e+01  5.3805e-04
 2.1720e+01  7.3559e-04
 2.1780e+01  8.4430e-04
 2.1830e+01  1.1264e-03
 2.1880e+01  1.1303e-03
 2.1940e+01  7.0557e-04
 2.1990e+01  7.4546e-04
 2.2050e+01  6.9343e-04
 2.2100e+01  6.3307e-04
 2.2160e+01  4.5172e-04
 2.2210e+01  6.6908e-04
 2.2270e+01  6.6079e-04
 2.2330e+01  6.4599e-04
 2.2380e+01  4.3274e-04
 2.2440e+01  7.0967e-04
 2.2500e+01  8.9383e-04
 2.2550e+01  4.9056e-04
 2.2610e+01  5.2303e-04
 2.2670e+01  4.9017e-04
 2.2720e+01  5.1824e-04
 2.2780e+01  4.8584e-04
 2.2840e+01  6.0778e-04
 2.2900e+01  6.0343e-04
 2.2950e+01  6.1179e-04
 2.3010e+01  5.5526e-04
 2.3070e+01  7.0575e-04
 2.3130e+01  9.3213e-04
 2.3190e+01  9.2430e-04
 2.3250e+01  9.8050e-04
 2.3310e+01  9.5203e-04
 2.3370e+01  7.6210e-04
 2.3430e+01  8.5474e-04
 2.3490e+01  8.4206e-04
 2.3550e+01  8.9650e-04
 2.3610e+01  8.8689e-04
 2.3670e+01  8.9081e-04
 2.3730e+01  8.6356e-04
 2.3790e+01  8.5090e-04
 2.3850e+01  8.0225e-04
 2.3910e+01  7.3910e-04
 2.3970e+01  7.0841e-04
 2.4030e+01  9.3758e-04
 2.4090e+01  6.8044e-04
 2.4160e+01  6.0942e-04
 2.4220e+01  7.8288e-04
 2.4280e+01  6.6611e-04
 2.4340e+01  6.2795e-04
 2.4410e+01  6.3281e-04
 2.4470e+01  6.5835e-04
 2.4530e+01  7.2085e-04
 2.4600e+01  9.0321e-04
 2.4660e+01  8.0834e-04
 2.4720e+01  6.6867e-04
 2.4790e+01  6.6482e-04
 2.4850e+01  8.1083e-04
 2.4920e+01  7.9990e-04
 2.4980e+01  8.4211e-04
 2.5050e+01  8.9979e-04
 2.5110e+01  1.0951e-03
 2.5180e+01  1.0323e-03
 2.5240e+01  1.0262e-03
 2.5310e+01  9.5514e-04
 2.5380e+01  8.4268e-04
 2.5440e+01  4.3187e-04
 2.5510e+01  4.8476e-04
 2.5580e+01  6.0228e-04
 2.5640e+01  7.8673e-04
 2.5710e+01  8.9463e-04
 2.5780e+01  9.2339e-04
 2.5850e+01  1.2981e-03
 2.5920e+01  8.4174e-04
 2.5980e+01  7.7705e-04
 2.6050e+01  7.5026e-04
 2.6120e+01  7.2967e-04
 2.6190e+01  5.9408e-04
 2.6260e+01  5.9682e-04
 2.6330e+01  6.1540e-04
 2.6400e+01  5.7627e-04
 2.6470e+01  9.4286e-04
 2.6540e+01  9.6408e-04
 2.6610e+01  9.2106e-04
 2.6680e+01  9.6168e-04
 2.6750e+01  4.9326e-04
 2.6830e+01  4.6290e-04
 2.6900e+01  4.5679e-04
 2.6970e+01  6.4727e-04
 2.7040e+01  7.2009e-04
 2.7110e+01  6.0069e-04
 2.7190e+01  1.1520e-03
 2.7260e+01  8.7640e-04
 2.7330e+01  9.1794e-04
 2.7410e+01  1.0293e-03
 2.7480e+01  1.0425e-03
 2.7550e+01  1.0249e-03
 2.7630e+01  9.6458e-04
 2.7700e+01  5.5694e-04
 2.7780e+01  8.2177e-04
 2.7850e+01  8.8673e-04
 2.7930e+01  6.5690e-04
 2.8010e+01  6.3397e-04
 2.8080e+01  6.1104e-04
 2.8160e+01  6.5257e-04
 2.8230e+01  7.2103e-04
 2.8310e+01  9.5554e-04
 2.8390e+01  1.0740e-03
 2.8470e+01  1.1023e-03
 2.8540e+01  9.8529e-04
 2.8620e+01  9.9991e-04
 2.8700e+01  9.9784e-04
 2.8780e+01  9.0170e-04
 2.8860e+01  9.9189e-04
 2.8940e+01  9.9947e-04
 2.9020e+01  1.0221e-03
 2.9100e+01  8.3343e-04
 2.9180e+01  1.1936e-03
 2.9260e+01  1.2154e-03
 2.9340e+01  1.3056e-03
 2.9420e+01  1.0745e-03
 2.9500e+01  1.1011e-03
 2.9580e+01  8.8280e-04
 2.9670e+01  7.6968e-04
 2.9750e+01  6.6450e-04
 2.9830e+01  6.0620e-04
 2.9910e+01  6.1910e-04
 3.0000e+01  6.1172e-04
 3.0080e+01  6.5290e-04
 3.0170e+01  8.2988e-04
 3.0250e+01  9.0423e-04
 3.0340e+01  8.7464e-04
 3.0420e+01  1.2751e-03
 3.0510e+01  9.8537e-04
 3.0590e+01  9.0977e-04
 3.0680e+01  7.1425e-04
 3.0770e+01  6.4304e-04
 3.0850e+01  6.9619e-04
 3.0940e+01  6.5906e-04
 3.1030e+01  5.3252e-04
 3.1110e+01  7.9950e-04
 3.1200e+01  8.8457e-04
 3.1290e+01  1.0126e-03
 3.1380e+01  1.5834e-03
 3.1470e+01  1.3258e-03
 3.1560e+01  6.6170e-04
 3.1650e+01  6.4534e-04
 3.1740e+01  5.6698e-04
 3.1830e+01  5.6124e-04
 3.1920e+01  5.4532e-04
 3.2010e+01  5.7814e-04
 3.2110e+01  6.3799e-04
 3.2200e+01  7.8291e-04
 3.2290e+01  1.0626e-03
 3.2380e+01  1.1934e-03
 3.2480e+01  1.2081e-03
 3.2570e+01  1.1519e-03
 3.2670e+01  5.9126e-04
 3.2760e+01  6.4579e-04
 3.2860e+01  8.5016e-04
 3.2950e+01  9.6456e-04
 3.3050e+01  1.1730e-03
 3.3140e+01  1.1890e-03
 3.3240e+01  1.0906e-03
 3.3340e+01  1.0765e-03
 3.3440e+01  8.2512e-04
 3.3530e+01  4.9883e-04
 3.3630e+01  4.7092e-04
 3.3730e+01  6.9270e-04
 3.3830e+01  7.3098e-04
 3.3930e+01  7.4833e-04
 3.4030e+01  1.0771e-03
 3.4130e+01  1.1184e-03
 3.4230e+01  9.6358e-04
 3.4330e+01  9.5031e-04
 3.4440e+01  8.5540e-04
 3.4540e+01  7.6183e-04
 3.4640e+01  8.0136e-04
 3.4750e+01  1.1019e-03
 3.4850e+01  1.1917e-03
 3.4950e+01  1.4474e-03
 3.5060e+01  1.1240e-03
 3.5160e+01  1.0015e-03
 3.5270e+01  7.0588e-04
 3.5380e+01  1.1406e-03
 3.5480e+01  1.0416e-03
 3.5590e+01  7.8769e-04
 3.5700e+01  1.0866e-03
 3.5800e+01  1.2447e-03
 3.5910e+01  1.3709e-03
 3.6020e+01  1.5268e-03
 3.6130e+01  1.3697e-03
 3.6240e+01  9.6825e-04
 3.6350e+01  9.9897e-04
 3.6460e+01  8.3778e-04
 3.6580e+01  7.8674e-04
 3.6690e+01  1.1253e-03
 3.6800e+01  8.3513e-04
 3.6910e+01  9.3069e-04
 3.7030e+01  1.2364e-03
 3.7140e+01  1.0400e-03
 3.7260e+01  1.1088e-03
 3.7370e+01  8.9424e-04
 3.7490e+01  7.7425e-04
 3.7610e+01  9.5459e-04
 3.7720e+01  1.5924e-03
 3.7840e+01  1.4498e-03
 3.7960e+01  1.1588e-03
 3.8080e+01  1.3112e-03
 3.8200e+01  1.3186e-03
 3.8320e+01  5.9020e-04
 3.8440e+01  6.0797e-04
 3.8560e+01  9.5427e-04
 3.8680e+01  1.0670e-03
 3.8800e+01  1.2539e-03
 3.8930e+01  9.9136e-04
 3.9050e+01  8.6205e-04
 3.9170e+01  7.1281e-04
 3.9300e+01  7.9749e-04
 3.9420e+01  6.9224e-04
 3.9550e+01  7.9419e-04
 3.9680e+01  8.3712e-04
 3.9800e+01  8.3614e-04
 3.9930e+01  7.4468e-04
 4.0060e+01  6.7276e-04
 4.0190e+01  7.0235e-04
 4.0320e+01  8.2635e-04
 4.0450e+01  8.4894e-04
 4.0580e+01  1.7606e-03
 4.0710e+01  1.7169e-03
 4.0850e+01  1.4573e-03
 4.0980e+01  7.2292e-04
 4.1110e+01  1.0373e-03
 4.1250e+01  9.6673e-04
 4.1380e+01  9.7678e-04
 4.1520e+01  1.2643e-03
 4.1660e+01  1.2450e-03
 4.1800e+01  1.3019e-03
 4.1930e+01  1.1185e-03
 4.2070e+01  1.0864e-03
 4.2210e+01  8.8099e-04
 4.2350e+01  1.1797e-03
 4.2500e+01  1.2695e-03
 4.2640e+01  1.2675e-03
 4.2780e+01  1.2289e-03
 4.2920e+01  1.1341e-03
 4.3070e+01  1.0335e-03
 4.3220e+01  9.3131e-04
 4.3360e+01  8.8785e-04
 4.3510e+01  8.6333e-04
 4.3660e+01  8.4858e-04
 4.3810e+01  8.4652e-04
 4.3950e+01  1.3420e-03
 4.4110e+01  9.6913e-04
 4.4260e+01  1.2848e-03
 4.4410e+01  1.3514e-03
 4.4560e+01  1.2516e-03
 4.4720e+01  9.1730e-04
 4.4870e+01  8.5408e-04
 4.5030e+01  6.4084e-04
 4.5180e+01  9.3454e-04
 4.5340e+01  9.7909e-04
 4.5500e+01  1.7271e-03
 4.5660e+01  1.5515e-03
 4.5820e+01  1.5470e-03
 4.5980e+01  1.4755e-03
 4.6140e+01  1.2471e-03
 4.6310e+01  1.0737e-03
 4.6470e+01  1.2039e-03
 4.6640e+01  1.1393e-03
 4.6800e+01  1.0894e-03
 4.6970e+01  1.0517e-03
 4.7140e+01  9.7368e-04
 4.7310e+01  9.6015e-04
 4.7480e+01  9.9855e-04
 4.7650e+01  1.0872e-03
 4.7820e+01  1.4095e-03
 4.8000e+01  1.0615e-03
 4.8170e+01  9.8062e-04
 4.8350e+01  1.1120e-03
 4.8530e+01  9.7356e-04
 4.8700e+01  1.3554e-03
 4.8880e+01  1.0685e-03
 4.9070e+01  1.0603e-03
 4.9250e+01  9.5278e-04
 4.9430e+01  9.0962e-04
 4.9610e+01  7.8786e-04
 4.9800e+01  9.6943e-04
 4.9990e+01  1.0047e-03
 5.0180e+01  1.1390e-03
 5.0360e+01  1.1646e-03
 5.0560e+01  1.1277e-03
 5.0750e+01  1.0208e-03
 5.0940e+01  9.8279e-04
 5.1140e+01  9.8914e-04
 5.1330e+01  1.0445e-03
 5.1530e+01  1.1559e-03
 5.1730e+01  1.5388e-03
 5.1930e+01  1.6544e-03
 5.2130e+01  1.6777e-03
 5.2330e+01  1.6538e-03
 5.2540e+01  1.5822e-03
 5.2740e+01  1.4984e-03
 5.2950e+01  1.0558e-03
 5.3160e+01  1.1024e-03
 5.3370e+01  1.0050e-03
 5.3580e+01  9.6084e-04
 5.3800e+01  9.1318e-04
 5.4010e+01  9.1621e-04
 5.4230e+01  8.8554e-04
 5.4450e+01  9.0465e-04
 5.4670e+01  8.3342e-04
 5.4890e+01  8.6628e-04
 5.5110e+01  9.1001e-04
 5.5340e+01  1.3266e-03
 5.5570e+01  1.4736e-03
 5.5800e+01  1.5111e-03
 5.6030e+01  1.3902e-03
 5.6260e+01  1.0891e-03
 5.6490e+01  1.4879e-03
 5.6730e+01  1.6021e-03
 5.6970e+01  1.6886e-03
 5.7210e+01  1.7026e-03
 5.7450e+01  1.7892e-03
 5.7700e+01  1.3716e-03
 5.7940e+01  1.2135e-03
 5.8190e+01  1.2177e-03
 5.8440e+01  1.1535e-03
 5.8690e+01  1.1750e-03
 5.8950e+01  1.2397e-03
 5.9210e+01  1.4143e-03
 5.9470e+01  1.1917e-03
 5.9730e+01  1.1265e-03
 5.9990e+01  1.0982e-03
 6.0260e+01  1.1308e-03
 6.0530e+01  9.8828e-04
 6.0800e+01  1.1952e-03
 6.1070e+01  1.3053e-03
 6.1350e+01  1.4418e-03
 6.1630e+01  1.5109e-03
 6.1910e+01  1.5107e-03
 6.2200e+01  1.8415e-03
 6.2480e+01  1.6798e-03
 6.2770e+01  1.5074e-03
 6.3060e+01  1.5347e-03
 6.3360e+01  8.8550e-04
 6.3660e+01  9.4630e-04
 6.3960e+01  1.1989e-03
 6.4260e+01  1.2074e-03
 6.4570e+01  1.4770e-03
 6.4880e+01  1.7602e-03
 6.5200e+01  1.8352e-03
 6.5510e+01  1.5273e-03
 6.5830e+01  1.4239e-03
 6.6160e+01  1.6101e-03
 6.6480e+01  1.4267e-03
 6.6820e+01  1.1116e-03
 6.7150e+01  6.8529e-04
 6.7490e+01  1.2371e-03
 6.7830e+01  1.7733e-03
 6.8180e+01  1.9932e-03
 6.8530e+01  2.1476e-03
 6.8880e+01  1.2837e-03
 6.9240e+01  9.6312e-04
 6.9600e+01  8.9536e-04
