#      mass       lower
 2.1410e-01  7.2105e-04
 2.1420e-01  6.4666e-04
 2.1430e-01  3.7962e-04
 2.1450e-01  3.0792e-04
 2.1460e-01  2.6965e-04
 2.1470e-01  3.7150e-04
 2.1490e-01  5.6114e-04
 2.1500e-01  7.8264e-04
 2.1520e-01  8.6994e-04
 2.1530e-01  6.9950e-04
 2.1550e-01  6.7459e-04
 2.1560e-01  4.8310e-04
 2.1580e-01  4.3831e-04
 2.1590e-01  4.4802e-04
 2.1610e-01  4.9271e-04
 2.1620e-01  5.0486e-04
 2.1640e-01  7.2574e-04
 2.1660e-01  5.7419e-04
 2.1670e-01  5.4430e-04
 2.1690e-01  5.8979e-04
 2.1710e-01  6.4331e-04
 2.1730e-01  7.0100e-04
 2.1750e-01  8.5512e-04
 2.1770e-01  5.3523e-04
 2.1780e-01  3.3620e-04
 2.1800e-01  4.7130e-04
 2.1820e-01  3.3559e-04
 2.1840e-01  2.9375e-04
 2.1860e-01  2.8317e-04
 2.1880e-01  4.1283e-04
 2.1910e-01  5.8606e-04
 2.1930e-01  7.0932e-04
 2.1950e-01  7.6232e-04
 2.1970e-01  7.6326e-04
 2.1990e-01  7.5834e-04
 2.2010e-01  7.5103e-04
 2.2040e-01  7.8780e-04
 2.2060e-01  7.9891e-04
 2.2080e-01  7.0140e-04
 2.2110e-01  6.9744e-04
 2.2130e-01  6.8151e-04
 2.2160e-01  6.0205e-04
 2.2180e-01  3.9178e-04
 2.2200e-01  5.7040e-04
 2.2230e-01  4.1345e-04
 2.2260e-01  6.3885e-04
 2.2280e-01  6.4033e-04
 2.2310e-01  5.4627e-04
 2.2330e-01  5.2559e-04
 2.2360e-01  4.3681e-04
 2.2390e-01  4.0497e-04
 2.2410e-01  3.9523e-04
 2.2440e-01  4.5957e-04
 2.2470e-01  4.7952e-04
 2.2500e-01  6.0000e-04
 2.2530e-01  7.0939e-04
 2.2560e-01  7.8463e-04
 2.2590e-01  6.7375e-04
 2.2620e-01  5.4430e-04
 2.2650e-01  5.6614e-04
 2.2680e-01  3.8411e-04
 2.2710e-01  3.8105e-04
 2.2740e-01  4.3797e-04
 2.2770e-01  5.8825e-04
 2.2800e-01  4.8148e-04
 2.2830e-01  5.7865e-04
 2.2860e-01  7.5687e-04
 2.2900e-01  9.0096e-04
 2.2930e-01  7.7394e-04
 2.2960e-01  7.3383e-04
 2.3000e-01  6.5147e-04
 2.3030e-01  5.9973e-04
 2.3060e-01  5.6695e-04
 2.3100e-01  5.6782e-04
 2.3130e-01  6.2649e-04
 2.3170e-01  6.5828e-04
 2.3200e-01  6.0891e-04
 2.3240e-01  5.6774e-04
 2.3270e-01  3.7899e-04
 2.3310e-01  3.3834e-04
 2.3350e-01  3.4358e-04
 2.3380e-01  4.2568e-04
 2.3420e-01  5.2776e-04
 2.3460e-01  6.2976e-04
 2.3500e-01  7.7215e-04
 2.3530e-01  6.6720e-04
 2.3570e-01  6.7690e-04
 2.3610e-01  6.0142e-04
 2.3650e-01  8.0426e-04
 2.3690e-01  8.2677e-04
 2.3730e-01  7.8182e-04
 2.3770e-01  5.7385e-04
 2.3810e-01  5.5555e-04
 2.3850e-01  6.7641e-04
 2.3890e-01  7.3256e-04
 2.3930e-01  5.5522e-04
 2.3980e-01  4.9161e-04
 2.4020e-01  4.8969e-04
 2.4060e-01  5.1681e-04
 2.4100e-01  6.8483e-04
 2.4150e-01  6.2982e-04
 2.4190e-01  5.6282e-04
 2.4230e-01  3.6176e-04
 2.4280e-01  4.4123e-04
 2.4320e-01  3.9070e-04
 2.4370e-01  4.7067e-04
 2.4410e-01  6.4897e-04
 2.4460e-01  7.3161e-04
 2.4500e-01  9.0925e-04
 2.4550e-01  8.4718e-04
 2.4600e-01  8.4198e-04
 2.4640e-01  6.7383e-04
 2.4690e-01  8.3580e-04
 2.4740e-01  7.3577e-04
 2.4780e-01  5.1648e-04
 2.4830e-01  6.6772e-04
 2.4880e-01  6.7658e-04
 2.4930e-01  4.0949e-04
 2.4980e-01  3.7211e-04
 2.5030e-01  3.5481e-04
 2.5080e-01  3.7970e-04
 2.5130e-01  5.6330e-04
 2.5180e-01  5.8470e-04
 2.5230e-01  5.0083e-04
 2.5280e-01  4.4381e-04
 2.5330e-01  4.1111e-04
 2.5380e-01  4.8696e-04
 2.5430e-01  5.9381e-04
 2.5480e-01  8.3757e-04
 2.5540e-01  7.2172e-04
 2.5590e-01  6.7102e-04
 2.5640e-01  6.4664e-04
 2.5700e-01  7.1034e-04
 2.5750e-01  4.7933e-04
 2.5800e-01  6.6088e-04
 2.5860e-01  4.4268e-04
 2.5910e-01  5.6067e-04
 2.5970e-01  6.2210e-04
 2.6020e-01  6.6878e-04
 2.6080e-01  6.6557e-04
 2.6130e-01  6.4342e-04
 2.6190e-01  6.3550e-04
 2.6250e-01  7.8742e-04
 2.6300e-01  7.7852e-04
 2.6360e-01  7.6185e-04
 2.6420e-01  5.3281e-04
 2.6480e-01  3.5519e-04
 2.6530e-01  3.9505e-04
 2.6590e-01  4.1796e-04
 2.6650e-01  7.3460e-04
 2.6710e-01  1.0748e-03
 2.6770e-01  8.9264e-04
 2.6830e-01  7.8928e-04
 2.6890e-01  4.5049e-04
 2.6950e-01  4.0876e-04
 2.7010e-01  4.8498e-04
 2.7070e-01  3.9790e-04
 2.7130e-01  6.7068e-04
 2.7190e-01  6.9683e-04
 2.7260e-01  7.7309e-04
 2.7320e-01  7.7485e-04
 2.7380e-01  8.3542e-04
 2.7440e-01  6.8614e-04
 2.7510e-01  5.9266e-04
 2.7570e-01  5.5173e-04
 2.7630e-01  4.2185e-04
 2.7700e-01  3.7544e-04
 2.7760e-01  3.1663e-04
 2.7830e-01  2.9988e-04
 2.7890e-01  5.7349e-04
 2.7960e-01  7.3491e-04
 2.8020e-01  8.7038e-04
 2.8090e-01  1.1725e-03
 2.8160e-01  1.1517e-03
 2.8220e-01  8.7512e-04
 2.8290e-01  7.0823e-04
 2.8360e-01  3.5598e-04
 2.8420e-01  3.2670e-04
 2.8490e-01  3.9943e-04
 2.8560e-01  4.9279e-04
 2.8630e-01  6.9369e-04
 2.8700e-01  8.8653e-04
 2.8770e-01  1.0731e-03
 2.8830e-01  8.5875e-04
 2.8900e-01  8.8017e-04
 2.8970e-01  7.1801e-04
 2.9040e-01  8.4037e-04
 2.9120e-01  5.4405e-04
 2.9190e-01  3.1340e-04
 2.9260e-01  2.9027e-04
 2.9330e-01  3.4412e-04
 2.9400e-01  5.7387e-04
 2.9470e-01  9.1164e-04
 2.9540e-01  1.1052e-03
 2.9620e-01  7.9140e-04
 2.9690e-01  8.7542e-04
 2.9760e-01  6.0454e-04
 2.9840e-01  5.2090e-04
 2.9910e-01  4.5252e-04
 2.9990e-01  2.8926e-04
 3.0060e-01  4.0348e-04
 3.0140e-01  5.4220e-04
 3.0210e-01  8.0213e-04
 3.0290e-01  9.0090e-04
 3.0360e-01  9.1414e-04
 3.0440e-01  9.2213e-04
 3.0510e-01  9.2232e-04
 3.0590e-01  7.9186e-04
 3.0670e-01  7.4319e-04
 3.0740e-01  6.5342e-04
 3.0820e-01  5.9638e-04
 3.0900e-01  6.8926e-04
 3.0980e-01  5.6187e-04
 3.1060e-01  4.8840e-04
 3.1130e-01  5.7250e-04
 3.1210e-01  7.0207e-04
 3.1290e-01  8.1178e-04
 3.1370e-01  7.0625e-04
 3.1450e-01  4.0770e-04
 3.1530e-01  4.1438e-04
 3.1610e-01  3.5225e-04
 3.1690e-01  3.0393e-04
 3.1780e-01  7.2905e-04
 3.1860e-01  8.7780e-04
 3.1940e-01  9.8642e-04
 3.2020e-01  1.0286e-03
 3.2100e-01  9.6712e-04
 3.2190e-01  9.5320e-04
 3.2270e-01  9.1599e-04
 3.2350e-01  8.3472e-04
 3.2430e-01  5.5492e-04
 3.2520e-01  3.8529e-04
 3.2600e-01  3.4734e-04
 3.2690e-01  4.2986e-04
 3.2770e-01  5.3281e-04
 3.2860e-01  7.5385e-04
 3.2940e-01  9.5796e-04
 3.3030e-01  1.0534e-03
 3.3110e-01  8.3393e-04
 3.3200e-01  8.8266e-04
 3.3280e-01  5.8220e-04
 3.3370e-01  5.4512e-04
 3.3460e-01  5.2932e-04
 3.3550e-01  5.2290e-04
 3.3630e-01  5.3903e-04
 3.3720e-01  4.8499e-04
 3.3810e-01  5.5075e-04
 3.3900e-01  7.3853e-04
 3.3990e-01  5.7413e-04
 3.4080e-01  6.6718e-04
 3.4160e-01  7.0226e-04
 3.4250e-01  5.0630e-04
 3.4340e-01  4.4803e-04
 3.4430e-01  5.4232e-04
 3.4520e-01  4.8837e-04
 3.4620e-01  6.8278e-04
 3.4710e-01  7.7347e-04
 3.4800e-01  9.7686e-04
 3.4890e-01  1.0862e-03
 3.4980e-01  8.0495e-04
 3.5070e-01  6.3374e-04
 3.5170e-01  5.2474e-04
 3.5260e-01  4.9460e-04
 3.5350e-01  4.1267e-04
 3.5440e-01  4.7853e-04
 3.5540e-01  8.4176e-04
 3.5630e-01  1.1493e-03
 3.5730e-01  1.2224e-03
 3.5820e-01  1.3435e-03
 3.5920e-01  1.0833e-03
 3.6010e-01  9.0098e-04
 3.6110e-01  7.4419e-04
 3.6200e-01  6.3639e-04
 3.6300e-01  6.0421e-04
 3.6390e-01  5.5973e-04
 3.6490e-01  5.5355e-04
 3.6590e-01  5.5549e-04
 3.6680e-01  8.1929e-04
 3.6780e-01  7.1102e-04
 3.6880e-01  7.0248e-04
 3.6980e-01  6.0783e-04
 3.7070e-01  5.0965e-04
 3.7170e-01  5.1648e-04
 3.7270e-01  5.4823e-04
 3.7370e-01  6.2279e-04
 3.7470e-01  7.1474e-04
 3.7570e-01  6.9034e-04
 3.7670e-01  6.2818e-04
 3.7770e-01  7.9952e-04
 3.7870e-01  6.1544e-04
 3.7970e-01  8.4426e-04
 3.8070e-01  8.5542e-04
 3.8170e-01  1.1838e-03
 3.8270e-01  9.0948e-04
 3.8380e-01  9.6255e-04
 3.8480e-01  9.5920e-04
 3.8580e-01  5.9155e-04
 3.8680e-01  1.0462e-03
 3.8790e-01  1.1215e-03
 3.8890e-01  1.0371e-03
 3.8990e-01  1.0607e-03
 3.9100e-01  1.2608e-03
 3.9200e-01  8.8438e-04
 3.9310e-01  7.2720e-04
 3.9410e-01  6.6856e-04
 3.9520e-01  5.9370e-04
 3.9620e-01  5.7066e-04
 3.9730e-01  5.8513e-04
 3.9830e-01  7.1040e-04
 3.9940e-01  7.7089e-04
 4.0040e-01  9.1185e-04
 4.0150e-01  8.5163e-04
 4.0260e-01  8.3074e-04
 4.0360e-01  6.4510e-04
 4.0470e-01  1.0338e-03
 4.0580e-01  1.0590e-03
 4.0690e-01  6.3418e-04
 4.0800e-01  6.2815e-04
 4.0900e-01  7.6201e-04
 4.1010e-01  6.8134e-04
 4.1120e-01  6.1539e-04
 4.1230e-01  6.0271e-04
 4.1340e-01  6.6209e-04
 4.1450e-01  9.0633e-04
 4.1560e-01  7.1763e-04
 4.1670e-01  1.0883e-03
 4.1780e-01  6.5321e-04
 4.1890e-01  6.7412e-04
 4.2010e-01  7.8227e-04
 4.2120e-01  1.0067e-03
 4.2230e-01  1.2112e-03
 4.2340e-01  1.3554e-03
 4.2450e-01  1.4061e-03
 4.2570e-01  1.3533e-03
 4.2680e-01  1.2632e-03
 4.2790e-01  1.1019e-03
 4.2910e-01  8.9745e-04
 4.3020e-01  7.2321e-04
 4.3140e-01  5.0420e-04
 4.3250e-01  5.1505e-04
 4.3360e-01  9.1670e-04
 4.3480e-01  1.0292e-03
 4.3600e-01  1.0121e-03
 4.3710e-01  9.7382e-04
 4.3830e-01  1.1477e-03
 4.3940e-01  6.5578e-04
 4.4060e-01  5.6684e-04
 4.4180e-01  5.2795e-04
 4.4290e-01  6.2971e-04
 4.4410e-01  1.2747e-03
 4.4530e-01  1.3724e-03
 4.4650e-01  1.1515e-03
 4.4760e-01  1.2167e-03
 4.4880e-01  1.2269e-03
 4.5000e-01  1.2052e-03
 4.5120e-01  7.8910e-04
 4.5240e-01  6.9814e-04
 4.5360e-01  7.0567e-04
 4.5480e-01  8.6070e-04
 4.5600e-01  8.9654e-04
 4.5720e-01  9.7872e-04
 4.5840e-01  1.0946e-03
 4.5960e-01  1.1484e-03
 4.6080e-01  1.2379e-03
 4.6200e-01  1.2012e-03
 4.6320e-01  1.0371e-03
 4.6450e-01  8.8053e-04
 4.6570e-01  6.7032e-04
 4.6690e-01  1.0120e-03
 4.6810e-01  9.2155e-04
 4.6940e-01  9.0715e-04
 4.7060e-01  8.3123e-04
 4.7180e-01  9.9198e-04
 4.7310e-01  9.4432e-04
 4.7430e-01  1.2914e-03
 4.7560e-01  1.3019e-03
 4.7680e-01  1.4730e-03
 4.7810e-01  1.1467e-03
 4.7930e-01  1.2327e-03
 4.8060e-01  1.1141e-03
 4.8180e-01  8.2367e-04
 4.8310e-01  6.4430e-04
 4.8440e-01  5.6936e-04
 4.8560e-01  7.4965e-04
 4.8690e-01  1.2647e-03
 4.8820e-01  8.8049e-04
 4.8950e-01  1.0067e-03
 4.9070e-01  1.6745e-03
 4.9200e-01  1.5817e-03
 4.9330e-01  1.2224e-03
 4.9460e-01  9.2824e-04
 4.9590e-01  5.9003e-04
 4.9720e-01  6.7877e-04
 4.9850e-01  5.4915e-04
 4.9980e-01  5.7669e-04
 5.0110e-01  5.3374e-04
 5.0240e-01  5.8548e-04
 5.0370e-01  6.9983e-04
 5.0500e-01  1.3528e-03
 5.0630e-01  1.7562e-03
 5.0760e-01  1.6974e-03
 5.0900e-01  1.4278e-03
 5.1030e-01  5.7948e-04
 5.1160e-01  4.2485e-04
 5.1290e-01  5.2066e-04
 5.1430e-01  6.9125e-04
 5.1560e-01  8.4579e-04
 5.1690e-01  1.0700e-03
 5.1830e-01  1.5498e-03
 5.1960e-01  1.6019e-03
 5.2100e-01  7.6460e-04
 5.2230e-01  6.6659e-04
 5.2370e-01  5.2622e-04
 5.3000e-01  1.0000e+05
 5.7270e-01  1.2142e-03
 5.7420e-01  1.0741e-03
 5.7570e-01  1.2969e-03
 5.7710e-01  1.6652e-03
 5.7860e-01  1.5740e-03
 5.8010e-01  9.4632e-04
 5.8150e-01  8.7975e-04
 5.8300e-01  6.6564e-04
 5.8450e-01  6.4927e-04
 5.8590e-01  5.5376e-04
 5.8740e-01  6.6105e-04
 5.8890e-01  9.5954e-04
 5.9040e-01  8.1390e-04
 5.9190e-01  1.2417e-03
 5.9340e-01  1.0472e-03
 5.9490e-01  1.3566e-03
 5.9640e-01  1.5069e-03
 5.9790e-01  1.4180e-03
 5.9940e-01  1.2050e-03
 6.0090e-01  4.6462e-04
 6.0240e-01  3.7642e-04
 6.0390e-01  4.4855e-04
 6.0540e-01  4.9525e-04
 6.0700e-01  8.6648e-04
 6.0850e-01  9.8515e-04
 6.1000e-01  1.1923e-03
 6.1150e-01  1.4070e-03
 6.1310e-01  1.8469e-03
 6.1460e-01  1.4182e-03
 6.1610e-01  9.8741e-04
 6.1770e-01  6.9176e-04
 6.1920e-01  3.5207e-04
 6.2080e-01  2.8274e-04
 6.2230e-01  3.0557e-04
 6.2390e-01  5.5843e-04
 6.2540e-01  9.8412e-04
 6.2700e-01  1.3897e-03
 6.2850e-01  1.4415e-03
 6.3010e-01  1.5808e-03
 6.3170e-01  8.5549e-04
 6.3320e-01  5.8623e-04
 6.3480e-01  4.9403e-04
 6.3640e-01  4.3251e-04
 6.3800e-01  6.7745e-04
 6.3960e-01  8.2510e-04
 6.4110e-01  8.9464e-04
 6.4270e-01  9.7402e-04
 6.4430e-01  1.0018e-03
 6.4590e-01  5.1239e-04
 6.4750e-01  6.5033e-04
 6.4910e-01  5.3731e-04
 6.5070e-01  5.8801e-04
 6.5230e-01  1.1817e-03
 6.5390e-01  9.4191e-04
 6.5560e-01  7.0784e-04
 6.5720e-01  7.7795e-04
 6.5880e-01  6.7127e-04
 6.6040e-01  5.6821e-04
 6.6200e-01  4.5506e-04
 6.6370e-01  4.9633e-04
 6.6530e-01  6.6628e-04
 6.6690e-01  4.8864e-04
 6.6860e-01  5.3726e-04
 6.7020e-01  6.4464e-04
 6.7190e-01  8.0300e-04
 6.7350e-01  8.3201e-04
 6.7520e-01  8.0540e-04
 6.7680e-01  6.0169e-04
 6.7850e-01  8.1072e-04
 6.8010e-01  4.5289e-04
 6.8180e-01  7.5946e-04
 6.8350e-01  5.6477e-04
 6.8510e-01  8.3171e-04
 6.8680e-01  7.6372e-04
 6.8850e-01  6.5914e-04
 6.9010e-01  4.2750e-04
 6.9180e-01  3.3072e-04
 6.9350e-01  3.7642e-04
 6.9520e-01  3.4462e-04
 6.9690e-01  4.0532e-04
 6.9860e-01  3.9677e-04
 7.0030e-01  3.7017e-04
 7.0200e-01  3.3248e-04
 7.0370e-01  3.9539e-04
 7.0540e-01  4.5983e-04
 7.0710e-01  4.4540e-04
 7.0880e-01  5.3353e-04
 7.1050e-01  3.6825e-04
 7.1230e-01  4.2877e-04
 7.1400e-01  5.8859e-04
 7.1570e-01  5.6029e-04
 7.1740e-01  6.5889e-04
 7.1920e-01  4.0804e-04
 7.2090e-01  6.5171e-04
 7.2260e-01  4.7532e-04
 7.2440e-01  3.4058e-04
 7.2610e-01  2.8738e-04
 7.2790e-01  2.9459e-04
 7.2960e-01  3.5120e-04
 7.3140e-01  2.9800e-04
 7.3310e-01  4.7318e-04
 7.3490e-01  6.5445e-04
 7.3670e-01  6.3770e-04
 7.3840e-01  5.8501e-04
 7.4020e-01  5.4920e-04
 7.5000e-01  1.0000e+05
 8.2750e-01  3.8286e-04
 8.2940e-01  9.2309e-04
 8.3140e-01  8.2299e-04
 8.3330e-01  7.3755e-04
 8.3530e-01  5.3460e-04
 8.3720e-01  3.5292e-04
 8.3920e-01  3.3800e-04
 8.4110e-01  3.6921e-04
 8.4310e-01  3.2630e-04
 8.4500e-01  3.6741e-04
 8.4700e-01  8.5359e-04
 8.4890e-01  9.7277e-04
 8.5090e-01  1.0110e-03
 8.5290e-01  8.3980e-04
 8.5490e-01  6.2201e-04
 8.5680e-01  6.5836e-04
 8.5880e-01  7.8789e-04
 8.6080e-01  7.0163e-04
 8.6280e-01  7.4511e-04
 8.6480e-01  5.5878e-04
 8.6680e-01  8.6218e-04
 8.6880e-01  8.9178e-04
 8.7080e-01  1.0298e-03
 8.7280e-01  8.7771e-04
 8.7480e-01  6.7273e-04
 8.7680e-01  8.2106e-04
 8.7890e-01  4.7986e-04
 8.8090e-01  8.5491e-04
 8.8290e-01  6.0596e-04
 8.8490e-01  6.1056e-04
 8.8700e-01  6.4516e-04
 8.8900e-01  8.5828e-04
 8.9100e-01  7.9167e-04
 8.9310e-01  9.0161e-04
 8.9510e-01  9.6621e-04
 8.9720e-01  6.1755e-04
 8.9920e-01  6.5649e-04
 9.0130e-01  8.5670e-04
 9.0330e-01  5.0853e-04
 9.0540e-01  1.0435e-03
 9.0750e-01  1.3570e-03
 9.0960e-01  1.6235e-03
 9.1160e-01  1.1122e-03
 9.1370e-01  9.6910e-04
 9.1580e-01  5.4301e-04
 9.1790e-01  4.0788e-04
 9.2000e-01  1.1467e-03
 9.2210e-01  1.5953e-03
 9.2420e-01  1.7620e-03
 9.2630e-01  1.1770e-03
 9.2840e-01  1.2209e-03
 9.3050e-01  5.1310e-04
 9.3260e-01  3.3998e-04
 9.3470e-01  1.1321e-03
 9.3680e-01  1.0912e-03
 9.3890e-01  4.2181e-04
 9.4110e-01  1.1120e-03
 9.4320e-01  1.8557e-03
 9.4530e-01  2.1372e-03
 9.4750e-01  1.9621e-03
 9.4960e-01  1.6872e-03
 9.5180e-01  9.9473e-04
 9.5390e-01  6.1142e-04
 9.5610e-01  1.5017e-03
 9.5820e-01  1.6428e-03
 9.6000e-01  1.0000e+05
 1.1620e+00  1.6019e-03
 1.1650e+00  1.6446e-03
 1.1670e+00  1.7732e-03
 1.1700e+00  1.6717e-03
 1.1720e+00  1.6225e-03
 1.1750e+00  1.8236e-03
 1.1780e+00  2.1609e-03
 1.1800e+00  2.0091e-03
 1.1830e+00  1.6753e-03
 1.1850e+00  1.1432e-03
 1.1880e+00  1.1562e-03
 1.1900e+00  1.8919e-03
 1.1930e+00  1.9552e-03
 1.1950e+00  2.1472e-03
 1.1980e+00  2.1743e-03
 1.2000e+00  2.0806e-03
 1.2030e+00  1.7781e-03
 1.2060e+00  1.4372e-03
 1.2080e+00  1.2157e-03
 1.2110e+00  1.1990e-03
 1.2130e+00  1.6186e-03
 1.2160e+00  1.2051e-03
 1.2190e+00  1.1430e-03
 1.2210e+00  1.1961e-03
 1.2240e+00  1.5465e-03
 1.2260e+00  1.8238e-03
 1.2290e+00  1.6270e-03
 1.2320e+00  1.9269e-03
 1.2340e+00  1.4101e-03
 1.2370e+00  2.1908e-03
 1.2400e+00  1.9756e-03
 1.2420e+00  2.0371e-03
 1.2450e+00  2.1682e-03
 1.2470e+00  2.2392e-03
 1.2500e+00  2.3227e-03
 1.2530e+00  2.3831e-03
 1.2550e+00  2.3398e-03
 1.2580e+00  2.2620e-03
 1.2610e+00  2.2695e-03
 1.2630e+00  1.5808e-03
 1.2660e+00  1.3486e-03
 1.2690e+00  1.1858e-03
 1.2710e+00  1.0388e-03
 1.2740e+00  9.0376e-04
 1.2770e+00  1.1891e-03
 1.2800e+00  1.6341e-03
 1.2820e+00  1.9679e-03
 1.2850e+00  2.2609e-03
 1.2880e+00  2.5156e-03
 1.2900e+00  2.3036e-03
 1.2930e+00  2.0850e-03
 1.2960e+00  1.5002e-03
 1.2990e+00  1.0296e-03
 1.3010e+00  1.1704e-03
 1.3040e+00  2.3636e-03
 1.3070e+00  2.2251e-03
 1.3100e+00  2.0207e-03
 1.3120e+00  1.9162e-03
 1.3150e+00  2.1699e-03
 1.3180e+00  1.1913e-03
 1.3210e+00  1.1619e-03
 1.3230e+00  1.0889e-03
 1.3260e+00  8.7110e-04
 1.3290e+00  9.9506e-04
 1.3320e+00  1.1487e-03
 1.3350e+00  1.1861e-03
 1.3370e+00  1.3359e-03
 1.3400e+00  1.4449e-03
 1.3430e+00  1.6430e-03
 1.3460e+00  1.3926e-03
 1.3490e+00  2.0669e-03
 1.3510e+00  2.5845e-03
 1.3540e+00  1.7535e-03
 1.3570e+00  1.5977e-03
 1.3600e+00  1.6116e-03
 1.3630e+00  2.1027e-03
 1.3660e+00  1.7069e-03
 1.3680e+00  1.6428e-03
 1.3710e+00  2.3858e-03
 1.3740e+00  2.1186e-03
 1.3770e+00  2.6748e-03
 1.3800e+00  2.7154e-03
 1.3830e+00  1.0594e-03
 1.3860e+00  1.1090e-03
 1.3890e+00  1.1315e-03
 1.3910e+00  1.4568e-03
 1.3940e+00  1.6459e-03
 1.3970e+00  2.2216e-03
 1.4000e+00  2.4743e-03
 1.4030e+00  2.6912e-03
 1.4060e+00  2.6969e-03
 1.4090e+00  2.7126e-03
 1.4120e+00  1.7260e-03
 1.4150e+00  1.3706e-03
 1.4180e+00  1.4394e-03
 1.4210e+00  1.1365e-03
 1.4230e+00  1.9243e-03
 1.4260e+00  1.2617e-03
 1.4290e+00  1.7102e-03
 1.4320e+00  1.6757e-03
 1.4350e+00  1.8924e-03
 1.4380e+00  1.8364e-03
 1.4410e+00  1.6208e-03
 1.4440e+00  1.6779e-03
 1.4470e+00  1.5076e-03
 1.4500e+00  1.6403e-03
 1.4530e+00  2.1255e-03
 1.4560e+00  2.2550e-03
 1.4590e+00  2.6962e-03
 1.4620e+00  2.9967e-03
 1.4650e+00  2.8440e-03
 1.4680e+00  2.9896e-03
 1.4710e+00  2.1159e-03
 1.4740e+00  1.9054e-03
 1.4770e+00  2.2108e-03
 1.4800e+00  1.9338e-03
 1.4830e+00  2.2308e-03
 1.4860e+00  2.1120e-03
 1.4890e+00  1.5525e-03
 1.4920e+00  1.7332e-03
 1.4960e+00  1.8616e-03
 1.4990e+00  2.4239e-03
 1.5020e+00  2.4713e-03
 1.5050e+00  2.3853e-03
 1.5080e+00  2.3140e-03
 1.5110e+00  2.5321e-03
 1.5140e+00  2.3184e-03
 1.5170e+00  1.8230e-03
 1.5200e+00  1.3655e-03
 1.5230e+00  1.3090e-03
 1.5260e+00  1.3518e-03
 1.5300e+00  1.3806e-03
 1.5330e+00  1.5561e-03
 1.5360e+00  1.5392e-03
 1.5390e+00  1.9109e-03
 1.5420e+00  2.7496e-03
 1.5450e+00  3.0627e-03
 1.5480e+00  2.5442e-03
 1.5510e+00  2.6502e-03
 1.5550e+00  1.9838e-03
 1.5580e+00  2.0497e-03
 1.5610e+00  2.5465e-03
 1.5640e+00  2.4673e-03
 1.5670e+00  2.4073e-03
 1.5700e+00  2.0467e-03
 1.5740e+00  1.8258e-03
 1.5770e+00  1.5418e-03
 1.5800e+00  1.4213e-03
 1.5830e+00  1.5662e-03
 1.5860e+00  2.6625e-03
 1.5900e+00  1.5635e-03
 1.5930e+00  1.9027e-03
 1.5960e+00  2.9695e-03
 1.5990e+00  3.1119e-03
 1.6030e+00  3.4004e-03
 1.6060e+00  2.5251e-03
 1.6090e+00  2.2071e-03
 1.6120e+00  2.2522e-03
 1.6160e+00  2.3160e-03
 1.6190e+00  2.4442e-03
 1.6220e+00  2.6946e-03
 1.6250e+00  1.8118e-03
 1.6290e+00  2.4055e-03
 1.6320e+00  2.3370e-03
 1.6350e+00  2.5767e-03
 1.6390e+00  2.1594e-03
 1.6420e+00  1.9986e-03
 1.6450e+00  1.8438e-03
 1.6480e+00  1.7814e-03
 1.6520e+00  1.6074e-03
 1.6550e+00  1.5555e-03
 1.6580e+00  1.8755e-03
 1.6620e+00  2.2770e-03
 1.6650e+00  1.7832e-03
 1.6680e+00  3.9223e-03
 1.6720e+00  2.8739e-03
 1.6750e+00  3.5321e-03
 1.6790e+00  3.2311e-03
 1.6820e+00  2.4522e-03
 1.6850e+00  2.7057e-03
 1.6890e+00  2.3404e-03
 1.6920e+00  1.7202e-03
 1.6950e+00  1.3985e-03
 1.6990e+00  2.4760e-03
 1.7020e+00  2.1137e-03
 1.7060e+00  1.8058e-03
 1.7090e+00  1.6999e-03
 1.7120e+00  1.5077e-03
 1.7160e+00  2.0518e-03
 1.7190e+00  2.3494e-03
 1.7230e+00  1.9857e-03
 1.7260e+00  2.2148e-03
 1.7300e+00  2.8393e-03
 1.7330e+00  2.9182e-03
 1.7370e+00  3.4156e-03
 1.7400e+00  3.3518e-03
 1.7430e+00  1.3713e-03
 1.7470e+00  1.0400e-03
 1.7500e+00  9.6528e-04
 1.7540e+00  1.0811e-03
 1.7570e+00  3.3055e-03
 1.7610e+00  3.4623e-03
 1.7640e+00  3.5043e-03
 1.7680e+00  3.6577e-03
 1.7710e+00  3.0637e-03
 1.7750e+00  2.5684e-03
 1.7780e+00  1.6039e-03
 1.7820e+00  1.3242e-03
 1.7860e+00  1.4249e-03
 1.7890e+00  1.4679e-03
 1.7930e+00  1.6409e-03
 1.7960e+00  2.3241e-03
 1.8000e+00  2.0390e-03
 1.8030e+00  2.1261e-03
 1.8070e+00  2.2220e-03
 1.8100e+00  1.7246e-03
 1.8140e+00  1.3996e-03
 1.8180e+00  1.2753e-03
 1.8210e+00  1.5326e-03
 1.8250e+00  2.2085e-03
 1.8280e+00  2.9894e-03
 1.8320e+00  3.0306e-03
 1.8360e+00  2.5279e-03
 1.8390e+00  2.2101e-03
 1.8430e+00  1.6711e-03
 1.8470e+00  1.7072e-03
 1.8500e+00  2.1614e-03
 1.8540e+00  2.5420e-03
 1.8570e+00  2.6750e-03
 1.8610e+00  2.1100e-03
 1.8650e+00  1.9362e-03
 1.8680e+00  2.2249e-03
 1.8720e+00  2.3266e-03
 1.8760e+00  2.2243e-03
 1.8800e+00  2.3361e-03
 1.8830e+00  2.0572e-03
 1.8870e+00  1.9128e-03
 1.8910e+00  1.5953e-03
 1.8940e+00  1.8839e-03
 1.8980e+00  1.4588e-03
 1.9020e+00  2.7251e-03
 1.9060e+00  3.0273e-03
 1.9090e+00  2.9990e-03
 1.9130e+00  3.1746e-03
 1.9170e+00  2.8902e-03
 1.9210e+00  3.0236e-03
 1.9240e+00  3.0639e-03
 1.9280e+00  2.9246e-03
 1.9320e+00  2.8955e-03
 1.9360e+00  2.6789e-03
 1.9390e+00  2.8692e-03
 1.9430e+00  2.0832e-03
 1.9470e+00  1.9112e-03
 1.9510e+00  2.1885e-03
 1.9550e+00  2.3006e-03
 1.9580e+00  2.3291e-03
 1.9620e+00  2.4067e-03
 1.9660e+00  2.7101e-03
 1.9700e+00  2.2402e-03
 1.9740e+00  2.1974e-03
 1.9780e+00  2.4847e-03
 1.9820e+00  2.2432e-03
 1.9850e+00  1.9755e-03
 1.9890e+00  1.4619e-03
 1.9930e+00  2.3423e-03
 1.9970e+00  1.7289e-03
 2.0010e+00  2.3073e-03
 2.0050e+00  2.2604e-03
 2.0090e+00  2.1148e-03
 2.0130e+00  1.6604e-03
 2.0170e+00  1.6774e-03
 2.0200e+00  2.1301e-03
 2.0240e+00  3.0383e-03
 2.0280e+00  2.0865e-03
 2.0320e+00  2.7678e-03
 2.0360e+00  2.6568e-03
 2.0400e+00  2.3853e-03
 2.0440e+00  1.7746e-03
 2.0480e+00  1.5951e-03
 2.0520e+00  2.1132e-03
 2.0560e+00  2.3325e-03
 2.0600e+00  2.6264e-03
 2.0640e+00  2.7231e-03
 2.0680e+00  2.1921e-03
 2.0720e+00  2.4547e-03
 2.0760e+00  1.8600e-03
 2.0800e+00  1.8219e-03
 2.0840e+00  2.1761e-03
 2.0880e+00  1.7507e-03
 2.0920e+00  2.7721e-03
 2.0960e+00  1.3822e-03
 2.1000e+00  1.8576e-03
 2.1040e+00  1.8609e-03
 2.1080e+00  1.6888e-03
 2.1120e+00  2.5640e-03
 2.1170e+00  2.0990e-03
 2.1210e+00  3.1491e-03
 2.1250e+00  3.2770e-03
 2.1290e+00  3.2128e-03
 2.1330e+00  2.9985e-03
 2.1370e+00  2.0398e-03
 2.1410e+00  2.1795e-03
 2.1450e+00  2.1033e-03
 2.1490e+00  2.3951e-03
 2.1540e+00  2.8561e-03
 2.1580e+00  3.6778e-03
 2.1620e+00  2.5745e-03
 2.1660e+00  1.3847e-03
 2.1700e+00  1.4403e-03
 2.1740e+00  1.4118e-03
 2.1780e+00  1.6836e-03
 2.1830e+00  1.9609e-03
 2.1870e+00  3.0207e-03
 2.1910e+00  3.4280e-03
 2.1950e+00  3.5467e-03
 2.1990e+00  3.4380e-03
 2.2040e+00  3.2134e-03
 2.2080e+00  2.9337e-03
 2.2120e+00  1.6258e-03
 2.2160e+00  2.0724e-03
 2.2210e+00  2.0793e-03
 2.2250e+00  1.7945e-03
 2.2290e+00  1.8203e-03
 2.2330e+00  1.9031e-03
 2.2380e+00  1.9961e-03
 2.2420e+00  2.0461e-03
 2.2460e+00  1.8098e-03
 2.2510e+00  1.7509e-03
 2.2550e+00  2.5600e-03
 2.2590e+00  2.6910e-03
 2.2640e+00  2.8409e-03
 2.2680e+00  2.6167e-03
 2.2720e+00  2.5698e-03
 2.2770e+00  3.1459e-03
 2.2810e+00  2.1627e-03
 2.2850e+00  1.9901e-03
 2.2900e+00  3.1024e-03
 2.2940e+00  2.8641e-03
 2.2980e+00  2.7573e-03
 2.3030e+00  2.4709e-03
 2.3070e+00  1.8139e-03
 2.3110e+00  1.5974e-03
 2.3160e+00  1.6679e-03
 2.3200e+00  1.5708e-03
 2.3250e+00  1.6689e-03
 2.3290e+00  1.5500e-03
 2.3340e+00  1.7343e-03
 2.3380e+00  2.9236e-03
 2.3420e+00  2.0806e-03
 2.3470e+00  2.6356e-03
 2.3510e+00  2.5527e-03
 2.3560e+00  1.7874e-03
 2.3600e+00  1.4245e-03
 2.3650e+00  2.5990e-03
 2.3690e+00  1.9802e-03
 2.3740e+00  2.5436e-03
 2.3780e+00  2.8469e-03
 2.3830e+00  2.9433e-03
 2.3870e+00  2.9087e-03
 2.3920e+00  2.8088e-03
 2.3960e+00  2.8138e-03
 2.4010e+00  2.2521e-03
 2.4050e+00  2.7569e-03
 2.4100e+00  3.7147e-03
 2.4150e+00  2.4156e-03
 2.4190e+00  2.1639e-03
 2.4240e+00  1.7098e-03
 2.4280e+00  1.7096e-03
 2.4330e+00  2.2001e-03
 2.4380e+00  1.8158e-03
 2.4420e+00  3.2852e-03
 2.4470e+00  3.9758e-03
 2.4510e+00  2.6786e-03
 2.4560e+00  2.3875e-03
 2.4610e+00  2.0308e-03
 2.4650e+00  2.5751e-03
 2.4700e+00  1.7741e-03
 2.4750e+00  2.1392e-03
 2.4790e+00  2.3322e-03
 2.4840e+00  2.5611e-03
 2.4890e+00  2.2511e-03
 2.4930e+00  2.3630e-03
 2.4980e+00  2.2509e-03
 2.5030e+00  2.4645e-03
 2.5070e+00  2.4609e-03
 2.5120e+00  3.2186e-03
 2.5170e+00  3.4131e-03
 2.5220e+00  3.3957e-03
 2.5260e+00  3.2925e-03
 2.5310e+00  2.8673e-03
 2.5360e+00  2.4263e-03
 2.5410e+00  2.5330e-03
 2.5450e+00  1.8080e-03
 2.5500e+00  2.0989e-03
 2.5550e+00  1.7043e-03
 2.5600e+00  2.5430e-03
 2.5650e+00  2.1728e-03
 2.5690e+00  2.2140e-03
 2.5740e+00  2.5946e-03
 2.5790e+00  3.1160e-03
 2.5840e+00  3.3140e-03
 2.5890e+00  2.7235e-03
 2.5940e+00  1.7456e-03
 2.5980e+00  1.8386e-03
 2.6030e+00  3.0056e-03
 2.6080e+00  2.6234e-03
 2.6130e+00  3.0986e-03
 2.6180e+00  2.5357e-03
 2.6230e+00  2.9625e-03
 2.6280e+00  1.5851e-03
 2.6330e+00  1.6917e-03
 2.6380e+00  2.9606e-03
 2.6430e+00  1.7780e-03
 2.6480e+00  1.9880e-03
 2.6520e+00  2.0069e-03
 2.6570e+00  2.9053e-03
 2.6620e+00  3.1944e-03
 2.6670e+00  3.6831e-03
 2.6720e+00  3.7154e-03
 2.6770e+00  3.7448e-03
 2.6820e+00  3.1338e-03
 2.6870e+00  3.3608e-03
 2.6920e+00  3.0908e-03
 2.6970e+00  2.2284e-03
 2.9000e+00  1.0000e+05
 3.3000e+00  2.3433e-03
 3.3070e+00  2.4380e-03
 3.3140e+00  3.4960e-03
 3.3210e+00  3.5426e-03
 3.3290e+00  3.3322e-03
 3.3360e+00  2.5580e-03
 3.3440e+00  2.2199e-03
 3.3510e+00  2.1551e-03
 3.3580e+00  2.2694e-03
 3.3660e+00  2.8354e-03
 3.3730e+00  2.4453e-03
 3.3810e+00  2.2081e-03
 3.3880e+00  2.0925e-03
 3.3950e+00  2.8420e-03
 3.4030e+00  3.7681e-03
 3.4100e+00  3.5703e-03
 3.4180e+00  3.5478e-03
 3.4250e+00  3.4617e-03
 3.4330e+00  3.7408e-03
 3.4400e+00  2.3442e-03
 3.4480e+00  1.7637e-03
 3.4560e+00  1.5362e-03
 3.4630e+00  1.4999e-03
 3.4710e+00  3.2137e-03
 3.4780e+00  3.3667e-03
 3.4860e+00  3.2010e-03
 3.4940e+00  3.5943e-03
 3.5010e+00  3.7930e-03
 3.5090e+00  3.8688e-03
 3.5170e+00  3.6735e-03
 3.5240e+00  3.4358e-03
 3.5320e+00  4.2287e-03
 3.6000e+00  1.0000e+05
 3.9340e+00  4.1468e-03
 3.9430e+00  2.8364e-03
 3.9510e+00  2.5808e-03
 3.9600e+00  2.3700e-03
 3.9680e+00  3.2244e-03
 3.9770e+00  2.5154e-03
 3.9850e+00  1.9809e-03
 3.9940e+00  2.0982e-03
 4.0030e+00  2.5345e-03
 4.0110e+00  4.5341e-03
 4.0200e+00  3.5891e-03
 4.0280e+00  3.8918e-03
 4.0370e+00  4.7866e-03
 4.0460e+00  5.4038e-03
 4.0540e+00  4.4554e-03
 4.0630e+00  3.8388e-03
 4.0720e+00  4.0693e-03
 4.0800e+00  3.2489e-03
 4.0890e+00  2.9098e-03
 4.0980e+00  2.8439e-03
 4.1060e+00  2.8246e-03
 4.1150e+00  3.7501e-03
 4.1240e+00  5.3823e-03
 4.1330e+00  4.0798e-03
 4.1420e+00  1.7416e-03
 4.1510e+00  1.5164e-03
 4.1590e+00  1.5106e-03
 4.1680e+00  1.5234e-03
 4.1770e+00  1.5672e-03
 4.1860e+00  2.9613e-03
 4.1950e+00  3.7198e-03
 4.2040e+00  3.1506e-03
 4.2130e+00  3.1639e-03
 4.2220e+00  3.2001e-03
 4.2310e+00  2.7268e-03
 4.2400e+00  2.6388e-03
 4.2490e+00  3.7579e-03
 4.2580e+00  2.5467e-03
 4.2670e+00  2.8216e-03
 4.2760e+00  2.6103e-03
 4.2850e+00  2.6619e-03
 4.2940e+00  2.7568e-03
 4.3030e+00  2.8991e-03
 4.3120e+00  3.2629e-03
 4.3220e+00  3.6767e-03
 4.3310e+00  3.3688e-03
 4.3400e+00  3.2548e-03
 4.3490e+00  1.8757e-03
 4.3580e+00  1.5822e-03
 4.3680e+00  1.8367e-03
 4.3770e+00  2.6510e-03
 4.3860e+00  2.5277e-03
 4.3950e+00  2.4339e-03
 4.4050e+00  3.3856e-03
 4.4140e+00  3.6704e-03
 4.4230e+00  3.6421e-03
 4.4330e+00  3.7931e-03
 4.4420e+00  3.7560e-03
 4.4520e+00  4.1551e-03
 4.4610e+00  3.6631e-03
 4.4700e+00  3.8187e-03
 4.4800e+00  2.5407e-03
 4.4890e+00  2.3399e-03
 4.4990e+00  2.1817e-03
 4.5080e+00  3.2116e-03
 4.5180e+00  3.0583e-03
 4.5270e+00  3.3730e-03
 4.5370e+00  2.8433e-03
 4.5470e+00  3.7363e-03
 4.5560e+00  3.2538e-03
 4.5660e+00  3.4387e-03
 4.5750e+00  3.5819e-03
 4.5850e+00  2.4653e-03
 4.5950e+00  2.0627e-03
 4.6040e+00  1.4538e-03
 4.6140e+00  1.4577e-03
 4.6240e+00  2.0665e-03
 4.6340e+00  2.1261e-03
 4.6430e+00  2.7294e-03
 4.6530e+00  2.7855e-03
 4.6630e+00  2.8649e-03
 4.6730e+00  3.0660e-03
 4.6830e+00  3.1225e-03
 4.6920e+00  3.1846e-03
 4.7020e+00  2.6912e-03
 4.7120e+00  1.8661e-03
 4.7220e+00  2.5285e-03
 4.7320e+00  2.6766e-03
 4.7420e+00  3.3953e-03
 4.7520e+00  3.7357e-03
 4.7620e+00  4.1686e-03
 4.7720e+00  4.2785e-03
 4.7820e+00  4.4733e-03
 4.7920e+00  3.7508e-03
 4.8020e+00  1.7564e-03
 4.8120e+00  1.5237e-03
 4.8220e+00  1.5730e-03
 4.8330e+00  2.0396e-03
 4.8430e+00  2.5598e-03
 4.8530e+00  4.3592e-03
 4.8630e+00  3.7905e-03
 4.8730e+00  3.6283e-03
 4.8830e+00  3.5561e-03
 4.8940e+00  3.0422e-03
 4.9040e+00  2.8253e-03
 4.9140e+00  2.0355e-03
 4.9250e+00  2.0840e-03
 4.9350e+00  1.9957e-03
 4.9450e+00  1.9024e-03
 4.9560e+00  2.1219e-03
 4.9660e+00  2.4783e-03
 4.9760e+00  2.5207e-03
 4.9870e+00  2.0376e-03
 4.9970e+00  2.0115e-03
 5.0080e+00  1.7022e-03
 5.0180e+00  1.9732e-03
 5.0290e+00  2.3785e-03
 5.0390e+00  2.2137e-03
 5.0500e+00  2.8776e-03
 5.0600e+00  3.4917e-03
 5.0710e+00  3.0602e-03
 5.0820e+00  2.1402e-03
 5.0920e+00  1.7790e-03
 5.1030e+00  2.6487e-03
 5.1140e+00  2.2982e-03
 5.1240e+00  2.1291e-03
 5.1350e+00  2.2614e-03
 5.1460e+00  3.4686e-03
 5.1570e+00  2.9144e-03
 5.1670e+00  3.3527e-03
 5.1780e+00  3.2827e-03
 5.1890e+00  2.4131e-03
 5.2000e+00  2.7614e-03
 5.2110e+00  2.7600e-03
 5.2220e+00  2.8922e-03
 5.2320e+00  3.1282e-03
 5.2430e+00  3.2329e-03
 5.2540e+00  3.3209e-03
 5.2650e+00  3.1688e-03
 5.2760e+00  3.0467e-03
 5.2870e+00  2.3969e-03
 5.2980e+00  2.6569e-03
 5.3090e+00  2.5015e-03
 5.3210e+00  2.8196e-03
 5.3320e+00  2.1530e-03
 5.3430e+00  2.0235e-03
 5.3540e+00  2.1072e-03
 5.3650e+00  2.2683e-03
 5.3760e+00  2.8161e-03
 5.3880e+00  3.0714e-03
 5.3990e+00  2.9510e-03
 5.4100e+00  2.8872e-03
 5.4210e+00  1.6093e-03
 5.4330e+00  1.8177e-03
 5.4440e+00  3.4907e-03
 5.4550e+00  3.4797e-03
 5.4670e+00  3.1635e-03
 5.4780e+00  2.7937e-03
 5.4900e+00  2.2536e-03
 5.5010e+00  1.7595e-03
 5.5120e+00  1.6362e-03
 5.5240e+00  1.9356e-03
 5.5350e+00  1.8748e-03
 5.5470e+00  2.0830e-03
 5.5590e+00  2.4067e-03
 5.5700e+00  2.5285e-03
 5.5820e+00  2.4416e-03
 5.5930e+00  2.7488e-03
 5.6050e+00  2.7912e-03
 5.6170e+00  2.7347e-03
 5.6280e+00  3.2776e-03
 5.6400e+00  3.2120e-03
 5.6520e+00  3.3607e-03
 5.6640e+00  2.9049e-03
 5.6750e+00  3.5020e-03
 5.6870e+00  2.4729e-03
 5.6990e+00  3.5431e-03
 5.7110e+00  2.2023e-03
 5.7230e+00  3.5471e-03
 5.7350e+00  3.6081e-03
 5.7470e+00  3.4194e-03
 5.7590e+00  4.1440e-03
 5.7710e+00  3.2567e-03
 5.7830e+00  3.2063e-03
 5.7950e+00  2.2610e-03
 5.8070e+00  2.7854e-03
 5.8190e+00  2.7457e-03
 5.8310e+00  2.5404e-03
 5.8430e+00  2.4980e-03
 5.8550e+00  2.6786e-03
 5.8670e+00  2.4157e-03
 5.8800e+00  2.1466e-03
 5.8920e+00  1.6332e-03
 5.9040e+00  1.8549e-03
 5.9160e+00  1.9156e-03
 5.9290e+00  1.8245e-03
 5.9410e+00  1.7211e-03
 5.9530e+00  1.6162e-03
 5.9660e+00  1.7955e-03
 5.9780e+00  3.2414e-03
 5.9910e+00  3.4797e-03
 6.0030e+00  3.0314e-03
 6.0150e+00  2.7415e-03
 6.0280e+00  2.4027e-03
 6.0410e+00  2.4056e-03
 6.0530e+00  2.4938e-03
 6.0660e+00  2.0351e-03
 6.0780e+00  2.9066e-03
 6.0910e+00  1.7539e-03
 6.1040e+00  1.8299e-03
 6.1160e+00  2.3826e-03
 6.1290e+00  2.8865e-03
 6.1420e+00  4.1456e-03
 6.1540e+00  4.2441e-03
 6.1670e+00  4.1284e-03
 6.1800e+00  2.6721e-03
 6.1930e+00  2.9607e-03
 6.2060e+00  2.6266e-03
 6.2190e+00  1.5880e-03
 6.2320e+00  2.8981e-03
 6.2450e+00  2.7479e-03
 6.2580e+00  1.7747e-03
 6.2710e+00  2.1829e-03
 6.2840e+00  2.3303e-03
 6.2970e+00  3.1075e-03
 6.3100e+00  2.8766e-03
 6.3230e+00  2.8916e-03
 6.3360e+00  2.4090e-03
 6.3490e+00  2.0371e-03
 6.3620e+00  2.4316e-03
 6.3760e+00  2.5680e-03
 6.3890e+00  3.1222e-03
 6.4020e+00  1.3249e-03
 6.4150e+00  1.2864e-03
 6.4290e+00  1.9592e-03
 6.4420e+00  2.3494e-03
 6.4560e+00  2.7272e-03
 6.4690e+00  3.1020e-03
 6.4820e+00  3.9941e-03
 6.4960e+00  4.0885e-03
 6.5090e+00  3.1702e-03
 6.5230e+00  2.8938e-03
 6.5360e+00  2.0470e-03
 6.5500e+00  1.7360e-03
 6.5640e+00  1.5205e-03
 6.5770e+00  1.8406e-03
 6.5910e+00  2.0468e-03
 6.6050e+00  1.6735e-03
 6.6180e+00  3.5884e-03
 6.6320e+00  2.9329e-03
 6.6460e+00  2.9509e-03
 6.6600e+00  1.9798e-03
 6.6740e+00  1.7493e-03
 6.6870e+00  1.5460e-03
 6.7010e+00  1.5944e-03
 6.7150e+00  1.4929e-03
 6.7290e+00  2.5441e-03
 6.7430e+00  2.7808e-03
 6.7570e+00  1.9099e-03
 6.7710e+00  1.9113e-03
 6.7850e+00  1.5822e-03
 6.8000e+00  1.5001e-03
 6.8140e+00  1.4164e-03
 6.8280e+00  2.3525e-03
 6.8420e+00  2.8805e-03
 6.8560e+00  3.1762e-03
 6.8710e+00  3.2156e-03
 6.8850e+00  3.4626e-03
 6.8990e+00  3.3926e-03
 6.9130e+00  2.9879e-03
 6.9280e+00  2.6633e-03
 6.9420e+00  1.7107e-03
 6.9570e+00  1.8821e-03
 6.9710e+00  2.7391e-03
 6.9860e+00  3.2198e-03
 7.0000e+00  4.1433e-03
 7.0150e+00  3.7866e-03
 7.0290e+00  2.0686e-03
 7.0440e+00  1.7152e-03
 7.0590e+00  1.7181e-03
 7.0730e+00  1.2882e-03
 7.0880e+00  1.3287e-03
 7.1030e+00  2.0791e-03
 7.1180e+00  3.6409e-03
 7.1320e+00  4.2851e-03
 7.1470e+00  4.6564e-03
 7.1620e+00  3.0933e-03
 7.1770e+00  1.8272e-03
 7.1920e+00  1.8620e-03
 7.2070e+00  1.1347e-03
 7.2220e+00  2.4243e-03
 7.2370e+00  2.7246e-03
 7.2520e+00  3.6010e-03
 7.2670e+00  3.6235e-03
 7.2820e+00  3.1064e-03
 7.2980e+00  2.8398e-03
 7.3130e+00  3.0277e-03
 7.3280e+00  1.4201e-03
 7.3430e+00  2.8077e-03
 7.3590e+00  3.1092e-03
 7.3740e+00  3.4308e-03
 7.3890e+00  3.2246e-03
 7.4050e+00  3.4018e-03
 7.4200e+00  3.1409e-03
 7.4360e+00  2.5272e-03
 7.4510e+00  1.9996e-03
 7.4670e+00  1.7206e-03
 7.4820e+00  1.3938e-03
 7.4980e+00  1.4732e-03
 7.5130e+00  1.5432e-03
 7.5290e+00  2.2541e-03
 7.5450e+00  5.3433e-03
 7.5610e+00  2.5283e-03
 7.5760e+00  1.9979e-03
 7.5920e+00  1.6523e-03
 7.6080e+00  1.2792e-03
 7.6240e+00  2.0371e-03
 7.6400e+00  2.3948e-03
 7.6560e+00  3.4787e-03
 7.6720e+00  3.6863e-03
 7.6880e+00  3.4254e-03
 7.7040e+00  3.2162e-03
 7.7200e+00  2.7601e-03
 7.7360e+00  1.4581e-03
 7.7520e+00  1.6127e-03
 7.7680e+00  1.6581e-03
 7.7850e+00  1.7944e-03
 7.8010e+00  2.1295e-03
 7.8170e+00  2.9237e-03
 7.8340e+00  2.4416e-03
 7.8500e+00  2.5143e-03
 7.8660e+00  2.6327e-03
 7.8830e+00  2.5448e-03
 7.8990e+00  1.9990e-03
 7.9160e+00  2.6612e-03
 7.9320e+00  2.5823e-03
 7.9490e+00  2.2097e-03
 7.9660e+00  2.5901e-03
 7.9820e+00  1.7959e-03
 7.9990e+00  2.1444e-03
 8.0160e+00  1.8460e-03
 8.0320e+00  2.6037e-03
 8.0490e+00  2.7537e-03
 8.0660e+00  2.7491e-03
 8.0830e+00  2.4731e-03
 8.1000e+00  1.7383e-03
 8.1170e+00  1.9959e-03
 8.1340e+00  1.9125e-03
 8.1510e+00  2.0185e-03
 8.1680e+00  2.0338e-03
 8.1850e+00  2.2536e-03
 8.2020e+00  2.2414e-03
 8.2190e+00  2.3640e-03
 8.2370e+00  2.4230e-03
 8.2540e+00  2.7141e-03
 8.2710e+00  2.7915e-03
 8.2890e+00  3.2400e-03
 8.3060e+00  2.8140e-03
 8.3230e+00  2.7551e-03
 8.3410e+00  2.4520e-03
 8.3580e+00  2.6262e-03
 8.3760e+00  2.8276e-03
 8.3930e+00  3.5852e-03
 8.4110e+00  3.5537e-03
 8.4290e+00  3.4339e-03
 8.4460e+00  3.5126e-03
 8.4640e+00  2.2805e-03
 8.4820e+00  2.7322e-03
 8.5000e+00  2.3231e-03
 8.5180e+00  1.7123e-03
 8.5350e+00  1.7032e-03
 8.5530e+00  2.1670e-03
 8.5710e+00  3.1020e-03
 8.5890e+00  3.4686e-03
 8.6070e+00  3.5457e-03
 8.6260e+00  3.5713e-03
 8.6440e+00  3.6640e-03
 8.6620e+00  2.7063e-03
 8.6800e+00  3.0138e-03
 8.6980e+00  4.3198e-03
 8.7170e+00  5.4974e-03
 8.7350e+00  3.1624e-03
 8.7530e+00  1.3422e-03
 8.7720e+00  1.0061e-03
 8.7900e+00  1.1057e-03
 8.8090e+00  1.3327e-03
 8.8270e+00  4.3458e-03
 9.1000e+00  1.0000e+05
 1.0690e+01  2.5760e-03
 1.0710e+01  4.0716e-03
 1.0740e+01  3.4523e-03
 1.0760e+01  2.4878e-03
 1.0780e+01  1.6692e-03
 1.0810e+01  1.9121e-03
 1.0830e+01  2.1818e-03
 1.0850e+01  2.9887e-03
 1.0880e+01  4.0986e-03
 1.0900e+01  4.5291e-03
 1.0920e+01  3.9591e-03
 1.0950e+01  3.8086e-03
 1.0970e+01  3.1500e-03
 1.0990e+01  2.3603e-03
 1.1020e+01  2.4551e-03
 1.1040e+01  1.0162e-03
 1.1060e+01  2.8561e-03
 1.1090e+01  2.6465e-03
 1.1110e+01  2.8613e-03
 1.1140e+01  3.5369e-03
 1.1160e+01  3.9282e-03
 1.1180e+01  3.6207e-03
 1.1210e+01  2.5403e-03
 1.1230e+01  2.1586e-03
 1.1260e+01  1.9837e-03
 1.1280e+01  1.7201e-03
 1.1310e+01  2.4241e-03
 1.1330e+01  2.3248e-03
 1.1350e+01  1.9855e-03
 1.1380e+01  1.9858e-03
 1.1400e+01  1.4887e-03
 1.1430e+01  1.5333e-03
 1.1450e+01  1.2435e-03
 1.1480e+01  1.2339e-03
 1.1500e+01  2.7108e-03
 1.1530e+01  3.3135e-03
 1.1550e+01  2.9884e-03
 1.1580e+01  2.5242e-03
 1.1600e+01  1.3700e-03
 1.1630e+01  1.9351e-03
 1.1650e+01  1.1298e-03
 1.1680e+01  1.1133e-03
 1.1710e+01  1.3440e-03
 1.1730e+01  2.2497e-03
 1.1760e+01  1.9655e-03
 1.1780e+01  2.9553e-03
 1.1810e+01  2.4925e-03
 1.1830e+01  3.1347e-03
 1.1860e+01  2.8822e-03
 1.1880e+01  1.5125e-03
 1.1910e+01  1.3310e-03
 1.1940e+01  1.2567e-03
 1.1960e+01  1.4072e-03
 1.1990e+01  1.3096e-03
 1.2020e+01  1.3890e-03
 1.2040e+01  1.6480e-03
 1.2070e+01  2.1982e-03
 1.2090e+01  2.9214e-03
 1.2120e+01  3.6183e-03
 1.2150e+01  3.7624e-03
 1.2170e+01  4.3021e-03
 1.2200e+01  2.9914e-03
 1.2230e+01  1.8948e-03
 1.2250e+01  1.2791e-03
 1.2280e+01  1.2756e-03
 1.2310e+01  1.3285e-03
 1.2330e+01  1.7040e-03
 1.2360e+01  1.6600e-03
 1.2390e+01  3.4390e-03
 1.2420e+01  3.1849e-03
 1.2440e+01  2.5860e-03
 1.2470e+01  2.0301e-03
 1.2500e+01  1.5520e-03
 1.2530e+01  1.2927e-03
 1.2550e+01  1.2093e-03
 1.2580e+01  1.8001e-03
 1.2610e+01  1.5208e-03
 1.2640e+01  3.0860e-03
 1.2660e+01  2.7926e-03
 1.2690e+01  2.4274e-03
 1.2720e+01  2.8192e-03
 1.2750e+01  2.6920e-03
 1.2780e+01  2.6557e-03
 1.2800e+01  1.9113e-03
 1.2830e+01  1.4085e-03
 1.2860e+01  1.5391e-03
 1.2890e+01  2.3199e-03
 1.2920e+01  1.5747e-03
 1.2950e+01  2.4662e-03
 1.2980e+01  2.7991e-03
 1.3000e+01  3.0216e-03
 1.3030e+01  3.1003e-03
 1.3060e+01  2.7585e-03
 1.3090e+01  2.1314e-03
 1.3120e+01  1.7125e-03
 1.3150e+01  1.5039e-03
 1.3180e+01  1.5511e-03
 1.3210e+01  1.9164e-03
 1.3240e+01  1.6540e-03
 1.3270e+01  1.6781e-03
 1.3300e+01  1.7889e-03
 1.3320e+01  2.2039e-03
 1.3350e+01  2.1207e-03
 1.3380e+01  2.2314e-03
 1.3410e+01  2.2187e-03
 1.3440e+01  1.9289e-03
 1.3470e+01  2.4434e-03
 1.3500e+01  1.8829e-03
 1.3530e+01  2.8638e-03
 1.3560e+01  2.9714e-03
 1.3590e+01  3.3098e-03
 1.3620e+01  3.4993e-03
 1.3650e+01  2.7062e-03
 1.3690e+01  2.6535e-03
 1.3720e+01  2.7563e-03
 1.3750e+01  2.4230e-03
 1.3780e+01  2.1730e-03
 1.3810e+01  2.6702e-03
 1.3840e+01  1.5984e-03
 1.3870e+01  1.4176e-03
 1.3900e+01  1.6938e-03
 1.3930e+01  1.7597e-03
 1.3960e+01  2.7899e-03
 1.3990e+01  3.3903e-03
 1.4030e+01  3.2943e-03
 1.4060e+01  1.3838e-03
 1.4090e+01  1.3566e-03
 1.4120e+01  1.7590e-03
 1.4150e+01  1.6179e-03
 1.4180e+01  1.5523e-03
 1.4220e+01  1.3281e-03
 1.4250e+01  1.7193e-03
 1.4280e+01  1.5848e-03
 1.4310e+01  1.6873e-03
 1.4340e+01  2.4500e-03
 1.4380e+01  2.8438e-03
 1.4410e+01  2.8570e-03
 1.4440e+01  3.0258e-03
 1.4470e+01  3.3793e-03
 1.4510e+01  3.6075e-03
 1.4540e+01  3.2897e-03
 1.4570e+01  3.4763e-03
 1.4610e+01  3.0571e-03
 1.4640e+01  2.2044e-03
 1.4670e+01  1.8929e-03
 1.4710e+01  1.5661e-03
 1.4740e+01  1.4277e-03
 1.4770e+01  2.0651e-03
 1.4810e+01  3.1198e-03
 1.4840e+01  3.1570e-03
 1.4870e+01  3.0157e-03
 1.4910e+01  2.4050e-03
 1.4940e+01  2.0321e-03
 1.4970e+01  1.4537e-03
 1.5010e+01  1.4535e-03
 1.5040e+01  1.5736e-03
 1.5080e+01  1.7369e-03
 1.5110e+01  2.1070e-03
 1.5150e+01  4.0488e-03
 1.5180e+01  4.4286e-03
 1.5210e+01  3.0759e-03
 1.5250e+01  2.9089e-03
 1.5280e+01  2.4989e-03
 1.5320e+01  1.2064e-03
 1.5350e+01  1.7574e-03
 1.5390e+01  1.7657e-03
 1.5420e+01  1.8285e-03
 1.5460e+01  1.9833e-03
 1.5490e+01  3.1169e-03
 1.5530e+01  3.2829e-03
 1.5570e+01  2.4184e-03
 1.5600e+01  1.8035e-03
 1.5640e+01  1.3966e-03
 1.5670e+01  1.7925e-03
 1.5710e+01  2.1260e-03
 1.5740e+01  2.2406e-03
 1.5780e+01  2.3521e-03
 1.5820e+01  2.9338e-03
 1.5850e+01  3.1757e-03
 1.5890e+01  3.5564e-03
 1.5930e+01  1.9242e-03
 1.5960e+01  2.6333e-03
 1.6000e+01  1.6011e-03
 1.6040e+01  1.6136e-03
 1.6070e+01  3.6141e-03
 1.6110e+01  3.4676e-03
 1.6150e+01  3.2632e-03
 1.6190e+01  3.2490e-03
 1.6220e+01  2.8670e-03
 1.6260e+01  2.3704e-03
 1.6300e+01  1.8901e-03
 1.6340e+01  1.7823e-03
 1.6370e+01  1.7565e-03
 1.6410e+01  1.4874e-03
 1.6450e+01  3.0006e-03
 1.6490e+01  2.3427e-03
 1.6530e+01  3.7901e-03
 1.6560e+01  3.3029e-03
 1.6600e+01  3.6613e-03
 1.6640e+01  3.2454e-03
 1.6680e+01  2.0545e-03
 1.6720e+01  1.8366e-03
 1.6760e+01  9.2633e-04
 1.6800e+01  1.3395e-03
 1.6840e+01  1.9485e-03
 1.6880e+01  2.2569e-03
 1.6910e+01  4.0846e-03
 1.6950e+01  4.2386e-03
 1.6990e+01  3.5314e-03
 1.7030e+01  2.4932e-03
 1.7070e+01  1.9556e-03
 1.7110e+01  1.2220e-03
 1.7150e+01  1.2356e-03
 1.7190e+01  1.3122e-03
 1.7230e+01  1.6251e-03
 1.7270e+01  2.2358e-03
 1.7310e+01  3.6381e-03
 1.7360e+01  4.1652e-03
 1.7400e+01  4.1301e-03
 1.7440e+01  2.1895e-03
 1.7480e+01  1.9020e-03
 1.7520e+01  1.3422e-03
 1.7560e+01  1.1554e-03
 1.7600e+01  1.5932e-03
 1.7640e+01  1.9980e-03
 1.7680e+01  3.4708e-03
 1.7730e+01  3.5149e-03
 1.7770e+01  3.6960e-03
 1.7810e+01  3.7933e-03
 1.7850e+01  3.7387e-03
 1.7890e+01  3.4445e-03
 1.7940e+01  3.0680e-03
 1.7980e+01  1.2941e-03
 1.8020e+01  1.2800e-03
 1.8060e+01  1.9736e-03
 1.8110e+01  1.4619e-03
 1.8150e+01  3.6147e-03
 1.8190e+01  2.5841e-03
 1.8240e+01  3.4373e-03
 1.8280e+01  2.2171e-03
 1.8320e+01  2.0263e-03
 1.8370e+01  1.9327e-03
 1.8410e+01  2.1870e-03
 1.8450e+01  1.9055e-03
 1.8500e+01  3.1020e-03
 1.8540e+01  3.1088e-03
 1.8590e+01  3.1966e-03
 1.8630e+01  1.9369e-03
 1.8680e+01  2.0844e-03
 1.8720e+01  2.5268e-03
 1.8770e+01  2.5789e-03
 1.8810e+01  2.6374e-03
 1.8860e+01  1.6163e-03
 1.8900e+01  1.7419e-03
 1.8950e+01  2.4082e-03
 1.8990e+01  2.9106e-03
 1.9040e+01  4.3178e-03
 1.9080e+01  3.3975e-03
 1.9130e+01  2.9988e-03
 1.9170e+01  2.8255e-03
 1.9220e+01  2.3525e-03
 1.9270e+01  1.9036e-03
 1.9310e+01  1.8276e-03
 1.9360e+01  2.4068e-03
 1.9410e+01  2.5838e-03
 1.9450e+01  3.0300e-03
 1.9500e+01  2.8989e-03
 1.9550e+01  2.1659e-03
 1.9600e+01  1.8982e-03
 1.9640e+01  1.9325e-03
 1.9690e+01  1.9262e-03
 1.9740e+01  1.9571e-03
 1.9790e+01  2.3922e-03
 1.9830e+01  2.3811e-03
 1.9880e+01  2.0323e-03
 1.9930e+01  1.6803e-03
 1.9980e+01  1.8281e-03
 2.0030e+01  1.6334e-03
 2.0080e+01  2.9051e-03
 2.0130e+01  3.0010e-03
 2.0170e+01  3.3277e-03
 2.0220e+01  3.3233e-03
 2.0270e+01  3.2488e-03
 2.0320e+01  2.5441e-03
 2.0370e+01  2.1429e-03
 2.0420e+01  2.1284e-03
 2.0470e+01  2.5186e-03
 2.0520e+01  2.5869e-03
 2.0570e+01  3.7671e-03
 2.0620e+01  2.6883e-03
 2.0670e+01  2.7048e-03
 2.0720e+01  2.4010e-03
 2.0780e+01  2.6791e-03
 2.0830e+01  2.2078e-03
 2.0880e+01  2.1528e-03
 2.0930e+01  2.1642e-03
 2.0980e+01  2.3124e-03
 2.1030e+01  2.0980e-03
 2.1080e+01  2.9031e-03
 2.1140e+01  3.4759e-03
 2.1190e+01  3.3186e-03
 2.1240e+01  3.3530e-03
 2.1290e+01  3.3372e-03
 2.1350e+01  3.5325e-03
 2.1400e+01  3.0120e-03
 2.1450e+01  2.6772e-03
 2.1510e+01  2.5194e-03
 2.1560e+01  2.3389e-03
 2.1610e+01  2.2188e-03
 2.1670e+01  2.0007e-03
 2.1720e+01  2.7352e-03
 2.1780e+01  3.1393e-03
 2.1830e+01  4.1880e-03
 2.1880e+01  4.2028e-03
 2.1940e+01  2.6234e-03
 2.1990e+01  2.7717e-03
 2.2050e+01  2.5782e-03
 2.2100e+01  2.3537e-03
 2.2160e+01  1.6794e-03
 2.2210e+01  2.4875e-03
 2.2270e+01  2.4567e-03
 2.2330e+01  2.4015e-03
 2.2380e+01  1.6087e-03
 2.2440e+01  2.6382e-03
 2.2500e+01  3.3228e-03
 2.2550e+01  1.8236e-03
 2.2610e+01  1.9443e-03
 2.2670e+01  1.8221e-03
 2.2720e+01  1.9265e-03
 2.2780e+01  1.8060e-03
 2.2840e+01  2.2593e-03
 2.2900e+01  2.2431e-03
 2.2950e+01  2.2741e-03
 2.3010e+01  2.0639e-03
 2.3070e+01  2.6233e-03
 2.3130e+01  3.4647e-03
 2.3190e+01  3.4356e-03
 2.3250e+01  3.6444e-03
 2.3310e+01  3.5386e-03
 2.3370e+01  2.8326e-03
 2.3430e+01  3.1769e-03
 2.3490e+01  3.1298e-03
 2.3550e+01  3.3321e-03
 2.3610e+01  3.2963e-03
 2.3670e+01  3.3109e-03
 2.3730e+01  3.2096e-03
 2.3790e+01  3.1625e-03
 2.3850e+01  2.9817e-03
 2.3910e+01  2.7470e-03
 2.3970e+01  2.6329e-03
 2.4030e+01  3.4845e-03
 2.4090e+01  2.5288e-03
 2.4160e+01  2.2648e-03
 2.4220e+01  2.9094e-03
 2.4280e+01  2.4754e-03
 2.4340e+01  2.3336e-03
 2.4410e+01  2.3516e-03
 2.4470e+01  2.4465e-03
 2.4530e+01  2.6786e-03
 2.4600e+01  3.3562e-03
 2.4660e+01  3.0037e-03
 2.4720e+01  2.4846e-03
 2.4790e+01  2.4702e-03
 2.4850e+01  3.0126e-03
 2.4920e+01  2.9720e-03
 2.4980e+01  3.1288e-03
 2.5050e+01  3.3430e-03
 2.5110e+01  4.0685e-03
 2.5180e+01  3.8351e-03
 2.5240e+01  3.8125e-03
 2.5310e+01  3.5483e-03
 2.5380e+01  3.1304e-03
 2.5440e+01  1.6043e-03
 2.5510e+01  1.8007e-03
 2.5580e+01  2.2372e-03
 2.5640e+01  2.9222e-03
 2.5710e+01  3.3229e-03
 2.5780e+01  3.4296e-03
 2.5850e+01  4.8212e-03
 2.5920e+01  3.1262e-03
 2.5980e+01  2.8859e-03
 2.6050e+01  2.7863e-03
 2.6120e+01  2.7098e-03
 2.6190e+01  2.2062e-03
 2.6260e+01  2.2163e-03
 2.6330e+01  2.2852e-03
 2.6400e+01  2.1398e-03
 2.6470e+01  3.5011e-03
 2.6540e+01  3.5798e-03
 2.6610e+01  3.4199e-03
 2.6680e+01  3.5706e-03
 2.6750e+01  1.8314e-03
 2.6830e+01  1.7186e-03
 2.6900e+01  1.6958e-03
 2.6970e+01  2.4030e-03
 2.7040e+01  2.6733e-03
 2.7110e+01  2.2299e-03
 2.7190e+01  4.2766e-03
 2.7260e+01  3.2534e-03
 2.7330e+01  3.4075e-03
 2.7410e+01  3.8206e-03
 2.7480e+01  3.8698e-03
 2.7550e+01  3.8044e-03
 2.7630e+01  3.5803e-03
 2.7700e+01  2.0672e-03
 2.7780e+01  3.0501e-03
 2.7850e+01  3.2911e-03
 2.7930e+01  2.4380e-03
 2.8010e+01  2.3529e-03
 2.8080e+01  2.2678e-03
 2.8160e+01  2.4218e-03
 2.8230e+01  2.6759e-03
 2.8310e+01  3.5462e-03
 2.8390e+01  3.9856e-03
 2.8470e+01  4.0906e-03
 2.8540e+01  3.6564e-03
 2.8620e+01  3.7107e-03
 2.8700e+01  3.7028e-03
 2.8780e+01  3.3460e-03
 2.8860e+01  3.6805e-03
 2.8940e+01  3.7086e-03
 2.9020e+01  3.7924e-03
 2.9100e+01  3.0924e-03
 2.9180e+01  4.4289e-03
 2.9260e+01  4.5095e-03
 2.9340e+01  4.8441e-03
 2.9420e+01  3.9867e-03
 2.9500e+01  4.0853e-03
 2.9580e+01  3.2753e-03
 2.9670e+01  2.8556e-03
 2.9750e+01  2.4653e-03
 2.9830e+01  2.2490e-03
 2.9910e+01  2.2968e-03
 3.0000e+01  2.2692e-03
 3.0080e+01  2.4220e-03
 3.0170e+01  3.0784e-03
 3.0250e+01  3.3542e-03
 3.0340e+01  3.2444e-03
 3.0420e+01  4.7298e-03
 3.0510e+01  3.6550e-03
 3.0590e+01  3.3745e-03
 3.0680e+01  2.6493e-03
 3.0770e+01  2.3851e-03
 3.0850e+01  2.5822e-03
 3.0940e+01  2.4444e-03
 3.1030e+01  1.9751e-03
 3.1110e+01  2.9652e-03
 3.1200e+01  3.2806e-03
 3.1290e+01  3.7553e-03
 3.1380e+01  5.8720e-03
 3.1470e+01  4.9168e-03
 3.1560e+01  2.4538e-03
 3.1650e+01  2.3931e-03
 3.1740e+01  2.1025e-03
 3.1830e+01  2.0812e-03
 3.1920e+01  2.0221e-03
 3.2010e+01  2.1438e-03
 3.2110e+01  2.3657e-03
 3.2200e+01  2.9030e-03
 3.2290e+01  3.9399e-03
 3.2380e+01  4.4249e-03
 3.2480e+01  4.4793e-03
 3.2570e+01  4.2709e-03
 3.2670e+01  2.1922e-03
 3.2760e+01  2.3944e-03
 3.2860e+01  3.1520e-03
 3.2950e+01  3.5761e-03
 3.3050e+01  4.3488e-03
 3.3140e+01  4.4081e-03
 3.3240e+01  4.0433e-03
 3.3340e+01  3.9908e-03
 3.3440e+01  3.0590e-03
 3.3530e+01  1.8493e-03
 3.3630e+01  1.7458e-03
 3.3730e+01  2.5679e-03
 3.3830e+01  2.7097e-03
 3.3930e+01  2.7740e-03
 3.4030e+01  3.9925e-03
 3.4130e+01  4.1455e-03
 3.4230e+01  3.5717e-03
 3.4330e+01  3.5225e-03
 3.4440e+01  3.1707e-03
 3.4540e+01  2.8238e-03
 3.4640e+01  2.9703e-03
 3.4750e+01  4.0842e-03
 3.4850e+01  4.4169e-03
 3.4950e+01  5.3646e-03
 3.5060e+01  4.1656e-03
 3.5160e+01  3.7116e-03
 3.5270e+01  2.6160e-03
 3.5380e+01  4.2270e-03
 3.5480e+01  3.8602e-03
 3.5590e+01  2.9191e-03
 3.5700e+01  4.0267e-03
 3.5800e+01  4.6127e-03
 3.5910e+01  5.0801e-03
 3.6020e+01  5.6580e-03
 3.6130e+01  5.0756e-03
 3.6240e+01  3.5880e-03
 3.6350e+01  3.7017e-03
 3.6460e+01  3.1044e-03
 3.6580e+01  2.9152e-03
 3.6690e+01  4.1696e-03
 3.6800e+01  3.0945e-03
 3.6910e+01  3.4486e-03
 3.7030e+01  4.5814e-03
 3.7140e+01  3.8537e-03
 3.7260e+01  4.1086e-03
 3.7370e+01  3.3136e-03
 3.7490e+01  2.8690e-03
 3.7610e+01  3.5373e-03
 3.7720e+01  5.9007e-03
 3.7840e+01  5.3724e-03
 3.7960e+01  4.2942e-03
 3.8080e+01  4.8587e-03
 3.8200e+01  4.8863e-03
 3.8320e+01  2.1872e-03
 3.8440e+01  2.2530e-03
 3.8560e+01  3.5364e-03
 3.8680e+01  3.9542e-03
 3.8800e+01  4.6470e-03
 3.8930e+01  3.6741e-03
 3.9050e+01  3.1950e-03
 3.9170e+01  2.6420e-03
 3.9300e+01  2.9559e-03
 3.9420e+01  2.5659e-03
 3.9550e+01  2.9439e-03
 3.9680e+01  3.1031e-03
 3.9800e+01  3.0996e-03
 3.9930e+01  2.7607e-03
 4.0060e+01  2.4941e-03
 4.0190e+01  2.6039e-03
 4.0320e+01  3.0638e-03
 4.0450e+01  3.1476e-03
 4.0580e+01  6.5279e-03
 4.0710e+01  6.3661e-03
 4.0850e+01  5.4040e-03
 4.0980e+01  2.6809e-03
 4.1110e+01  3.8469e-03
 4.1250e+01  3.5854e-03
 4.1380e+01  3.6228e-03
 4.1520e+01  4.6896e-03
 4.1660e+01  4.6181e-03
 4.1800e+01  4.8293e-03
 4.1930e+01  4.1492e-03
 4.2070e+01  4.0304e-03
 4.2210e+01  3.2686e-03
 4.2350e+01  4.3771e-03
 4.2500e+01  4.7106e-03
 4.2640e+01  4.7036e-03
 4.2780e+01  4.5604e-03
 4.2920e+01  4.2089e-03
 4.3070e+01  3.8358e-03
 4.3220e+01  3.4567e-03
 4.3360e+01  3.2956e-03
 4.3510e+01  3.2048e-03
 4.3660e+01  3.1503e-03
 4.3810e+01  3.1429e-03
 4.3950e+01  4.9829e-03
 4.4110e+01  3.5987e-03
 4.4260e+01  4.7714e-03
 4.4410e+01  5.0191e-03
 4.4560e+01  4.6485e-03
 4.4720e+01  3.4073e-03
 4.4870e+01  3.1728e-03
 4.5030e+01  2.3808e-03
 4.5180e+01  3.4722e-03
 4.5340e+01  3.6381e-03
 4.5500e+01  6.4181e-03
 4.5660e+01  5.7663e-03
 4.5820e+01  5.7499e-03
 4.5980e+01  5.4851e-03
 4.6140e+01  4.6365e-03
 4.6310e+01  3.9921e-03
 4.6470e+01  4.4770e-03
 4.6640e+01  4.2373e-03
 4.6800e+01  4.0520e-03
 4.6970e+01  3.9123e-03
 4.7140e+01  3.6226e-03
 4.7310e+01  3.5727e-03
 4.7480e+01  3.7161e-03
 4.7650e+01  4.0465e-03
 4.7820e+01  5.2469e-03
 4.8000e+01  3.9522e-03
 4.8170e+01  3.6516e-03
 4.8350e+01  4.1417e-03
 4.8530e+01  3.6266e-03
 4.8700e+01  5.0499e-03
 4.8880e+01  3.9817e-03
 4.9070e+01  3.9520e-03
 4.9250e+01  3.5517e-03
 4.9430e+01  3.3914e-03
 4.9610e+01  2.9380e-03
 4.9800e+01  3.6158e-03
 4.9990e+01  3.7481e-03
 5.0180e+01  4.2502e-03
 5.0360e+01  4.3466e-03
 5.0560e+01  4.2099e-03
 5.0750e+01  3.8117e-03
 5.0940e+01  3.6705e-03
 5.1140e+01  3.6952e-03
 5.1330e+01  3.9033e-03
 5.1530e+01  4.3204e-03
 5.1730e+01  5.7529e-03
 5.1930e+01  6.1865e-03
 5.2130e+01  6.2753e-03
 5.2330e+01  6.1874e-03
 5.2540e+01  5.9213e-03
 5.2740e+01  5.6093e-03
 5.2950e+01  3.9534e-03
 5.3160e+01  4.1291e-03
 5.3370e+01  3.7657e-03
 5.3580e+01  3.6012e-03
 5.3800e+01  3.4238e-03
 5.4010e+01  3.4364e-03
 5.4230e+01  3.3226e-03
 5.4450e+01  3.3956e-03
 5.4670e+01  3.1291e-03
 5.4890e+01  3.2534e-03
 5.5110e+01  3.4187e-03
 5.5340e+01  4.9854e-03
 5.5570e+01  5.5396e-03
 5.5800e+01  5.6824e-03
 5.6030e+01  5.2297e-03
 5.6260e+01  4.0988e-03
 5.6490e+01  5.6019e-03
 5.6730e+01  6.0341e-03
 5.6970e+01  6.3628e-03
 5.7210e+01  6.4185e-03
 5.7450e+01  6.7481e-03
 5.7700e+01  5.1754e-03
 5.7940e+01  4.5800e-03
 5.8190e+01  4.5973e-03
 5.8440e+01  4.3567e-03
 5.8690e+01  4.4394e-03
 5.8950e+01  4.6854e-03
 5.9210e+01  5.3475e-03
 5.9470e+01  4.5077e-03
 5.9730e+01  4.2630e-03
 5.9990e+01  4.1577e-03
 6.0260e+01  4.2832e-03
 6.0530e+01  3.7452e-03
 6.0800e+01  4.5317e-03
 6.1070e+01  4.9522e-03
 6.1350e+01  5.4724e-03
 6.1630e+01  5.7363e-03
 6.1910e+01  5.7372e-03
 6.2200e+01  6.9961e-03
 6.2480e+01  6.3839e-03
 6.2770e+01  5.7307e-03
 6.3060e+01  5.8367e-03
 6.3360e+01  3.3691e-03
 6.3660e+01  3.6021e-03
 6.3960e+01  4.5656e-03
 6.4260e+01  4.6006e-03
 6.4570e+01  5.6308e-03
 6.4880e+01  6.7149e-03
 6.5200e+01  7.0055e-03
 6.5510e+01  5.8331e-03
 6.5830e+01  5.4396e-03
 6.6160e+01  6.1525e-03
 6.6480e+01  5.4536e-03
 6.6820e+01  4.2506e-03
 6.7150e+01  2.6213e-03
 6.7490e+01  4.7339e-03
 6.7830e+01  6.7890e-03
 6.8180e+01  7.6344e-03
 6.8530e+01  8.2304e-03
 6.8880e+01  4.9228e-03
 6.9240e+01  3.6961e-03
 6.9600e+01  3.4388e-03
