#      mass       lower
 2.1410e-01  2.6263e-05
 2.1420e-01  2.3564e-05
 2.1430e-01  1.3839e-05
 2.1450e-01  1.1235e-05
 2.1460e-01  9.8424e-06
 2.1470e-01  1.3565e-05
 2.1490e-01  2.0506e-05
 2.1500e-01  2.8611e-05
 2.1520e-01  3.1827e-05
 2.1530e-01  2.5601e-05
 2.1550e-01  2.4707e-05
 2.1560e-01  1.7700e-05
 2.1580e-01  1.6070e-05
 2.1590e-01  1.6432e-05
 2.1610e-01  1.8083e-05
 2.1620e-01  1.8535e-05
 2.1640e-01  2.6661e-05
 2.1660e-01  2.1107e-05
 2.1670e-01  2.0015e-05
 2.1690e-01  2.1700e-05
 2.1710e-01  2.3684e-05
 2.1730e-01  2.5822e-05
 2.1750e-01  3.1518e-05
 2.1770e-01  1.9738e-05
 2.1780e-01  1.2402e-05
 2.1800e-01  1.7395e-05
 2.1820e-01  1.2392e-05
 2.1840e-01  1.0853e-05
 2.1860e-01  1.0467e-05
 2.1880e-01  1.5268e-05
 2.1910e-01  2.1690e-05
 2.1930e-01  2.6263e-05
 2.1950e-01  2.8237e-05
 2.1970e-01  2.8284e-05
 2.1990e-01  2.8113e-05
 2.2010e-01  2.7853e-05
 2.2040e-01  2.9234e-05
 2.2060e-01  2.9658e-05
 2.2080e-01  2.6048e-05
 2.2110e-01  2.5915e-05
 2.2130e-01  2.5332e-05
 2.2160e-01  2.2390e-05
 2.2180e-01  1.4576e-05
 2.2200e-01  2.1228e-05
 2.2230e-01  1.5395e-05
 2.2260e-01  2.3799e-05
 2.2280e-01  2.3862e-05
 2.2310e-01  2.0367e-05
 2.2330e-01  1.9602e-05
 2.2360e-01  1.6298e-05
 2.2390e-01  1.5117e-05
 2.2410e-01  1.4758e-05
 2.2440e-01  1.7168e-05
 2.2470e-01  1.7922e-05
 2.2500e-01  2.2435e-05
 2.2530e-01  2.6537e-05
 2.2560e-01  2.9365e-05
 2.2590e-01  2.5226e-05
 2.2620e-01  2.0389e-05
 2.2650e-01  2.1216e-05
 2.2680e-01  1.4400e-05
 2.2710e-01  1.4291e-05
 2.2740e-01  1.6433e-05
 2.2770e-01  2.2080e-05
 2.2800e-01  1.8080e-05
 2.2830e-01  2.1737e-05
 2.2860e-01  2.8443e-05
 2.2900e-01  3.3875e-05
 2.2930e-01  2.9109e-05
 2.2960e-01  2.7611e-05
 2.3000e-01  2.4524e-05
 2.3030e-01  2.2584e-05
 2.3060e-01  2.1357e-05
 2.3100e-01  2.1399e-05
 2.3130e-01  2.3618e-05
 2.3170e-01  2.4826e-05
 2.3200e-01  2.2971e-05
 2.3240e-01  2.1426e-05
 2.3270e-01  1.4307e-05
 2.3310e-01  1.2777e-05
 2.3350e-01  1.2980e-05
 2.3380e-01  1.6085e-05
 2.3420e-01  1.9949e-05
 2.3460e-01  2.3813e-05
 2.3500e-01  2.9207e-05
 2.3530e-01  2.5244e-05
 2.3570e-01  2.5619e-05
 2.3610e-01  2.2769e-05
 2.3650e-01  3.0458e-05
 2.3690e-01  3.1320e-05
 2.3730e-01  2.9626e-05
 2.3770e-01  2.1752e-05
 2.3810e-01  2.1064e-05
 2.3850e-01  2.5654e-05
 2.3890e-01  2.7792e-05
 2.3930e-01  2.1070e-05
 2.3980e-01  1.8663e-05
 2.4020e-01  1.8595e-05
 2.4060e-01  1.9631e-05
 2.4100e-01  2.6021e-05
 2.4150e-01  2.3939e-05
 2.4190e-01  2.1399e-05
 2.4230e-01  1.3758e-05
 2.4280e-01  1.6786e-05
 2.4320e-01  1.4867e-05
 2.4370e-01  1.7917e-05
 2.4410e-01  2.4710e-05
 2.4460e-01  2.7866e-05
 2.4500e-01  3.4641e-05
 2.4550e-01  3.2286e-05
 2.4600e-01  3.2098e-05
 2.4640e-01  2.5694e-05
 2.4690e-01  3.1879e-05
 2.4740e-01  2.8072e-05
 2.4780e-01  1.9710e-05
 2.4830e-01  2.5489e-05
 2.4880e-01  2.5834e-05
 2.4930e-01  1.5640e-05
 2.4980e-01  1.4216e-05
 2.5030e-01  1.3558e-05
 2.5080e-01  1.4513e-05
 2.5130e-01  2.1535e-05
 2.5180e-01  2.2359e-05
 2.5230e-01  1.9156e-05
 2.5280e-01  1.6979e-05
 2.5330e-01  1.5732e-05
 2.5380e-01  1.8638e-05
 2.5430e-01  2.2732e-05
 2.5480e-01  3.2071e-05
 2.5540e-01  2.7642e-05
 2.5590e-01  2.5706e-05
 2.5640e-01  2.4777e-05
 2.5700e-01  2.7224e-05
 2.5750e-01  1.8374e-05
 2.5800e-01  2.5338e-05
 2.5860e-01  1.6976e-05
 2.5910e-01  2.1505e-05
 2.5970e-01  2.3866e-05
 2.6020e-01  2.5662e-05
 2.6080e-01  2.5545e-05
 2.6130e-01  2.4699e-05
 2.6190e-01  2.4401e-05
 2.6250e-01  3.0241e-05
 2.6300e-01  2.9904e-05
 2.6360e-01  2.9270e-05
 2.6420e-01  2.0475e-05
 2.6480e-01  1.3652e-05
 2.6530e-01  1.5186e-05
 2.6590e-01  1.6070e-05
 2.6650e-01  2.8251e-05
 2.6710e-01  4.1341e-05
 2.6770e-01  3.4342e-05
 2.6830e-01  3.0371e-05
 2.6890e-01  1.7338e-05
 2.6950e-01  1.5735e-05
 2.7010e-01  1.8672e-05
 2.7070e-01  1.5322e-05
 2.7130e-01  2.5831e-05
 2.7190e-01  2.6843e-05
 2.7260e-01  2.9786e-05
 2.7320e-01  2.9858e-05
 2.7380e-01  3.2197e-05
 2.7440e-01  2.6447e-05
 2.7510e-01  2.2848e-05
 2.7570e-01  2.1272e-05
 2.7630e-01  1.6267e-05
 2.7700e-01  1.4479e-05
 2.7760e-01  1.2213e-05
 2.7830e-01  1.1569e-05
 2.7890e-01  2.2126e-05
 2.7960e-01  2.8358e-05
 2.8020e-01  3.3590e-05
 2.8090e-01  4.5257e-05
 2.8160e-01  4.4459e-05
 2.8220e-01  3.3787e-05
 2.8290e-01  2.7348e-05
 2.8360e-01  1.3748e-05
 2.8420e-01  1.2618e-05
 2.8490e-01  1.5430e-05
 2.8560e-01  1.9039e-05
 2.8630e-01  2.6804e-05
 2.8700e-01  3.4261e-05
 2.8770e-01  4.1477e-05
 2.8830e-01  3.3197e-05
 2.8900e-01  3.4030e-05
 2.8970e-01  2.7764e-05
 2.9040e-01  3.2500e-05
 2.9120e-01  2.1044e-05
 2.9190e-01  1.2124e-05
 2.9260e-01  1.1231e-05
 2.9330e-01  1.3316e-05
 2.9400e-01  2.2210e-05
 2.9470e-01  3.5286e-05
 2.9540e-01  4.2784e-05
 2.9620e-01  3.0641e-05
 2.9690e-01  3.3898e-05
 2.9760e-01  2.3412e-05
 2.9840e-01  2.0176e-05
 2.9910e-01  1.7530e-05
 2.9990e-01  1.1207e-05
 3.0060e-01  1.5635e-05
 3.0140e-01  2.1013e-05
 3.0210e-01  3.1091e-05
 3.0290e-01  3.4924e-05
 3.0360e-01  3.5442e-05
 3.0440e-01  3.5757e-05
 3.0510e-01  3.5768e-05
 3.0590e-01  3.0713e-05
 3.0670e-01  2.8829e-05
 3.0740e-01  2.5350e-05
 3.0820e-01  2.3140e-05
 3.0900e-01  2.6748e-05
 3.0980e-01  2.1807e-05
 3.1060e-01  1.8958e-05
 3.1130e-01  2.2225e-05
 3.1210e-01  2.7259e-05
 3.1290e-01  3.1522e-05
 3.1370e-01  2.7428e-05
 3.1450e-01  1.5835e-05
 3.1530e-01  1.6097e-05
 3.1610e-01  1.3685e-05
 3.1690e-01  1.1809e-05
 3.1780e-01  2.8332e-05
 3.1860e-01  3.4117e-05
 3.1940e-01  3.8343e-05
 3.2020e-01  3.9988e-05
 3.2100e-01  3.7602e-05
 3.2190e-01  3.7066e-05
 3.2270e-01  3.5624e-05
 3.2350e-01  3.2467e-05
 3.2430e-01  2.1587e-05
 3.2520e-01  1.4990e-05
 3.2600e-01  1.3515e-05
 3.2690e-01  1.6729e-05
 3.2770e-01  2.0738e-05
 3.2860e-01  2.9346e-05
 3.2940e-01  3.7296e-05
 3.3030e-01  4.1017e-05
 3.3110e-01  3.2477e-05
 3.3200e-01  3.4380e-05
 3.3280e-01  2.2680e-05
 3.3370e-01  2.1239e-05
 3.3460e-01  2.0627e-05
 3.3550e-01  2.0379e-05
 3.3630e-01  2.1011e-05
 3.3720e-01  1.8908e-05
 3.3810e-01  2.1475e-05
 3.3900e-01  2.8802e-05
 3.3990e-01  2.2394e-05
 3.4080e-01  2.6028e-05
 3.4160e-01  2.7400e-05
 3.4250e-01  1.9757e-05
 3.4340e-01  1.7486e-05
 3.4430e-01  2.1170e-05
 3.4520e-01  1.9067e-05
 3.4620e-01  2.6662e-05
 3.4710e-01  3.0209e-05
 3.4800e-01  3.8159e-05
 3.4890e-01  4.2436e-05
 3.4980e-01  3.1455e-05
 3.5070e-01  2.4770e-05
 3.5170e-01  2.0514e-05
 3.5260e-01  1.9339e-05
 3.5350e-01  1.6139e-05
 3.5440e-01  1.8718e-05
 3.5540e-01  3.2934e-05
 3.5630e-01  4.4975e-05
 3.5730e-01  4.7849e-05
 3.5820e-01  5.2599e-05
 3.5920e-01  4.2423e-05
 3.6010e-01  3.5290e-05
 3.6110e-01  2.9155e-05
 3.6200e-01  2.4938e-05
 3.6300e-01  2.3683e-05
 3.6390e-01  2.1944e-05
 3.6490e-01  2.1707e-05
 3.6590e-01  2.1788e-05
 3.6680e-01  3.2142e-05
 3.6780e-01  2.7900e-05
 3.6880e-01  2.7570e-05
 3.6980e-01  2.3861e-05
 3.7070e-01  2.0011e-05
 3.7170e-01  2.0283e-05
 3.7270e-01  2.1535e-05
 3.7370e-01  2.4469e-05
 3.7470e-01  2.8087e-05
 3.7570e-01  2.7135e-05
 3.7670e-01  2.4697e-05
 3.7770e-01  3.1441e-05
 3.7870e-01  2.4207e-05
 3.7970e-01  3.3216e-05
 3.8070e-01  3.3663e-05
 3.8170e-01  4.6597e-05
 3.8270e-01  3.5807e-05
 3.8380e-01  3.7905e-05
 3.8480e-01  3.7781e-05
 3.8580e-01  2.3304e-05
 3.8680e-01  4.1221e-05
 3.8790e-01  4.4194e-05
 3.8890e-01  4.0875e-05
 3.8990e-01  4.1814e-05
 3.9100e-01  4.9711e-05
 3.9200e-01  3.4874e-05
 3.9310e-01  2.8681e-05
 3.9410e-01  2.6372e-05
 3.9520e-01  2.3423e-05
 3.9620e-01  2.2518e-05
 3.9730e-01  2.3094e-05
 3.9830e-01  2.8043e-05
 3.9940e-01  3.0436e-05
 4.0040e-01  3.6008e-05
 4.0150e-01  3.3637e-05
 4.0260e-01  3.2818e-05
 4.0360e-01  2.5489e-05
 4.0470e-01  4.0856e-05
 4.0580e-01  4.1864e-05
 4.0690e-01  2.5076e-05
 4.0800e-01  2.4844e-05
 4.0900e-01  3.0144e-05
 4.1010e-01  2.6960e-05
 4.1120e-01  2.4356e-05
 4.1230e-01  2.3861e-05
 4.1340e-01  2.6219e-05
 4.1450e-01  3.5901e-05
 4.1560e-01  2.8434e-05
 4.1670e-01  4.3135e-05
 4.1780e-01  2.5897e-05
 4.1890e-01  2.6734e-05
 4.2010e-01  3.1033e-05
 4.2120e-01  3.9949e-05
 4.2230e-01  4.8078e-05
 4.2340e-01  5.3821e-05
 4.2450e-01  5.5854e-05
 4.2570e-01  5.3781e-05
 4.2680e-01  5.0219e-05
 4.2790e-01  4.3824e-05
 4.2910e-01  3.5710e-05
 4.3020e-01  2.8789e-05
 4.3140e-01  2.0080e-05
 4.3250e-01  2.0521e-05
 4.3360e-01  3.6539e-05
 4.3480e-01  4.1042e-05
 4.3600e-01  4.0382e-05
 4.3710e-01  3.8870e-05
 4.3830e-01  4.5833e-05
 4.3940e-01  2.6200e-05
 4.4060e-01  2.2657e-05
 4.4180e-01  2.1113e-05
 4.4290e-01  2.5193e-05
 4.4410e-01  5.1019e-05
 4.4530e-01  5.4949e-05
 4.4650e-01  4.6112e-05
 4.4760e-01  4.8737e-05
 4.4880e-01  4.9155e-05
 4.5000e-01  4.8297e-05
 4.5120e-01  3.1630e-05
 4.5240e-01  2.7991e-05
 4.5360e-01  2.8299e-05
 4.5480e-01  3.4525e-05
 4.5600e-01  3.5972e-05
 4.5720e-01  3.9279e-05
 4.5840e-01  4.3943e-05
 4.5960e-01  4.6115e-05
 4.6080e-01  4.9722e-05
 4.6200e-01  4.8260e-05
 4.6320e-01  4.1679e-05
 4.6450e-01  3.5395e-05
 4.6570e-01  2.6951e-05
 4.6690e-01  4.0696e-05
 4.6810e-01  3.7064e-05
 4.6940e-01  3.6491e-05
 4.7060e-01  3.3442e-05
 4.7180e-01  3.9915e-05
 4.7310e-01  3.8003e-05
 4.7430e-01  5.1979e-05
 4.7560e-01  5.2410e-05
 4.7680e-01  5.9306e-05
 4.7810e-01  4.6178e-05
 4.7930e-01  4.9650e-05
 4.8060e-01  4.4881e-05
 4.8180e-01  3.3185e-05
 4.8310e-01  2.5963e-05
 4.8440e-01  2.2947e-05
 4.8560e-01  3.0218e-05
 4.8690e-01  5.0988e-05
 4.8820e-01  3.5507e-05
 4.8950e-01  4.0603e-05
 4.9070e-01  6.7554e-05
 4.9200e-01  6.3823e-05
 4.9330e-01  4.9335e-05
 4.9460e-01  3.7471e-05
 4.9590e-01  2.3823e-05
 4.9720e-01  2.7411e-05
 4.9850e-01  2.2182e-05
 4.9980e-01  2.3298e-05
 5.0110e-01  2.1567e-05
 5.0240e-01  2.3663e-05
 5.0370e-01  2.8290e-05
 5.0500e-01  5.4698e-05
 5.0630e-01  7.1022e-05
 5.0760e-01  6.8656e-05
 5.0900e-01  5.7765e-05
 5.1030e-01  2.3450e-05
 5.1160e-01  1.7196e-05
 5.1290e-01  2.1078e-05
 5.1430e-01  2.7991e-05
 5.1560e-01  3.4255e-05
 5.1690e-01  4.3344e-05
 5.1830e-01  6.2795e-05
 5.1960e-01  6.4918e-05
 5.2100e-01  3.0993e-05
 5.2230e-01  2.7026e-05
 5.2370e-01  2.1338e-05
 5.3000e-01  1.0000e+05
 5.7270e-01  4.9120e-05
 5.7420e-01  4.3442e-05
 5.7570e-01  5.2444e-05
 5.7710e-01  6.7325e-05
 5.7860e-01  6.3632e-05
 5.8010e-01  3.8256e-05
 5.8150e-01  3.5564e-05
 5.8300e-01  2.6908e-05
 5.8450e-01  2.6245e-05
 5.8590e-01  2.2383e-05
 5.8740e-01  2.6719e-05
 5.8890e-01  3.8781e-05
 5.9040e-01  3.2894e-05
 5.9190e-01  5.0180e-05
 5.9340e-01  4.2317e-05
 5.9490e-01  5.4817e-05
 5.9640e-01  6.0884e-05
 5.9790e-01  5.7292e-05
 5.9940e-01  4.8679e-05
 6.0090e-01  1.8767e-05
 6.0240e-01  1.5202e-05
 6.0390e-01  1.8112e-05
 6.0540e-01  1.9994e-05
 6.0700e-01  3.4974e-05
 6.0850e-01  3.9757e-05
 6.1000e-01  4.8107e-05
 6.1150e-01  5.6758e-05
 6.1310e-01  7.4488e-05
 6.1460e-01  5.7187e-05
 6.1610e-01  3.9808e-05
 6.1770e-01  2.7882e-05
 6.1920e-01  1.4188e-05
 6.2080e-01  1.1391e-05
 6.2230e-01  1.2308e-05
 6.2390e-01  2.2488e-05
 6.2540e-01  3.9623e-05
 6.2700e-01  5.5942e-05
 6.2850e-01  5.8010e-05
 6.3010e-01  6.3603e-05
 6.3170e-01  3.4412e-05
 6.3320e-01  2.3575e-05
 6.3480e-01  1.9862e-05
 6.3640e-01  1.7384e-05
 6.3800e-01  2.7221e-05
 6.3960e-01  3.3144e-05
 6.4110e-01  3.5926e-05
 6.4270e-01  3.9101e-05
 6.4430e-01  4.0203e-05
 6.4590e-01  2.0556e-05
 6.4750e-01  2.6079e-05
 6.4910e-01  2.1537e-05
 6.5070e-01  2.3559e-05
 6.5230e-01  4.7320e-05
 6.5390e-01  3.7699e-05
 6.5560e-01  2.8315e-05
 6.5720e-01  3.1102e-05
 6.5880e-01  2.6822e-05
 6.6040e-01  2.2691e-05
 6.6200e-01  1.8161e-05
 6.6370e-01  1.9796e-05
 6.6530e-01  2.6557e-05
 6.6690e-01  1.9463e-05
 6.6860e-01  2.1384e-05
 6.7020e-01  2.5639e-05
 6.7190e-01  3.1912e-05
 6.7350e-01  3.3039e-05
 6.7520e-01  3.1954e-05
 6.7680e-01  2.3851e-05
 6.7850e-01  3.2107e-05
 6.8010e-01  1.7919e-05
 6.8180e-01  3.0016e-05
 6.8350e-01  2.2297e-05
 6.8510e-01  3.2800e-05
 6.8680e-01  3.0082e-05
 6.8850e-01  2.5930e-05
 6.9010e-01  1.6796e-05
 6.9180e-01  1.2975e-05
 6.9350e-01  1.4746e-05
 6.9520e-01  1.3479e-05
 6.9690e-01  1.5826e-05
 6.9860e-01  1.5464e-05
 7.0030e-01  1.4400e-05
 7.0200e-01  1.2907e-05
 7.0370e-01  1.5316e-05
 7.0540e-01  1.7771e-05
 7.0710e-01  1.7171e-05
 7.0880e-01  2.0515e-05
 7.1050e-01  1.4120e-05
 7.1230e-01  1.6389e-05
 7.1400e-01  2.2427e-05
 7.1570e-01  2.1276e-05
 7.1740e-01  2.4928e-05
 7.1920e-01  1.5373e-05
 7.2090e-01  2.4450e-05
 7.2260e-01  1.7750e-05
 7.2440e-01  1.2651e-05
 7.2610e-01  1.0617e-05
 7.2790e-01  1.0815e-05
 7.2960e-01  1.2812e-05
 7.3140e-01  1.0792e-05
 7.3310e-01  1.7008e-05
 7.3490e-01  2.3323e-05
 7.3670e-01  2.2514e-05
 7.3840e-01  2.0456e-05
 7.4020e-01  1.8990e-05
 7.5000e-01  1.0000e+05
 8.2750e-01  1.1704e-05
 8.2940e-01  2.8505e-05
 8.3140e-01  2.5667e-05
 8.3330e-01  2.3207e-05
 8.3530e-01  1.6968e-05
 8.3720e-01  1.1289e-05
 8.3920e-01  1.0896e-05
 8.4110e-01  1.1984e-05
 8.4310e-01  1.0665e-05
 8.4500e-01  1.2083e-05
 8.4700e-01  2.8248e-05
 8.4890e-01  3.2375e-05
 8.5090e-01  3.3840e-05
 8.5290e-01  2.8266e-05
 8.5490e-01  2.1045e-05
 8.5680e-01  2.2375e-05
 8.5880e-01  2.6898e-05
 8.6080e-01  2.4057e-05
 8.6280e-01  2.5654e-05
 8.6480e-01  1.9315e-05
 8.6680e-01  2.9917e-05
 8.6880e-01  3.1058e-05
 8.7080e-01  3.5995e-05
 8.7280e-01  3.0784e-05
 8.7480e-01  2.3674e-05
 8.7680e-01  2.8989e-05
 8.7890e-01  1.6999e-05
 8.8090e-01  3.0379e-05
 8.8290e-01  2.1592e-05
 8.8490e-01  2.1813e-05
 8.8700e-01  2.3109e-05
 8.8900e-01  3.0817e-05
 8.9100e-01  2.8512e-05
 8.9310e-01  3.2524e-05
 8.9510e-01  3.4907e-05
 8.9720e-01  2.2346e-05
 8.9920e-01  2.3789e-05
 9.0130e-01  3.1091e-05
 9.0330e-01  1.8481e-05
 9.0540e-01  3.7979e-05
 9.0750e-01  4.9462e-05
 9.0960e-01  5.9266e-05
 9.1160e-01  4.0664e-05
 9.1370e-01  3.5489e-05
 9.1580e-01  1.9916e-05
 9.1790e-01  1.4982e-05
 9.2000e-01  4.2180e-05
 9.2210e-01  5.8762e-05
 9.2420e-01  6.4989e-05
 9.2630e-01  4.3468e-05
 9.2840e-01  4.5145e-05
 9.3050e-01  1.8997e-05
 9.3260e-01  1.2602e-05
 9.3470e-01  4.2012e-05
 9.3680e-01  4.0536e-05
 9.3890e-01  1.5686e-05
 9.4110e-01  4.1395e-05
 9.4320e-01  6.9148e-05
 9.4530e-01  7.9713e-05
 9.4750e-01  7.3257e-05
 9.4960e-01  6.3056e-05
 9.5180e-01  3.7214e-05
 9.5390e-01  2.2897e-05
 9.5610e-01  5.6299e-05
 9.5820e-01  6.1642e-05
 9.6000e-01  1.0000e+05
 1.1620e+00  4.8643e-05
 1.1650e+00  4.9949e-05
 1.1670e+00  5.3858e-05
 1.1700e+00  5.0779e-05
 1.1720e+00  4.9285e-05
 1.1750e+00  5.5390e-05
 1.1780e+00  6.5632e-05
 1.1800e+00  6.1019e-05
 1.1830e+00  5.0877e-05
 1.1850e+00  3.4716e-05
 1.1880e+00  3.5108e-05
 1.1900e+00  5.7448e-05
 1.1930e+00  5.9372e-05
 1.1950e+00  6.5204e-05
 1.1980e+00  6.6034e-05
 1.2000e+00  6.3191e-05
 1.2030e+00  5.4012e-05
 1.2060e+00  4.3662e-05
 1.2080e+00  3.6935e-05
 1.2110e+00  3.6433e-05
 1.2130e+00  4.9188e-05
 1.2160e+00  3.6625e-05
 1.2190e+00  3.4743e-05
 1.2210e+00  3.6361e-05
 1.2240e+00  4.7017e-05
 1.2260e+00  5.5449e-05
 1.2290e+00  4.9468e-05
 1.2320e+00  5.8587e-05
 1.2340e+00  4.2874e-05
 1.2370e+00  6.6605e-05
 1.2400e+00  6.0055e-05
 1.2420e+00  6.1920e-05
 1.2450e+00  6.5893e-05
 1.2470e+00  6.8040e-05
 1.2500e+00  7.0558e-05
 1.2530e+00  7.2374e-05
 1.2550e+00  7.1048e-05
 1.2580e+00  6.8664e-05
 1.2610e+00  6.8871e-05
 1.2630e+00  4.7961e-05
 1.2660e+00  4.0905e-05
 1.2690e+00  3.5960e-05
 1.2710e+00  3.1496e-05
 1.2740e+00  2.7397e-05
 1.2770e+00  3.6042e-05
 1.2800e+00  4.9525e-05
 1.2820e+00  5.9638e-05
 1.2850e+00  6.8520e-05
 1.2880e+00  7.6246e-05
 1.2900e+00  6.9829e-05
 1.2930e+00  6.3219e-05
 1.2960e+00  4.5504e-05
 1.2990e+00  3.1242e-05
 1.3010e+00  3.5526e-05
 1.3040e+00  7.1785e-05
 1.3070e+00  6.7621e-05
 1.3100e+00  6.1453e-05
 1.3120e+00  5.8302e-05
 1.3150e+00  6.6073e-05
 1.3180e+00  3.6304e-05
 1.3210e+00  3.5438e-05
 1.3230e+00  3.3232e-05
 1.3260e+00  2.6608e-05
 1.3290e+00  3.0421e-05
 1.3320e+00  3.5148e-05
 1.3350e+00  3.6326e-05
 1.3370e+00  4.0938e-05
 1.3400e+00  4.4315e-05
 1.3430e+00  5.0431e-05
 1.3460e+00  4.2781e-05
 1.3490e+00  6.3543e-05
 1.3510e+00  7.9498e-05
 1.3540e+00  5.3977e-05
 1.3570e+00  4.9217e-05
 1.3600e+00  4.9683e-05
 1.3630e+00  6.4871e-05
 1.3660e+00  5.2700e-05
 1.3680e+00  5.0744e-05
 1.3710e+00  7.3751e-05
 1.3740e+00  6.5541e-05
 1.3770e+00  8.2812e-05
 1.3800e+00  8.4134e-05
 1.3830e+00  3.2851e-05
 1.3860e+00  3.4418e-05
 1.3890e+00  3.5146e-05
 1.3910e+00  4.5278e-05
 1.3940e+00  5.1199e-05
 1.3970e+00  6.9174e-05
 1.4000e+00  7.7085e-05
 1.4030e+00  8.3862e-05
 1.4060e+00  8.4057e-05
 1.4090e+00  8.4562e-05
 1.4120e+00  5.3814e-05
 1.4150e+00  4.2738e-05
 1.4180e+00  4.4886e-05
 1.4210e+00  3.5443e-05
 1.4230e+00  6.0014e-05
 1.4260e+00  3.9349e-05
 1.4290e+00  5.3337e-05
 1.4320e+00  5.2258e-05
 1.4350e+00  5.9014e-05
 1.4380e+00  5.7266e-05
 1.4410e+00  5.0539e-05
 1.4440e+00  5.2317e-05
 1.4470e+00  4.7004e-05
 1.4500e+00  5.1138e-05
 1.4530e+00  6.6264e-05
 1.4560e+00  7.0298e-05
 1.4590e+00  8.4047e-05
 1.4620e+00  9.3405e-05
 1.4650e+00  8.8630e-05
 1.4680e+00  9.3150e-05
 1.4710e+00  6.5908e-05
 1.4740e+00  5.9324e-05
 1.4770e+00  6.8941e-05
 1.4800e+00  6.0530e-05
 1.4830e+00  6.9762e-05
 1.4860e+00  6.5977e-05
 1.4890e+00  4.8435e-05
 1.4920e+00  5.3993e-05
 1.4960e+00  5.7857e-05
 1.4990e+00  7.5173e-05
 1.5020e+00  7.6490e-05
 1.5050e+00  7.3673e-05
 1.5080e+00  7.1302e-05
 1.5110e+00  7.7823e-05
 1.5140e+00  7.1060e-05
 1.5170e+00  5.5710e-05
 1.5200e+00  4.1599e-05
 1.5230e+00  3.9749e-05
 1.5260e+00  4.0912e-05
 1.5300e+00  4.1590e-05
 1.5330e+00  4.6710e-05
 1.5360e+00  4.6038e-05
 1.5390e+00  5.6950e-05
 1.5420e+00  8.1649e-05
 1.5450e+00  9.0619e-05
 1.5480e+00  7.5008e-05
 1.5510e+00  7.7857e-05
 1.5550e+00  5.8013e-05
 1.5580e+00  5.9737e-05
 1.5610e+00  7.3975e-05
 1.5640e+00  7.1448e-05
 1.5670e+00  6.9501e-05
 1.5700e+00  5.8920e-05
 1.5740e+00  5.2373e-05
 1.5770e+00  4.4113e-05
 1.5800e+00  4.0572e-05
 1.5830e+00  4.4612e-05
 1.5860e+00  7.5691e-05
 1.5900e+00  4.4348e-05
 1.5930e+00  5.3889e-05
 1.5960e+00  8.4006e-05
 1.5990e+00  8.7953e-05
 1.6030e+00  9.6030e-05
 1.6060e+00  7.1290e-05
 1.6090e+00  6.2314e-05
 1.6120e+00  6.3604e-05
 1.6160e+00  6.5454e-05
 1.6190e+00  6.9137e-05
 1.6220e+00  7.6303e-05
 1.6250e+00  5.1373e-05
 1.6290e+00  6.8351e-05
 1.6320e+00  6.6526e-05
 1.6350e+00  7.3498e-05
 1.6390e+00  6.1636e-05
 1.6420e+00  5.7069e-05
 1.6450e+00  5.2670e-05
 1.6480e+00  5.0912e-05
 1.6520e+00  4.5971e-05
 1.6550e+00  4.4510e-05
 1.6580e+00  5.3691e-05
 1.6620e+00  6.5231e-05
 1.6650e+00  5.1110e-05
 1.6680e+00  1.1248e-04
 1.6720e+00  8.2474e-05
 1.6750e+00  1.0142e-04
 1.6790e+00  9.2846e-05
 1.6820e+00  7.0508e-05
 1.6850e+00  7.7847e-05
 1.6890e+00  6.7399e-05
 1.6920e+00  4.9578e-05
 1.6950e+00  4.0343e-05
 1.6990e+00  7.1522e-05
 1.7020e+00  6.1130e-05
 1.7060e+00  5.2320e-05
 1.7090e+00  4.9327e-05
 1.7120e+00  4.3761e-05
 1.7160e+00  5.9556e-05
 1.7190e+00  6.8195e-05
 1.7230e+00  5.7639e-05
 1.7260e+00  6.4287e-05
 1.7300e+00  8.2417e-05
 1.7330e+00  8.4708e-05
 1.7370e+00  9.9149e-05
 1.7400e+00  9.7297e-05
 1.7430e+00  3.9807e-05
 1.7470e+00  3.0189e-05
 1.7500e+00  2.8021e-05
 1.7540e+00  3.1383e-05
 1.7570e+00  9.5957e-05
 1.7610e+00  1.0051e-04
 1.7640e+00  1.0173e-04
 1.7680e+00  1.0619e-04
 1.7710e+00  8.8945e-05
 1.7750e+00  7.4565e-05
 1.7780e+00  4.6566e-05
 1.7820e+00  3.8446e-05
 1.7860e+00  4.1371e-05
 1.7890e+00  4.2619e-05
 1.7930e+00  4.7645e-05
 1.7960e+00  6.7482e-05
 1.8000e+00  5.9206e-05
 1.8030e+00  6.1734e-05
 1.8070e+00  6.4521e-05
 1.8100e+00  5.0079e-05
 1.8140e+00  4.0642e-05
 1.8180e+00  3.7035e-05
 1.8210e+00  4.4509e-05
 1.8250e+00  6.4137e-05
 1.8280e+00  8.6818e-05
 1.8320e+00  8.8017e-05
 1.8360e+00  7.3420e-05
 1.8390e+00  6.4190e-05
 1.8430e+00  4.8537e-05
 1.8470e+00  4.9589e-05
 1.8500e+00  6.2780e-05
 1.8540e+00  7.3839e-05
 1.8570e+00  7.7703e-05
 1.8610e+00  6.1292e-05
 1.8650e+00  5.6244e-05
 1.8680e+00  6.4633e-05
 1.8720e+00  6.7591e-05
 1.8760e+00  6.4619e-05
 1.8800e+00  6.7869e-05
 1.8830e+00  5.9767e-05
 1.8870e+00  5.5571e-05
 1.8910e+00  4.6350e-05
 1.8940e+00  5.4734e-05
 1.8980e+00  4.2382e-05
 1.9020e+00  7.9176e-05
 1.9060e+00  8.7956e-05
 1.9090e+00  8.7136e-05
 1.9130e+00  9.2236e-05
 1.9170e+00  8.3974e-05
 1.9210e+00  8.7851e-05
 1.9240e+00  8.9023e-05
 1.9280e+00  8.4976e-05
 1.9320e+00  8.4129e-05
 1.9360e+00  7.7835e-05
 1.9390e+00  8.3365e-05
 1.9430e+00  6.0527e-05
 1.9470e+00  5.5530e-05
 1.9510e+00  6.3586e-05
 1.9550e+00  6.6840e-05
 1.9580e+00  6.7667e-05
 1.9620e+00  6.9921e-05
 1.9660e+00  7.8734e-05
 1.9700e+00  6.5083e-05
 1.9740e+00  6.3839e-05
 1.9780e+00  7.2186e-05
 1.9820e+00  6.5172e-05
 1.9850e+00  5.7393e-05
 1.9890e+00  4.2474e-05
 1.9930e+00  6.8052e-05
 1.9970e+00  5.0232e-05
 2.0010e+00  6.7041e-05
 2.0050e+00  6.5679e-05
 2.0090e+00  6.1449e-05
 2.0130e+00  4.8244e-05
 2.0170e+00  4.8739e-05
 2.0200e+00  6.1893e-05
 2.0240e+00  8.8284e-05
 2.0280e+00  6.0627e-05
 2.0320e+00  8.0427e-05
 2.0360e+00  7.7201e-05
 2.0400e+00  6.9312e-05
 2.0440e+00  5.1567e-05
 2.0480e+00  4.6350e-05
 2.0520e+00  6.1407e-05
 2.0560e+00  6.7781e-05
 2.0600e+00  7.6322e-05
 2.0640e+00  7.9132e-05
 2.0680e+00  6.3702e-05
 2.0720e+00  7.1333e-05
 2.0760e+00  5.4052e-05
 2.0800e+00  5.2945e-05
 2.0840e+00  6.3237e-05
 2.0880e+00  5.0878e-05
 2.0920e+00  8.0560e-05
 2.0960e+00  4.0168e-05
 2.1000e+00  5.3985e-05
 2.1040e+00  5.4080e-05
 2.1080e+00  4.9079e-05
 2.1120e+00  7.4515e-05
 2.1170e+00  6.1000e-05
 2.1210e+00  9.1519e-05
 2.1250e+00  9.5236e-05
 2.1290e+00  9.3372e-05
 2.1330e+00  8.7143e-05
 2.1370e+00  5.9282e-05
 2.1410e+00  6.3344e-05
 2.1450e+00  6.1130e-05
 2.1490e+00  6.9609e-05
 2.1540e+00  8.3008e-05
 2.1580e+00  1.0689e-04
 2.1620e+00  7.4824e-05
 2.1660e+00  4.0244e-05
 2.1700e+00  4.1862e-05
 2.1740e+00  4.1032e-05
 2.1780e+00  4.8934e-05
 2.1830e+00  5.6994e-05
 2.1870e+00  8.7796e-05
 2.1910e+00  9.9634e-05
 2.1950e+00  1.0309e-04
 2.1990e+00  9.9927e-05
 2.2040e+00  9.3400e-05
 2.2080e+00  8.5270e-05
 2.2120e+00  4.7255e-05
 2.2160e+00  6.0236e-05
 2.2210e+00  6.0436e-05
 2.2250e+00  5.2159e-05
 2.2290e+00  5.2909e-05
 2.2330e+00  5.5317e-05
 2.2380e+00  5.8019e-05
 2.2420e+00  5.9474e-05
 2.2460e+00  5.2603e-05
 2.2510e+00  5.0894e-05
 2.2550e+00  7.4412e-05
 2.2590e+00  7.8218e-05
 2.2640e+00  8.2578e-05
 2.2680e+00  7.6059e-05
 2.2720e+00  7.4698e-05
 2.2770e+00  9.1445e-05
 2.2810e+00  6.2864e-05
 2.2850e+00  5.7848e-05
 2.2900e+00  9.0180e-05
 2.2940e+00  8.3255e-05
 2.2980e+00  8.0149e-05
 2.3030e+00  7.1825e-05
 2.3070e+00  5.2726e-05
 2.3110e+00  4.6433e-05
 2.3160e+00  4.8484e-05
 2.3200e+00  4.5662e-05
 2.3250e+00  4.8512e-05
 2.3290e+00  4.5056e-05
 2.3340e+00  5.0414e-05
 2.3380e+00  8.4987e-05
 2.3420e+00  6.0482e-05
 2.3470e+00  7.6616e-05
 2.3510e+00  7.4205e-05
 2.3560e+00  5.1960e-05
 2.3600e+00  4.1410e-05
 2.3650e+00  7.5552e-05
 2.3690e+00  5.7566e-05
 2.3740e+00  7.3942e-05
 2.3780e+00  8.2761e-05
 2.3830e+00  8.5562e-05
 2.3870e+00  8.4557e-05
 2.3920e+00  8.1653e-05
 2.3960e+00  8.1798e-05
 2.4010e+00  6.5470e-05
 2.4050e+00  8.0146e-05
 2.4100e+00  1.0799e-04
 2.4150e+00  7.0224e-05
 2.4190e+00  6.2906e-05
 2.4240e+00  4.9704e-05
 2.4280e+00  4.9700e-05
 2.4330e+00  6.3960e-05
 2.4380e+00  5.2786e-05
 2.4420e+00  9.5506e-05
 2.4470e+00  1.1558e-04
 2.4510e+00  7.7872e-05
 2.4560e+00  6.9409e-05
 2.4610e+00  5.9038e-05
 2.4650e+00  7.4863e-05
 2.4700e+00  5.1577e-05
 2.4750e+00  6.2191e-05
 2.4790e+00  6.7801e-05
 2.4840e+00  7.4455e-05
 2.4890e+00  6.5443e-05
 2.4930e+00  6.8696e-05
 2.4980e+00  6.5439e-05
 2.5030e+00  7.1649e-05
 2.5070e+00  7.1544e-05
 2.5120e+00  9.3574e-05
 2.5170e+00  9.9227e-05
 2.5220e+00  9.8722e-05
 2.5260e+00  9.5721e-05
 2.5310e+00  8.3359e-05
 2.5360e+00  7.0538e-05
 2.5410e+00  7.3640e-05
 2.5450e+00  5.2565e-05
 2.5500e+00  6.1022e-05
 2.5550e+00  4.9550e-05
 2.5600e+00  7.3934e-05
 2.5650e+00  6.3170e-05
 2.5690e+00  6.4368e-05
 2.5740e+00  7.5432e-05
 2.5790e+00  9.0594e-05
 2.5840e+00  9.6350e-05
 2.5890e+00  7.9181e-05
 2.5940e+00  5.0750e-05
 2.5980e+00  5.3454e-05
 2.6030e+00  8.7384e-05
 2.6080e+00  7.6273e-05
 2.6130e+00  9.0089e-05
 2.6180e+00  7.3723e-05
 2.6230e+00  8.6130e-05
 2.6280e+00  4.6085e-05
 2.6330e+00  4.9184e-05
 2.6380e+00  8.6076e-05
 2.6430e+00  5.1693e-05
 2.6480e+00  5.7800e-05
 2.6520e+00  5.8348e-05
 2.6570e+00  8.4469e-05
 2.6620e+00  9.2876e-05
 2.6670e+00  1.0708e-04
 2.6720e+00  1.0802e-04
 2.6770e+00  1.0888e-04
 2.6820e+00  9.1113e-05
 2.6870e+00  9.7716e-05
 2.6920e+00  8.9863e-05
 2.6970e+00  6.4791e-05
 2.9000e+00  1.0000e+05
 3.3000e+00  6.6399e-05
 3.3070e+00  6.9069e-05
 3.3140e+00  9.9021e-05
 3.3210e+00  1.0032e-04
 3.3290e+00  9.4340e-05
 3.3360e+00  7.2407e-05
 3.3440e+00  6.2824e-05
 3.3510e+00  6.0979e-05
 3.3580e+00  6.4202e-05
 3.3660e+00  8.0197e-05
 3.3730e+00  6.9151e-05
 3.3810e+00  6.2431e-05
 3.3880e+00  5.9155e-05
 3.3950e+00  8.0329e-05
 3.4030e+00  1.0648e-04
 3.4100e+00  1.0088e-04
 3.4180e+00  1.0023e-04
 3.4250e+00  9.7778e-05
 3.4330e+00  1.0564e-04
 3.4400e+00  6.6193e-05
 3.4480e+00  4.9795e-05
 3.4560e+00  4.3364e-05
 3.4630e+00  4.2335e-05
 3.4710e+00  9.0692e-05
 3.4780e+00  9.4997e-05
 3.4860e+00  9.0307e-05
 3.4940e+00  1.0139e-04
 3.5010e+00  1.0698e-04
 3.5090e+00  1.0910e-04
 3.5170e+00  1.0358e-04
 3.5240e+00  9.6867e-05
 3.5320e+00  1.1921e-04
 3.6000e+00  1.0000e+05
 3.9340e+00  1.2175e-04
 3.9430e+00  8.3304e-05
 3.9510e+00  7.5815e-05
 3.9600e+00  6.9642e-05
 3.9680e+00  9.4772e-05
 3.9770e+00  7.3954e-05
 3.9850e+00  5.8253e-05
 3.9940e+00  6.1718e-05
 4.0030e+00  7.4570e-05
 4.0110e+00  1.3343e-04
 4.0200e+00  1.0565e-04
 4.0280e+00  1.1458e-04
 4.0370e+00  1.4096e-04
 4.0460e+00  1.5917e-04
 4.0540e+00  1.3126e-04
 4.0630e+00  1.1312e-04
 4.0720e+00  1.1994e-04
 4.0800e+00  9.5777e-05
 4.0890e+00  8.5798e-05
 4.0980e+00  8.3873e-05
 4.1060e+00  8.3317e-05
 4.1150e+00  1.1064e-04
 4.1240e+00  1.5882e-04
 4.1330e+00  1.2041e-04
 4.1420e+00  5.1411e-05
 4.1510e+00  4.4771e-05
 4.1590e+00  4.4606e-05
 4.1680e+00  4.4992e-05
 4.1770e+00  4.6294e-05
 4.1860e+00  8.7490e-05
 4.1950e+00  1.0992e-04
 4.2040e+00  9.3113e-05
 4.2130e+00  9.3521e-05
 4.2220e+00  9.4604e-05
 4.2310e+00  8.0627e-05
 4.2400e+00  7.8033e-05
 4.2490e+00  1.1114e-04
 4.2580e+00  7.5332e-05
 4.2670e+00  8.3476e-05
 4.2760e+00  7.7235e-05
 4.2850e+00  7.8772e-05
 4.2940e+00  8.1594e-05
 4.3030e+00  8.5816e-05
 4.3120e+00  9.6595e-05
 4.3220e+00  1.0886e-04
 4.3310e+00  9.9759e-05
 4.3400e+00  9.6394e-05
 4.3490e+00  5.5558e-05
 4.3580e+00  4.6869e-05
 4.3680e+00  5.4417e-05
 4.3770e+00  7.8550e-05
 4.3860e+00  7.4905e-05
 4.3950e+00  7.2135e-05
 4.4050e+00  1.0035e-04
 4.4140e+00  1.0881e-04
 4.4230e+00  1.0798e-04
 4.4330e+00  1.1247e-04
 4.4420e+00  1.1138e-04
 4.4520e+00  1.2323e-04
 4.4610e+00  1.0865e-04
 4.4700e+00  1.1327e-04
 4.4800e+00  7.5372e-05
 4.4890e+00  6.9424e-05
 4.4990e+00  6.4736e-05
 4.5080e+00  9.5303e-05
 4.5180e+00  9.0762e-05
 4.5270e+00  1.0011e-04
 4.5370e+00  8.4398e-05
 4.5470e+00  1.1092e-04
 4.5560e+00  9.6602e-05
 4.5660e+00  1.0210e-04
 4.5750e+00  1.0636e-04
 4.5850e+00  7.3212e-05
 4.5950e+00  6.1261e-05
 4.6040e+00  4.3180e-05
 4.6140e+00  4.3299e-05
 4.6240e+00  6.1390e-05
 4.6340e+00  6.3165e-05
 4.6430e+00  8.1094e-05
 4.6530e+00  8.2769e-05
 4.6630e+00  8.5133e-05
 4.6730e+00  9.1117e-05
 4.6830e+00  9.2802e-05
 4.6920e+00  9.4655e-05
 4.7020e+00  7.9996e-05
 4.7120e+00  5.5475e-05
 4.7220e+00  7.5172e-05
 4.7320e+00  7.9581e-05
 4.7420e+00  1.0095e-04
 4.7520e+00  1.1108e-04
 4.7620e+00  1.2396e-04
 4.7720e+00  1.2724e-04
 4.7820e+00  1.3304e-04
 4.7920e+00  1.1156e-04
 4.8020e+00  5.2245e-05
 4.8120e+00  4.5328e-05
 4.8220e+00  4.6795e-05
 4.8330e+00  6.0681e-05
 4.8430e+00  7.6161e-05
 4.8530e+00  1.2971e-04
 4.8630e+00  1.1279e-04
 4.8730e+00  1.0797e-04
 4.8830e+00  1.0583e-04
 4.8940e+00  9.0541e-05
 4.9040e+00  8.4091e-05
 4.9140e+00  6.0587e-05
 4.9250e+00  6.2036e-05
 4.9350e+00  5.9408e-05
 4.9450e+00  5.6635e-05
 4.9560e+00  6.3174e-05
 4.9660e+00  7.3789e-05
 4.9760e+00  7.5053e-05
 4.9870e+00  6.0672e-05
 4.9970e+00  5.9898e-05
 5.0080e+00  5.0689e-05
 5.0180e+00  5.8764e-05
 5.0290e+00  7.0837e-05
 5.0390e+00  6.5932e-05
 5.0500e+00  8.5711e-05
 5.0600e+00  1.0401e-04
 5.0710e+00  9.1158e-05
 5.0820e+00  6.3755e-05
 5.0920e+00  5.2997e-05
 5.1030e+00  7.8910e-05
 5.1140e+00  6.8471e-05
 5.1240e+00  6.3437e-05
 5.1350e+00  6.7381e-05
 5.1460e+00  1.0336e-04
 5.1570e+00  8.6847e-05
 5.1670e+00  9.9911e-05
 5.1780e+00  9.7830e-05
 5.1890e+00  7.1917e-05
 5.2000e+00  8.2302e-05
 5.2110e+00  8.2262e-05
 5.2220e+00  8.6205e-05
 5.2320e+00  9.3243e-05
 5.2430e+00  9.6368e-05
 5.2540e+00  9.8996e-05
 5.2650e+00  9.4464e-05
 5.2760e+00  9.0830e-05
 5.2870e+00  7.1460e-05
 5.2980e+00  7.9215e-05
 5.3090e+00  7.4584e-05
 5.3210e+00  8.4071e-05
 5.3320e+00  6.4198e-05
 5.3430e+00  6.0338e-05
 5.3540e+00  6.2837e-05
 5.3650e+00  6.7643e-05
 5.3760e+00  8.3980e-05
 5.3880e+00  9.1599e-05
 5.3990e+00  8.8009e-05
 5.4100e+00  8.6109e-05
 5.4210e+00  4.7998e-05
 5.4330e+00  5.4217e-05
 5.4440e+00  1.0412e-04
 5.4550e+00  1.0380e-04
 5.4670e+00  9.4367e-05
 5.4780e+00  8.3339e-05
 5.4900e+00  6.7230e-05
 5.5010e+00  5.2490e-05
 5.5120e+00  4.8814e-05
 5.5240e+00  5.7748e-05
 5.5350e+00  5.5937e-05
 5.5470e+00  6.2149e-05
 5.5590e+00  7.1810e-05
 5.5700e+00  7.5444e-05
 5.5820e+00  7.2855e-05
 5.5930e+00  8.2023e-05
 5.6050e+00  8.3291e-05
 5.6170e+00  8.1607e-05
 5.6280e+00  9.7809e-05
 5.6400e+00  9.5855e-05
 5.6520e+00  1.0030e-04
 5.6640e+00  8.6694e-05
 5.6750e+00  1.0452e-04
 5.6870e+00  7.3805e-05
 5.6990e+00  1.0575e-04
 5.7110e+00  6.5733e-05
 5.7230e+00  1.0588e-04
 5.7350e+00  1.0770e-04
 5.7470e+00  1.0207e-04
 5.7590e+00  1.2370e-04
 5.7710e+00  9.7216e-05
 5.7830e+00  9.5716e-05
 5.7950e+00  6.7498e-05
 5.8070e+00  8.3153e-05
 5.8190e+00  8.1970e-05
 5.8310e+00  7.5842e-05
 5.8430e+00  7.4578e-05
 5.8550e+00  7.9974e-05
 5.8670e+00  7.2125e-05
 5.8800e+00  6.4094e-05
 5.8920e+00  4.8765e-05
 5.9040e+00  5.5386e-05
 5.9160e+00  5.7198e-05
 5.9290e+00  5.4480e-05
 5.9410e+00  5.1394e-05
 5.9530e+00  4.8261e-05
 5.9660e+00  5.3617e-05
 5.9780e+00  9.6798e-05
 5.9910e+00  1.0392e-04
 6.0030e+00  9.0531e-05
 6.0150e+00  8.1873e-05
 6.0280e+00  7.1758e-05
 6.0410e+00  7.1845e-05
 6.0530e+00  7.4481e-05
 6.0660e+00  6.0781e-05
 6.0780e+00  8.6814e-05
 6.0910e+00  5.2384e-05
 6.1040e+00  5.4655e-05
 6.1160e+00  7.1166e-05
 6.1290e+00  8.6221e-05
 6.1420e+00  1.2383e-04
 6.1540e+00  1.2677e-04
 6.1670e+00  1.2332e-04
 6.1800e+00  7.9822e-05
 6.1930e+00  8.8445e-05
 6.2060e+00  7.8466e-05
 6.2190e+00  4.7440e-05
 6.2320e+00  8.6577e-05
 6.2450e+00  8.2093e-05
 6.2580e+00  5.3020e-05
 6.2710e+00  6.5217e-05
 6.2840e+00  6.9621e-05
 6.2970e+00  9.2842e-05
 6.3100e+00  8.5944e-05
 6.3230e+00  8.6395e-05
 6.3360e+00  7.1978e-05
 6.3490e+00  6.0864e-05
 6.3620e+00  7.2653e-05
 6.3760e+00  7.6732e-05
 6.3890e+00  9.3290e-05
 6.4020e+00  3.9588e-05
 6.4150e+00  3.8439e-05
 6.4290e+00  5.8545e-05
 6.4420e+00  7.0204e-05
 6.4560e+00  8.1496e-05
 6.4690e+00  9.2696e-05
 6.4820e+00  1.1936e-04
 6.4960e+00  1.2218e-04
 6.5090e+00  9.4737e-05
 6.5230e+00  8.6480e-05
 6.5360e+00  6.1173e-05
 6.5500e+00  5.1880e-05
 6.5640e+00  4.5440e-05
 6.5770e+00  5.5007e-05
 6.5910e+00  6.1172e-05
 6.6050e+00  5.0015e-05
 6.6180e+00  1.0725e-04
 6.6320e+00  8.7656e-05
 6.6460e+00  8.8197e-05
 6.6600e+00  5.9174e-05
 6.6740e+00  5.2284e-05
 6.6870e+00  4.6207e-05
 6.7010e+00  4.7657e-05
 6.7150e+00  4.4622e-05
 6.7290e+00  7.6045e-05
 6.7430e+00  8.3119e-05
 6.7570e+00  5.7088e-05
 6.7710e+00  5.7132e-05
 6.7850e+00  4.7295e-05
 6.8000e+00  4.4842e-05
 6.8140e+00  4.2341e-05
 6.8280e+00  7.0323e-05
 6.8420e+00  8.6107e-05
 6.8560e+00  9.4949e-05
 6.8710e+00  9.6126e-05
 6.8850e+00  1.0351e-04
 6.8990e+00  1.0142e-04
 6.9130e+00  8.9322e-05
 6.9280e+00  7.9620e-05
 6.9420e+00  5.1144e-05
 6.9570e+00  5.6266e-05
 6.9710e+00  8.1889e-05
 6.9860e+00  9.6262e-05
 7.0000e+00  1.2387e-04
 7.0150e+00  1.1321e-04
 7.0290e+00  6.1845e-05
 7.0440e+00  5.1280e-05
 7.0590e+00  5.1369e-05
 7.0730e+00  3.8514e-05
 7.0880e+00  3.9727e-05
 7.1030e+00  6.2162e-05
 7.1180e+00  1.0886e-04
 7.1320e+00  1.2812e-04
 7.1470e+00  1.3923e-04
 7.1620e+00  9.2491e-05
 7.1770e+00  5.4633e-05
 7.1920e+00  5.5674e-05
 7.2070e+00  3.3929e-05
 7.2220e+00  7.2490e-05
 7.2370e+00  8.1471e-05
 7.2520e+00  1.0768e-04
 7.2670e+00  1.0835e-04
 7.2820e+00  9.2889e-05
 7.2980e+00  8.4916e-05
 7.3130e+00  9.0536e-05
 7.3280e+00  4.2465e-05
 7.3430e+00  8.3959e-05
 7.3590e+00  9.2978e-05
 7.3740e+00  1.0259e-04
 7.3890e+00  9.6427e-05
 7.4050e+00  1.0173e-04
 7.4200e+00  9.3928e-05
 7.4360e+00  7.5574e-05
 7.4510e+00  5.9798e-05
 7.4670e+00  5.1455e-05
 7.4820e+00  4.1684e-05
 7.4980e+00  4.4057e-05
 7.5130e+00  4.6151e-05
 7.5290e+00  6.7411e-05
 7.5450e+00  1.5980e-04
 7.5610e+00  7.5614e-05
 7.5760e+00  5.9752e-05
 7.5920e+00  4.9415e-05
 7.6080e+00  3.8256e-05
 7.6240e+00  6.0925e-05
 7.6400e+00  7.1623e-05
 7.6560e+00  1.0404e-04
 7.6720e+00  1.1025e-04
 7.6880e+00  1.0245e-04
 7.7040e+00  9.6191e-05
 7.7200e+00  8.2551e-05
 7.7360e+00  4.3610e-05
 7.7520e+00  4.8234e-05
 7.7680e+00  4.9592e-05
 7.7850e+00  5.3670e-05
 7.8010e+00  6.3692e-05
 7.8170e+00  8.7447e-05
 7.8340e+00  7.3029e-05
 7.8500e+00  7.5203e-05
 7.8660e+00  7.8744e-05
 7.8830e+00  7.6115e-05
 7.8990e+00  5.9792e-05
 7.9160e+00  7.9600e-05
 7.9320e+00  7.7241e-05
 7.9490e+00  6.6094e-05
 7.9660e+00  7.7473e-05
 7.9820e+00  5.3717e-05
 7.9990e+00  6.4142e-05
 8.0160e+00  5.5216e-05
 8.0320e+00  7.7883e-05
 8.0490e+00  8.2368e-05
 8.0660e+00  8.2231e-05
 8.0830e+00  7.3978e-05
 8.1000e+00  5.1996e-05
 8.1170e+00  5.9703e-05
 8.1340e+00  5.7210e-05
 8.1510e+00  6.0381e-05
 8.1680e+00  6.0837e-05
 8.1850e+00  6.7411e-05
 8.2020e+00  6.7047e-05
 8.2190e+00  7.0717e-05
 8.2370e+00  7.2483e-05
 8.2540e+00  8.1190e-05
 8.2710e+00  8.3505e-05
 8.2890e+00  9.6921e-05
 8.3060e+00  8.4179e-05
 8.3230e+00  8.2417e-05
 8.3410e+00  7.3352e-05
 8.3580e+00  7.8562e-05
 8.3760e+00  8.4588e-05
 8.3930e+00  1.0725e-04
 8.4110e+00  1.0631e-04
 8.4290e+00  1.0273e-04
 8.4460e+00  1.0508e-04
 8.4640e+00  6.8222e-05
 8.4820e+00  8.1736e-05
 8.5000e+00  6.9498e-05
 8.5180e+00  5.1226e-05
 8.5350e+00  5.0952e-05
 8.5530e+00  6.4828e-05
 8.5710e+00  9.2801e-05
 8.5890e+00  1.0377e-04
 8.6070e+00  1.0608e-04
 8.6260e+00  1.0684e-04
 8.6440e+00  1.0961e-04
 8.6620e+00  8.0964e-05
 8.6800e+00  9.0164e-05
 8.6980e+00  1.2924e-04
 8.7170e+00  1.6447e-04
 8.7350e+00  9.4612e-05
 8.7530e+00  4.0155e-05
 8.7720e+00  3.0100e-05
 8.7900e+00  3.3081e-05
 8.8090e+00  3.9872e-05
 8.8270e+00  1.3002e-04
 9.1000e+00  1.0000e+05
 1.0690e+01  7.4481e-05
 1.0710e+01  1.1770e-04
 1.0740e+01  9.9769e-05
 1.0760e+01  7.1881e-05
 1.0780e+01  4.8221e-05
 1.0810e+01  5.5223e-05
 1.0830e+01  6.3000e-05
 1.0850e+01  8.6283e-05
 1.0880e+01  1.1829e-04
 1.0900e+01  1.3070e-04
 1.0920e+01  1.1423e-04
 1.0950e+01  1.0986e-04
 1.0970e+01  9.0847e-05
 1.0990e+01  6.8062e-05
 1.1020e+01  7.0781e-05
 1.1040e+01  2.9293e-05
 1.1060e+01  8.2317e-05
 1.1090e+01  7.6260e-05
 1.1110e+01  8.2437e-05
 1.1140e+01  1.0188e-04
 1.1160e+01  1.1314e-04
 1.1180e+01  1.0427e-04
 1.1210e+01  7.3138e-05
 1.1230e+01  6.2141e-05
 1.1260e+01  5.7094e-05
 1.1280e+01  4.9503e-05
 1.1310e+01  6.9751e-05
 1.1330e+01  6.6885e-05
 1.1350e+01  5.7115e-05
 1.1380e+01  5.7114e-05
 1.1400e+01  4.2811e-05
 1.1430e+01  4.4087e-05
 1.1450e+01  3.5750e-05
 1.1480e+01  3.5468e-05
 1.1500e+01  7.7911e-05
 1.1530e+01  9.5216e-05
 1.1550e+01  8.5866e-05
 1.1580e+01  7.2515e-05
 1.1600e+01  3.9354e-05
 1.1630e+01  5.5578e-05
 1.1650e+01  3.2444e-05
 1.1680e+01  3.1965e-05
 1.1710e+01  3.8586e-05
 1.1730e+01  6.4578e-05
 1.1760e+01  5.6412e-05
 1.1780e+01  8.4809e-05
 1.1810e+01  7.1517e-05
 1.1830e+01  8.9933e-05
 1.1860e+01  8.2675e-05
 1.1880e+01  4.3382e-05
 1.1910e+01  3.8170e-05
 1.1940e+01  3.6033e-05
 1.1960e+01  4.0346e-05
 1.1990e+01  3.7541e-05
 1.2020e+01  3.9812e-05
 1.2040e+01  4.7231e-05
 1.2070e+01  6.2989e-05
 1.2090e+01  8.3704e-05
 1.2120e+01  1.0366e-04
 1.2150e+01  1.0777e-04
 1.2170e+01  1.2322e-04
 1.2200e+01  8.5666e-05
 1.2230e+01  5.4255e-05
 1.2250e+01  3.6621e-05
 1.2280e+01  3.6518e-05
 1.2310e+01  3.8028e-05
 1.2330e+01  4.8770e-05
 1.2360e+01  4.7505e-05
 1.2390e+01  9.8405e-05
 1.2420e+01  9.1122e-05
 1.2440e+01  7.3981e-05
 1.2470e+01  5.8072e-05
 1.2500e+01  4.4390e-05
 1.2530e+01  3.6971e-05
 1.2550e+01  3.4582e-05
 1.2580e+01  5.1473e-05
 1.2610e+01  4.3480e-05
 1.2640e+01  8.8226e-05
 1.2660e+01  7.9832e-05
 1.2690e+01  6.9385e-05
 1.2720e+01  8.0575e-05
 1.2750e+01  7.6934e-05
 1.2780e+01  7.5889e-05
 1.2800e+01  5.4613e-05
 1.2830e+01  4.0243e-05
 1.2860e+01  4.3970e-05
 1.2890e+01  6.6272e-05
 1.2920e+01  4.4978e-05
 1.2950e+01  7.0438e-05
 1.2980e+01  7.9941e-05
 1.3000e+01  8.6291e-05
 1.3030e+01  8.8532e-05
 1.3060e+01  7.8764e-05
 1.3090e+01  6.0854e-05
 1.3120e+01  4.8889e-05
 1.3150e+01  4.2932e-05
 1.3180e+01  4.4276e-05
 1.3210e+01  5.4698e-05
 1.3240e+01  4.7206e-05
 1.3270e+01  4.7891e-05
 1.3300e+01  5.1050e-05
 1.3320e+01  6.2890e-05
 1.3350e+01  6.0513e-05
 1.3380e+01  6.3666e-05
 1.3410e+01  6.3300e-05
 1.3440e+01  5.5029e-05
 1.3470e+01  6.9703e-05
 1.3500e+01  5.3710e-05
 1.3530e+01  8.1685e-05
 1.3560e+01  8.4749e-05
 1.3590e+01  9.4393e-05
 1.3620e+01  9.9793e-05
 1.3650e+01  7.7171e-05
 1.3690e+01  7.5662e-05
 1.3720e+01  7.8590e-05
 1.3750e+01  6.9082e-05
 1.3780e+01  6.1950e-05
 1.3810e+01  7.6123e-05
 1.3840e+01  4.5564e-05
 1.3870e+01  4.0408e-05
 1.3900e+01  4.8280e-05
 1.3930e+01  5.0155e-05
 1.3960e+01  7.9513e-05
 1.3990e+01  9.6622e-05
 1.4030e+01  9.3880e-05
 1.4060e+01  3.9432e-05
 1.4090e+01  3.8655e-05
 1.4120e+01  5.0120e-05
 1.4150e+01  4.6096e-05
 1.4180e+01  4.4226e-05
 1.4220e+01  3.7837e-05
 1.4250e+01  4.8979e-05
 1.4280e+01  4.5147e-05
 1.4310e+01  4.8064e-05
 1.4340e+01  6.9788e-05
 1.4380e+01  8.1000e-05
 1.4410e+01  8.1371e-05
 1.4440e+01  8.6175e-05
 1.4470e+01  9.6239e-05
 1.4510e+01  1.0273e-04
 1.4540e+01  9.3679e-05
 1.4570e+01  9.8987e-05
 1.4610e+01  8.7048e-05
 1.4640e+01  6.2763e-05
 1.4670e+01  5.3893e-05
 1.4710e+01  4.4588e-05
 1.4740e+01  4.0644e-05
 1.4770e+01  5.8789e-05
 1.4810e+01  8.8809e-05
 1.4840e+01  8.9866e-05
 1.4870e+01  8.5839e-05
 1.4910e+01  6.8453e-05
 1.4940e+01  5.7838e-05
 1.4970e+01  4.1372e-05
 1.5010e+01  4.1367e-05
 1.5040e+01  4.4781e-05
 1.5080e+01  4.9427e-05
 1.5110e+01  5.9957e-05
 1.5150e+01  1.1521e-04
 1.5180e+01  1.2601e-04
 1.5210e+01  8.7518e-05
 1.5250e+01  8.2763e-05
 1.5280e+01  7.1096e-05
 1.5320e+01  3.4321e-05
 1.5350e+01  4.9994e-05
 1.5390e+01  5.0229e-05
 1.5420e+01  5.2015e-05
 1.5460e+01  5.6415e-05
 1.5490e+01  8.8659e-05
 1.5530e+01  9.3376e-05
 1.5570e+01  6.8785e-05
 1.5600e+01  5.1295e-05
 1.5640e+01  3.9720e-05
 1.5670e+01  5.0978e-05
 1.5710e+01  6.0461e-05
 1.5740e+01  6.3716e-05
 1.5780e+01  6.6884e-05
 1.5820e+01  8.3422e-05
 1.5850e+01  9.0298e-05
 1.5890e+01  1.0112e-04
 1.5930e+01  5.4708e-05
 1.5960e+01  7.4869e-05
 1.6000e+01  4.5520e-05
 1.6040e+01  4.5872e-05
 1.6070e+01  1.0274e-04
 1.6110e+01  9.8576e-05
 1.6150e+01  9.2762e-05
 1.6190e+01  9.2356e-05
 1.6220e+01  8.1495e-05
 1.6260e+01  6.7379e-05
 1.6300e+01  5.3723e-05
 1.6340e+01  5.0656e-05
 1.6370e+01  4.9923e-05
 1.6410e+01  4.2273e-05
 1.6450e+01  8.5277e-05
 1.6490e+01  6.6576e-05
 1.6530e+01  1.0771e-04
 1.6560e+01  9.3860e-05
 1.6600e+01  1.0404e-04
 1.6640e+01  9.2222e-05
 1.6680e+01  5.8379e-05
 1.6720e+01  5.2187e-05
 1.6760e+01  2.6321e-05
 1.6800e+01  3.8060e-05
 1.6840e+01  5.5360e-05
 1.6880e+01  6.4121e-05
 1.6910e+01  1.1605e-04
 1.6950e+01  1.2042e-04
 1.6990e+01  1.0033e-04
 1.7030e+01  7.0830e-05
 1.7070e+01  5.5556e-05
 1.7110e+01  3.4713e-05
 1.7150e+01  3.5099e-05
 1.7190e+01  3.7275e-05
 1.7230e+01  4.6162e-05
 1.7270e+01  6.3508e-05
 1.7310e+01  1.0334e-04
 1.7360e+01  1.1830e-04
 1.7400e+01  1.1730e-04
 1.7440e+01  6.2186e-05
 1.7480e+01  5.4020e-05
 1.7520e+01  3.8119e-05
 1.7560e+01  3.2813e-05
 1.7600e+01  4.5246e-05
 1.7640e+01  5.6739e-05
 1.7680e+01  9.8564e-05
 1.7730e+01  9.9813e-05
 1.7770e+01  1.0495e-04
 1.7810e+01  1.0771e-04
 1.7850e+01  1.0616e-04
 1.7890e+01  9.7804e-05
 1.7940e+01  8.7112e-05
 1.7980e+01  3.6744e-05
 1.8020e+01  3.6342e-05
 1.8060e+01  5.6035e-05
 1.8110e+01  4.1506e-05
 1.8150e+01  1.0262e-04
 1.8190e+01  7.3364e-05
 1.8240e+01  9.7582e-05
 1.8280e+01  6.2941e-05
 1.8320e+01  5.7522e-05
 1.8370e+01  5.4863e-05
 1.8410e+01  6.2081e-05
 1.8450e+01  5.4090e-05
 1.8500e+01  8.8052e-05
 1.8540e+01  8.8242e-05
 1.8590e+01  9.0732e-05
 1.8630e+01  5.4975e-05
 1.8680e+01  5.9162e-05
 1.8720e+01  7.1717e-05
 1.8770e+01  7.3194e-05
 1.8810e+01  7.4853e-05
 1.8860e+01  4.5872e-05
 1.8900e+01  4.9434e-05
 1.8950e+01  6.8342e-05
 1.8990e+01  8.2599e-05
 1.9040e+01  1.2253e-04
 1.9080e+01  9.6411e-05
 1.9130e+01  8.5096e-05
 1.9170e+01  8.0179e-05
 1.9220e+01  6.6754e-05
 1.9270e+01  5.4016e-05
 1.9310e+01  5.1857e-05
 1.9360e+01  6.8290e-05
 1.9410e+01  7.3312e-05
 1.9450e+01  8.5968e-05
 1.9500e+01  8.2247e-05
 1.9550e+01  6.1449e-05
 1.9600e+01  5.3855e-05
 1.9640e+01  5.4826e-05
 1.9690e+01  5.4647e-05
 1.9740e+01  5.5522e-05
 1.9790e+01  6.7865e-05
 1.9830e+01  6.7548e-05
 1.9880e+01  5.7652e-05
 1.9930e+01  4.7665e-05
 1.9980e+01  5.1857e-05
 2.0030e+01  4.6334e-05
 2.0080e+01  8.2406e-05
 2.0130e+01  8.5124e-05
 2.0170e+01  9.4390e-05
 2.0220e+01  9.4261e-05
 2.0270e+01  9.2147e-05
 2.0320e+01  7.2157e-05
 2.0370e+01  6.0777e-05
 2.0420e+01  6.0366e-05
 2.0470e+01  7.1431e-05
 2.0520e+01  7.3368e-05
 2.0570e+01  1.0684e-04
 2.0620e+01  7.6239e-05
 2.0670e+01  7.6706e-05
 2.0720e+01  6.8091e-05
 2.0780e+01  7.5974e-05
 2.0830e+01  6.2610e-05
 2.0880e+01  6.1048e-05
 2.0930e+01  6.1371e-05
 2.0980e+01  6.5572e-05
 2.1030e+01  5.9490e-05
 2.1080e+01  8.2320e-05
 2.1140e+01  9.8561e-05
 2.1190e+01  9.4097e-05
 2.1240e+01  9.5072e-05
 2.1290e+01  9.4622e-05
 2.1350e+01  1.0016e-04
 2.1400e+01  8.5400e-05
 2.1450e+01  7.5904e-05
 2.1510e+01  7.1429e-05
 2.1560e+01  6.6312e-05
 2.1610e+01  6.2904e-05
 2.1670e+01  5.6721e-05
 2.1720e+01  7.7543e-05
 2.1780e+01  8.8999e-05
 2.1830e+01  1.1873e-04
 2.1880e+01  1.1915e-04
 2.1940e+01  7.4370e-05
 2.1990e+01  7.8573e-05
 2.2050e+01  7.3086e-05
 2.2100e+01  6.6721e-05
 2.2160e+01  4.7607e-05
 2.2210e+01  7.0513e-05
 2.2270e+01  6.9637e-05
 2.2330e+01  6.8073e-05
 2.2380e+01  4.5600e-05
 2.2440e+01  7.4779e-05
 2.2500e+01  9.4184e-05
 2.2550e+01  5.1690e-05
 2.2610e+01  5.5109e-05
 2.2670e+01  5.1646e-05
 2.2720e+01  5.4603e-05
 2.2780e+01  5.1187e-05
 2.2840e+01  6.4034e-05
 2.2900e+01  6.3574e-05
 2.2950e+01  6.4454e-05
 2.3010e+01  5.8496e-05
 2.3070e+01  7.4349e-05
 2.3130e+01  9.8195e-05
 2.3190e+01  9.7367e-05
 2.3250e+01  1.0329e-04
 2.3310e+01  1.0029e-04
 2.3370e+01  8.0277e-05
 2.3430e+01  9.0033e-05
 2.3490e+01  8.8696e-05
 2.3550e+01  9.4429e-05
 2.3610e+01  9.3414e-05
 2.3670e+01  9.3827e-05
 2.3730e+01  9.0958e-05
 2.3790e+01  8.9622e-05
 2.3850e+01  8.4497e-05
 2.3910e+01  7.7844e-05
 2.3970e+01  7.4610e-05
 2.4030e+01  9.8743e-05
 2.4090e+01  7.1659e-05
 2.4160e+01  6.4177e-05
 2.4220e+01  8.2441e-05
 2.4280e+01  7.0144e-05
 2.4340e+01  6.6124e-05
 2.4410e+01  6.6634e-05
 2.4470e+01  6.9321e-05
 2.4530e+01  7.5898e-05
 2.4600e+01  9.5096e-05
 2.4660e+01  8.5106e-05
 2.4720e+01  7.0400e-05
 2.4790e+01  6.9990e-05
 2.4850e+01  8.5357e-05
 2.4920e+01  8.4204e-05
 2.4980e+01  8.8647e-05
 2.5050e+01  9.4714e-05
 2.5110e+01  1.1527e-04
 2.5180e+01  1.0865e-04
 2.5240e+01  1.0801e-04
 2.5310e+01  1.0053e-04
 2.5380e+01  8.8686e-05
 2.5440e+01  4.5448e-05
 2.5510e+01  5.1013e-05
 2.5580e+01  6.3378e-05
 2.5640e+01  8.2783e-05
 2.5710e+01  9.4133e-05
 2.5780e+01  9.7154e-05
 2.5850e+01  1.3657e-04
 2.5920e+01  8.8555e-05
 2.5980e+01  8.1748e-05
 2.6050e+01  7.8928e-05
 2.6120e+01  7.6758e-05
 2.6190e+01  6.2492e-05
 2.6260e+01  6.2777e-05
 2.6330e+01  6.4728e-05
 2.6400e+01  6.0610e-05
 2.6470e+01  9.9165e-05
 2.6540e+01  1.0139e-04
 2.6610e+01  9.6863e-05
 2.6680e+01  1.0113e-04
 2.6750e+01  5.1869e-05
 2.6830e+01  4.8675e-05
 2.6900e+01  4.8029e-05
 2.6970e+01  6.8057e-05
 2.7040e+01  7.5711e-05
 2.7110e+01  6.3154e-05
 2.7190e+01  1.2112e-04
 2.7260e+01  9.2139e-05
 2.7330e+01  9.6503e-05
 2.7410e+01  1.0820e-04
 2.7480e+01  1.0959e-04
 2.7550e+01  1.0774e-04
 2.7630e+01  1.0139e-04
 2.7700e+01  5.8540e-05
 2.7780e+01  8.6374e-05
 2.7850e+01  9.3200e-05
 2.7930e+01  6.9039e-05
 2.8010e+01  6.6629e-05
 2.8080e+01  6.4218e-05
 2.8160e+01  6.8580e-05
 2.8230e+01  7.5774e-05
 2.8310e+01  1.0042e-04
 2.8390e+01  1.1286e-04
 2.8470e+01  1.1583e-04
 2.8540e+01  1.0354e-04
 2.8620e+01  1.0507e-04
 2.8700e+01  1.0485e-04
 2.8780e+01  9.4742e-05
 2.8860e+01  1.0422e-04
 2.8940e+01  1.0501e-04
 2.9020e+01  1.0738e-04
 2.9100e+01  8.7560e-05
 2.9180e+01  1.2540e-04
 2.9260e+01  1.2768e-04
 2.9340e+01  1.3716e-04
 2.9420e+01  1.1288e-04
 2.9500e+01  1.1567e-04
 2.9580e+01  9.2734e-05
 2.9670e+01  8.0850e-05
 2.9750e+01  6.9799e-05
 2.9830e+01  6.3674e-05
 2.9910e+01  6.5026e-05
 3.0000e+01  6.4246e-05
 3.0080e+01  6.8569e-05
 3.0170e+01  8.7154e-05
 3.0250e+01  9.4961e-05
 3.0340e+01  9.1851e-05
 3.0420e+01  1.3390e-04
 3.0510e+01  1.0347e-04
 3.0590e+01  9.5533e-05
 3.0680e+01  7.5001e-05
 3.0770e+01  6.7521e-05
 3.0850e+01  7.3100e-05
 3.0940e+01  6.9200e-05
 3.1030e+01  5.5912e-05
 3.1110e+01  8.3941e-05
 3.1200e+01  9.2870e-05
 3.1290e+01  1.0631e-04
 3.1380e+01  1.6623e-04
 3.1470e+01  1.3918e-04
 3.1560e+01  6.9461e-05
 3.1650e+01  6.7743e-05
 3.1740e+01  5.9516e-05
 3.1830e+01  5.8913e-05
 3.1920e+01  5.7240e-05
 3.2010e+01  6.0684e-05
 3.2110e+01  6.6964e-05
 3.2200e+01  8.2173e-05
 3.2290e+01  1.1152e-04
 3.2380e+01  1.2525e-04
 3.2480e+01  1.2679e-04
 3.2570e+01  1.2089e-04
 3.2670e+01  6.2050e-05
 3.2760e+01  6.7773e-05
 3.2860e+01  8.9218e-05
 3.2950e+01  1.0122e-04
 3.3050e+01  1.2309e-04
 3.3140e+01  1.2477e-04
 3.3240e+01  1.1444e-04
 3.3340e+01  1.1296e-04
 3.3440e+01  8.6582e-05
 3.3530e+01  5.2342e-05
 3.3630e+01  4.9412e-05
 3.3730e+01  7.2680e-05
 3.3830e+01  7.6693e-05
 3.3930e+01  7.8510e-05
 3.4030e+01  1.1300e-04
 3.4130e+01  1.1733e-04
 3.4230e+01  1.0109e-04
 3.4330e+01  9.9695e-05
 3.4440e+01  8.9736e-05
 3.4540e+01  7.9919e-05
 3.4640e+01  8.4064e-05
 3.4750e+01  1.1559e-04
 3.4850e+01  1.2500e-04
 3.4950e+01  1.5182e-04
 3.5060e+01  1.1789e-04
 3.5160e+01  1.0504e-04
 3.5270e+01  7.4035e-05
 3.5380e+01  1.1963e-04
 3.5480e+01  1.0924e-04
 3.5590e+01  8.2610e-05
 3.5700e+01  1.1395e-04
 3.5800e+01  1.3054e-04
 3.5910e+01  1.4376e-04
 3.6020e+01  1.6012e-04
 3.6130e+01  1.4364e-04
 3.6240e+01  1.0154e-04
 3.6350e+01  1.0475e-04
 3.6460e+01  8.7850e-05
 3.6580e+01  8.2496e-05
 3.6690e+01  1.1799e-04
 3.6800e+01  8.7570e-05
 3.6910e+01  9.7589e-05
 3.7030e+01  1.2964e-04
 3.7140e+01  1.0905e-04
 3.7260e+01  1.1627e-04
 3.7370e+01  9.3768e-05
 3.7490e+01  8.1188e-05
 3.7610e+01  1.0010e-04
 3.7720e+01  1.6698e-04
 3.7840e+01  1.5203e-04
 3.7960e+01  1.2152e-04
 3.8080e+01  1.3749e-04
 3.8200e+01  1.3827e-04
 3.8320e+01  6.1894e-05
 3.8440e+01  6.3757e-05
 3.8560e+01  1.0008e-04
 3.8680e+01  1.1190e-04
 3.8800e+01  1.3150e-04
 3.8930e+01  1.0398e-04
 3.9050e+01  9.0417e-05
 3.9170e+01  7.4767e-05
 3.9300e+01  8.3653e-05
 3.9420e+01  7.2615e-05
 3.9550e+01  8.3314e-05
 3.9680e+01  8.7822e-05
 3.9800e+01  8.7723e-05
 3.9930e+01  7.8131e-05
 4.0060e+01  7.0588e-05
 4.0190e+01  7.3697e-05
 4.0320e+01  8.6713e-05
 4.0450e+01  8.9085e-05
 4.0580e+01  1.8476e-04
 4.0710e+01  1.8018e-04
 4.0850e+01  1.5295e-04
 4.0980e+01  7.5881e-05
 4.1110e+01  1.0888e-04
 4.1250e+01  1.0148e-04
 4.1380e+01  1.0254e-04
 4.1520e+01  1.3274e-04
 4.1660e+01  1.3072e-04
 4.1800e+01  1.3670e-04
 4.1930e+01  1.1745e-04
 4.2070e+01  1.1409e-04
 4.2210e+01  9.2527e-05
 4.2350e+01  1.2391e-04
 4.2500e+01  1.3335e-04
 4.2640e+01  1.3316e-04
 4.2780e+01  1.2911e-04
 4.2920e+01  1.1916e-04
 4.3070e+01  1.0860e-04
 4.3220e+01  9.7864e-05
 4.3360e+01  9.3305e-05
 4.3510e+01  9.0737e-05
 4.3660e+01  8.9194e-05
 4.3810e+01  8.8988e-05
 4.3950e+01  1.4109e-04
 4.4110e+01  1.0190e-04
 4.4260e+01  1.3511e-04
 4.4410e+01  1.4212e-04
 4.4560e+01  1.3163e-04
 4.4720e+01  9.6487e-05
 4.4870e+01  8.9848e-05
 4.5030e+01  6.7421e-05
 4.5180e+01  9.8332e-05
 4.5340e+01  1.0303e-04
 4.5500e+01  1.8177e-04
 4.5660e+01  1.6331e-04
 4.5820e+01  1.6286e-04
 4.5980e+01  1.5536e-04
 4.6140e+01  1.3133e-04
 4.6310e+01  1.1308e-04
 4.6470e+01  1.2682e-04
 4.6640e+01  1.2004e-04
 4.6800e+01  1.1479e-04
 4.6970e+01  1.1084e-04
 4.7140e+01  1.0263e-04
 4.7310e+01  1.0122e-04
 4.7480e+01  1.0529e-04
 4.7650e+01  1.1466e-04
 4.7820e+01  1.4868e-04
 4.8000e+01  1.1200e-04
 4.8170e+01  1.0348e-04
 4.8350e+01  1.1738e-04
 4.8530e+01  1.0279e-04
 4.8700e+01  1.4313e-04
 4.8880e+01  1.1286e-04
 4.9070e+01  1.1203e-04
 4.9250e+01  1.0069e-04
 4.9430e+01  9.6147e-05
 4.9610e+01  8.3297e-05
 4.9800e+01  1.0252e-04
 4.9990e+01  1.0628e-04
 5.0180e+01  1.2052e-04
 5.0360e+01  1.2326e-04
 5.0560e+01  1.1939e-04
 5.0750e+01  1.0811e-04
 5.0940e+01  1.0411e-04
 5.1140e+01  1.0482e-04
 5.1330e+01  1.1073e-04
 5.1530e+01  1.2258e-04
 5.1730e+01  1.6323e-04
 5.1930e+01  1.7555e-04
 5.2130e+01  1.7808e-04
 5.2330e+01  1.7560e-04
 5.2540e+01  1.6806e-04
 5.2740e+01  1.5922e-04
 5.2950e+01  1.1223e-04
 5.3160e+01  1.1722e-04
 5.3370e+01  1.0692e-04
 5.3580e+01  1.0226e-04
 5.3800e+01  9.7231e-05
 5.4010e+01  9.7599e-05
 5.4230e+01  9.4380e-05
 5.4450e+01  9.6463e-05
 5.4670e+01  8.8901e-05
 5.4890e+01  9.2442e-05
 5.5110e+01  9.7147e-05
 5.5340e+01  1.4168e-04
 5.5570e+01  1.5745e-04
 5.5800e+01  1.6152e-04
 5.6030e+01  1.4867e-04
 5.6260e+01  1.1654e-04
 5.6490e+01  1.5929e-04
 5.6730e+01  1.7160e-04
 5.6970e+01  1.8098e-04
 5.7210e+01  1.8259e-04
 5.7450e+01  1.9200e-04
 5.7700e+01  1.4727e-04
 5.7940e+01  1.3034e-04
 5.8190e+01  1.3085e-04
 5.8440e+01  1.2401e-04
 5.8690e+01  1.2638e-04
 5.8950e+01  1.3340e-04
 5.9210e+01  1.5227e-04
 5.9470e+01  1.2837e-04
 5.9730e+01  1.2142e-04
 5.9990e+01  1.1844e-04
 6.0260e+01  1.2203e-04
 6.0530e+01  1.0672e-04
 6.0800e+01  1.2915e-04
 6.1070e+01  1.4116e-04
 6.1350e+01  1.5602e-04
 6.1630e+01  1.6355e-04
 6.1910e+01  1.6359e-04
 6.2200e+01  1.9951e-04
 6.2480e+01  1.8207e-04
 6.2770e+01  1.6346e-04
 6.3060e+01  1.6651e-04
 6.3360e+01  9.6128e-05
 6.3660e+01  1.0279e-04
 6.3960e+01  1.3030e-04
 6.4260e+01  1.3132e-04
 6.4570e+01  1.6076e-04
 6.4880e+01  1.9175e-04
 6.5200e+01  2.0009e-04
 6.5510e+01  1.6664e-04
 6.5830e+01  1.5541e-04
 6.6160e+01  1.7579e-04
 6.6480e+01  1.5583e-04
 6.6820e+01  1.2147e-04
 6.7150e+01  7.4922e-05
 6.7490e+01  1.3532e-04
 6.7830e+01  1.9409e-04
 6.8180e+01  2.1830e-04
 6.8530e+01  2.3539e-04
 6.8880e+01  1.4082e-04
 6.9240e+01  1.0575e-04
 6.9600e+01  9.8419e-05
