#      mass       lower
 8.9907e-03  6.5853e-04
 9.0814e-03  5.5005e-04
 9.1546e-03  6.0559e-04
 9.2284e-03  6.5037e-04
 9.3215e-03  5.7919e-04
 9.3967e-03  5.9068e-04
 9.4724e-03  5.5597e-04
 9.5488e-03  5.4516e-04
 9.6258e-03  4.8553e-04
 9.7034e-03  4.1653e-04
 9.8013e-03  4.5617e-04
 9.8803e-03  4.0555e-04
 9.9599e-03  4.1802e-04
 1.0040e-02  4.2026e-04
 1.0121e-02  3.4055e-04
 1.0182e-02  3.9767e-04
 1.0264e-02  2.7538e-04
 1.0347e-02  3.3157e-04
 1.0431e-02  3.2746e-04
 1.0515e-02  4.4176e-04
 1.0599e-02  4.6354e-04
 1.0663e-02  4.7272e-04
 1.0749e-02  4.3473e-04
 1.0836e-02  4.4334e-04
 1.0923e-02  4.3629e-04
 1.1034e-02  4.6354e-04
 1.1123e-02  4.8379e-04
 1.1235e-02  4.4413e-04
 1.1325e-02  4.4492e-04
 1.1440e-02  4.2782e-04
 1.1532e-02  4.3011e-04
 1.1625e-02  3.8102e-04
 1.1742e-02  3.4668e-04
 1.1837e-02  3.8238e-04
 1.1932e-02  4.2858e-04
 1.2028e-02  4.6519e-04
 1.2125e-02  4.3165e-04
 1.2223e-02  4.3551e-04
 1.2322e-02  4.1802e-04
 1.2421e-02  3.2340e-04
 1.2521e-02  3.5165e-04
 1.2622e-02  3.2455e-04
 1.2724e-02  3.2571e-04
 1.2827e-02  3.4421e-04
 1.2930e-02  4.1727e-04
 1.3034e-02  3.9204e-04
 1.3139e-02  4.2327e-04
 1.3245e-02  3.6247e-04
 1.3325e-02  3.9838e-04
 1.3433e-02  3.5041e-04
 1.3541e-02  2.3801e-04
 1.3623e-02  2.9112e-04
 1.3733e-02  2.6630e-04
 1.3843e-02  3.5607e-04
 1.3927e-02  3.9485e-04
 1.4039e-02  4.6519e-04
 1.4124e-02  4.3473e-04
 1.4238e-02  4.4730e-04
 1.4324e-02  4.0844e-04
 1.4439e-02  4.4810e-04
 1.4527e-02  4.1136e-04
 1.4644e-02  3.4177e-04
 1.4762e-02  3.7831e-04
 1.4881e-02  4.7020e-04
 1.5001e-02  5.4032e-04
 1.5122e-02  5.0584e-04
 1.5244e-02  5.1585e-04
 1.5366e-02  4.8813e-04
 1.5459e-02  4.9425e-04
 1.5584e-02  4.1505e-04
 1.5710e-02  3.3753e-04
 1.5836e-02  3.3216e-04
 1.5964e-02  3.9414e-04
 1.6060e-02  4.2629e-04
 1.6190e-02  3.8995e-04
 1.6320e-02  3.8306e-04
 1.6419e-02  4.2176e-04
 1.6551e-02  4.1802e-04
 1.6685e-02  3.7429e-04
 1.6786e-02  4.0482e-04
 1.6921e-02  4.7272e-04
 1.7023e-02  4.4651e-04
 1.7160e-02  4.2782e-04
 1.7264e-02  6.0132e-04
 1.7403e-02  5.6900e-04
 1.7508e-02  5.1769e-04
 1.7649e-02  4.9779e-04
 1.7756e-02  5.1037e-04
 1.7863e-02  4.4730e-04
 1.8007e-02  3.6054e-04
 1.8116e-02  3.8034e-04
 1.8226e-02  3.8926e-04
 1.8336e-02  4.1136e-04
 1.8483e-02  3.5480e-04
 1.8595e-02  4.6189e-04
 1.8745e-02  4.8552e-04
 1.8896e-02  4.7272e-04
 1.9048e-02  5.5892e-04
 1.9164e-02  5.1954e-04
 1.9318e-02  5.1493e-04
 1.9435e-02  3.8034e-04
 1.9591e-02  4.7694e-04
 1.9749e-02  4.0990e-04
 1.9869e-02  3.5291e-04
 2.0029e-02  3.5990e-04
 2.0150e-02  3.1825e-04
 2.0312e-02  3.1939e-04
 2.0435e-02  2.6869e-04
 2.0558e-02  2.7843e-04
 2.0724e-02  3.1825e-04
 2.0849e-02  2.9373e-04
 2.0975e-02  2.4754e-04
 2.1144e-02  3.0711e-04
 2.1272e-02  2.7158e-04
 2.1401e-02  2.3465e-04
 2.1573e-02  2.4447e-04
 2.1704e-02  3.5670e-04
 2.1835e-02  4.7950e-04
 2.1967e-02  4.5292e-04
 2.2099e-02  4.7695e-04
 2.2233e-02  5.5399e-04
 2.2412e-02  5.5991e-04
 2.2593e-02  3.9838e-04
 2.2729e-02  2.9268e-04
 2.2912e-02  3.0061e-04
 2.3051e-02  3.1375e-04
 2.3237e-02  2.6488e-04
 2.3377e-02  2.5289e-04
 2.3518e-02  2.8294e-04
 2.3708e-02  2.8649e-04
 2.3851e-02  2.7695e-04
 2.3995e-02  2.5882e-04
 2.4189e-02  3.0168e-04
 2.4335e-02  3.1431e-04
 2.4482e-02  3.6965e-04
 2.4679e-02  4.6272e-04
 2.4828e-02  4.3629e-04
 2.4978e-02  4.5779e-04
 2.5129e-02  4.2705e-04
 2.5281e-02  4.5535e-04
 2.5433e-02  3.9344e-04
 2.5638e-02  4.1876e-04
 2.5793e-02  4.0266e-04
 2.5949e-02  4.2026e-04
 2.6106e-02  3.7899e-04
 2.6264e-02  3.5607e-04
 2.6475e-02  3.1825e-04
 2.6635e-02  2.8905e-04
 2.6796e-02  2.6630e-04
 2.7012e-02  2.5244e-04
 2.7175e-02  3.2630e-04
 2.7340e-02  2.7943e-04
 2.7560e-02  3.2455e-04
 2.7726e-02  3.8718e-04
 2.7894e-02  4.1505e-04
 2.8062e-02  5.1037e-04
 2.8232e-02  4.1802e-04
 2.8460e-02  4.7272e-04
 2.8631e-02  3.8787e-04
 2.8804e-02  3.3454e-04
 2.8978e-02  3.8238e-04
 2.9153e-02  3.0115e-04
 2.9330e-02  3.3394e-04
 2.9507e-02  3.8512e-04
 2.9685e-02  4.1653e-04
 2.9864e-02  3.7630e-04
 3.0105e-02  2.8751e-04
 3.0287e-02  2.9425e-04
 3.0470e-02  2.6394e-04
 3.0654e-02  2.5744e-04
 3.0901e-02  2.7794e-04
 3.1088e-02  3.3514e-04
 3.1276e-02  3.6183e-04
 3.1464e-02  3.1319e-04
 3.1655e-02  3.3158e-04
 3.1910e-02  3.8375e-04
 3.2102e-02  4.7526e-04
 3.2296e-02  4.7780e-04
 3.2491e-02  4.7780e-04
 3.2688e-02  4.8208e-04
 3.2885e-02  4.2402e-04
 3.3084e-02  3.4056e-04
 3.3284e-02  3.0223e-04
 3.3485e-02  3.0931e-04
 3.3687e-02  2.3887e-04
 3.3891e-02  2.6821e-04
 3.4095e-02  3.2054e-04
 3.4370e-02  3.7764e-04
 3.4578e-02  3.5544e-04
 3.4787e-02  3.0493e-04
 3.4997e-02  3.1713e-04
 3.5208e-02  3.0547e-04
 3.5421e-02  2.9689e-04
 3.5635e-02  2.6114e-04
 3.5850e-02  2.5289e-04
 3.6139e-02  2.2086e-04
 3.6357e-02  3.1320e-04
 3.6577e-02  3.9345e-04
 3.6798e-02  4.0338e-04
 3.7020e-02  3.9697e-04
 3.7169e-02  5.2236e-04
 3.7394e-02  5.8023e-04
 3.7620e-02  5.9598e-04
 3.7923e-02  5.2329e-04
 3.8152e-02  4.6603e-04
 3.8382e-02  4.9075e-04
 3.8614e-02  4.4414e-04
 3.8847e-02  5.3171e-04
 3.9082e-02  5.1678e-04
 3.9318e-02  4.9869e-04
 3.9556e-02  5.2329e-04
 3.9795e-02  5.0495e-04
 4.0035e-02  4.8901e-04
 4.0277e-02  5.0226e-04
 4.0520e-02  5.3457e-04
 4.0765e-02  5.2610e-04
 4.1011e-02  5.5696e-04
 4.1259e-02  6.5152e-04
 4.1508e-02  5.2517e-04
 4.1759e-02  3.3995e-04
 4.2011e-02  2.8803e-04
 4.2265e-02  2.9009e-04
 4.2520e-02  3.0548e-04
 4.2777e-02  3.3634e-04
 4.3035e-02  5.5598e-04
 4.3295e-02  6.3547e-04
 4.3557e-02  6.2315e-04
 4.3820e-02  6.1105e-04
 4.4085e-02  6.0559e-04
 4.4351e-02  5.1679e-04
 4.4619e-02  4.6108e-04
 4.4889e-02  3.7230e-04
 4.5160e-02  4.4652e-04
 4.5432e-02  4.1654e-04
 4.5707e-02  4.2631e-04
 4.5983e-02  4.7781e-04
 4.6261e-02  4.2253e-04
 4.6540e-02  5.3078e-04
 4.6821e-02  5.0405e-04
 4.7104e-02  4.7189e-04
 4.7389e-02  4.8037e-04
 4.7675e-02  4.6770e-04
 4.7963e-02  5.7105e-04
 4.8253e-02  5.7001e-04
 4.8544e-02  5.7614e-04
 4.8837e-02  5.7510e-04
 4.9034e-02  6.1433e-04
 4.9330e-02  6.2872e-04
 4.9628e-02  5.5302e-04
 4.9928e-02  5.1220e-04
 5.0229e-02  6.4919e-04
 5.0533e-02  6.1542e-04
 5.0838e-02  6.1651e-04
 5.1145e-02  4.6191e-04
 5.1454e-02  3.5735e-04
 5.1765e-02  4.1285e-04
 5.2078e-02  3.4239e-04
 5.2392e-02  3.4301e-04
 5.2709e-02  3.0386e-04
 5.3027e-02  4.2028e-04
 5.3347e-02  5.2050e-04
 5.3670e-02  4.1804e-04
 5.3994e-02  3.3336e-04
 5.4211e-02  3.9416e-04
 5.4539e-02  3.2806e-04
 5.4868e-02  4.3864e-04
 5.5199e-02  3.8789e-04
 5.5533e-02  4.5781e-04
 5.5868e-02  4.9692e-04
 5.6206e-02  4.8555e-04
 5.6545e-02  5.3173e-04
 5.6887e-02  3.8172e-04
 5.7231e-02  3.3277e-04
 5.7576e-02  3.5609e-04
 5.7808e-02  4.8038e-04
 5.8157e-02  4.6605e-04
 5.8508e-02  5.6903e-04
 5.8862e-02  5.6295e-04
 5.9217e-02  6.4920e-04
 5.9575e-02  6.2759e-04
 5.9935e-02  4.6357e-04
 6.0297e-02  4.5619e-04
 6.0540e-02  4.4495e-04
 6.0905e-02  5.7511e-04
 6.1273e-02  5.0858e-04
 6.1643e-02  4.4416e-04
 6.2016e-02  4.9693e-04
 6.2390e-02  5.1680e-04
 6.2767e-02  4.7613e-04
 6.3146e-02  5.8442e-04
 6.3528e-02  5.4909e-04
 6.3783e-02  4.5376e-04
 6.4169e-02  4.4813e-04
 6.4556e-02  4.7528e-04
 6.4946e-02  3.2170e-04
 6.5339e-02  2.4188e-04
 6.5733e-02  2.5021e-04
 6.6130e-02  3.1489e-04
 6.6530e-02  4.0485e-04
 6.6797e-02  3.6836e-04
 6.7201e-02  5.4909e-04
 6.7607e-02  6.3212e-04
 6.8015e-02  6.8980e-04
 6.8426e-02  7.0595e-04
 6.8839e-02  7.3682e-04
 6.9255e-02  8.0405e-04
 6.9534e-02  6.9349e-04
 6.9954e-02  6.2095e-04
 7.0376e-02  6.4350e-04
 7.0802e-02  6.4350e-04
 7.1229e-02  5.8547e-04
 7.1659e-02  5.4520e-04
 7.1948e-02  5.0229e-04
 7.2382e-02  5.3460e-04
 7.2820e-02  5.2894e-04
 7.3260e-02  4.4102e-04
 7.3702e-02  5.1774e-04
 7.4147e-02  5.0950e-04
 7.4595e-02  6.6804e-04
 7.4895e-02  5.9285e-04
 7.5348e-02  5.9815e-04
 7.5803e-02  7.8702e-04
 7.6261e-02  7.1231e-04
 7.6721e-02  7.4343e-04
 7.7185e-02  6.3666e-04
 7.7495e-02  7.3289e-04
 7.7963e-02  7.0722e-04
 7.8434e-02  5.3653e-04
 7.8908e-02  6.4809e-04
 7.9385e-02  6.7163e-04
 7.9704e-02  7.8428e-04
 8.0186e-02  7.7451e-04
 8.0670e-02  7.0473e-04
 8.1157e-02  6.5506e-04
 8.1648e-02  5.1499e-04
 8.1976e-02  5.9073e-04
 8.2471e-02  3.8311e-04
 8.2969e-02  3.7367e-04
 8.3471e-02  3.7433e-04
 8.3975e-02  4.4418e-04
 8.4482e-02  4.9080e-04
 8.4822e-02  3.9843e-04
 8.5334e-02  5.2615e-04
 8.5850e-02  6.1547e-04
 8.6368e-02  7.8570e-04
 8.6716e-02  7.2641e-04
 8.7240e-02  6.6687e-04
 8.7767e-02  7.6497e-04
 8.8297e-02  7.7453e-04
 8.8830e-02  7.7734e-04
 8.9367e-02  7.2902e-04
 8.9726e-02  6.0893e-04
 9.0268e-02  7.6908e-04
 9.0814e-02  8.6043e-04
 9.1362e-02  7.8852e-04
 9.1730e-02  8.7903e-04
 9.2284e-02  7.1868e-04
 9.2841e-02  8.7124e-04
 9.3402e-02  7.4747e-04
 9.3966e-02  8.6662e-04
 9.4344e-02  9.7652e-04
 9.4914e-02  9.1422e-04
 9.5488e-02  1.0945e-03
 9.6064e-02  1.1302e-03
 9.6645e-02  1.3245e-03
 9.7033e-02  1.3531e-03
 9.7620e-02  1.3459e-03
 9.8209e-02  1.3579e-03
 9.8802e-02  1.3824e-03
 9.9200e-02  1.2827e-03
 9.9799e-02  1.1444e-03
 1.0040e-01  1.0066e-03
 1.0101e-01  1.0450e-03
 1.0162e-01  1.2289e-03
 1.0203e-01  1.1444e-03
 1.0264e-01  1.0156e-03
 1.0326e-01  1.0637e-03
 1.0389e-01  1.1712e-03
 1.0431e-01  1.0926e-03
 1.0494e-01  1.1838e-03
 1.0557e-01  1.3948e-03
 1.0621e-01  1.5660e-03
 1.0663e-01  1.7459e-03
 1.0728e-01  1.8484e-03
 1.0793e-01  1.9885e-03
 1.0858e-01  1.9639e-03
 1.0923e-01  2.0865e-03
 1.0967e-01  2.0497e-03
 1.1034e-01  2.0171e-03
 1.1100e-01  2.1165e-03
 1.1167e-01  2.3138e-03
 1.1212e-01  2.4149e-03
 1.1280e-01  2.4106e-03
 1.1348e-01  2.7603e-03
 1.1417e-01  2.7456e-03
 1.1463e-01  2.4279e-03
 1.1532e-01  2.5115e-03
 1.1602e-01  2.8149e-03
 1.1672e-01  3.0993e-03
 1.1719e-01  3.6385e-03
 1.1789e-01  2.6120e-03
 1.1861e-01  4.3484e-03
