#      mass       lower       upper
 1.0300e-03  2.9868e-07  2.2353e-04
 1.0416e-03  2.9235e-07  2.6735e-04
 1.0513e-03  2.8700e-07  2.8320e-04
 1.0692e-03  2.7682e-07  2.5740e-04
 1.1016e-03  2.5733e-07  2.5482e-04
 1.1125e-03  2.5041e-07  2.3146e-04
 1.1180e-03  2.4690e-07  2.1278e-04
 1.1266e-03  2.4123e-07  2.1237e-04
 1.1807e-03  2.1586e-07  2.0105e-04
 1.1826e-03  2.1493e-07  2.0012e-04
 1.2905e-03  2.0855e-07  1.8347e-04
 1.3333e-03  2.0625e-07  1.7275e-04
 1.3578e-03  2.0492e-07  1.6820e-04
 1.4317e-03  2.0376e-07  1.5324e-04
 1.5079e-03  2.0255e-07  1.4810e-04
 1.5590e-03  2.0180e-07  1.4410e-04
 1.5728e-03  2.0177e-07  1.4289e-04
 1.7371e-03  2.0141e-07  1.2796e-04
 1.7898e-03  2.0131e-07  1.2247e-04
 1.8447e-03  2.0151e-07  1.1905e-04
 1.9001e-03  2.0169e-07  1.1541e-04
 2.0550e-03  2.0221e-07  1.0500e-04
 2.2756e-03  2.0355e-07  9.5175e-05
 2.3368e-03  2.0390e-07  9.2210e-05
 2.3482e-03  2.0396e-07  9.1475e-05
 2.3595e-03  2.0402e-07  9.1125e-05
 2.4043e-03  2.0434e-07  8.9395e-05
 2.5962e-03  2.0571e-07  8.2178e-05
 2.7092e-03  2.0648e-07  7.7587e-05
 2.7578e-03  2.0685e-07  7.5480e-05
 2.8688e-03  2.0768e-07  7.3277e-05
 2.9582e-03  2.0836e-07  7.0837e-05
 3.1105e-03  2.0944e-07  6.6464e-05
 3.2421e-03  2.1043e-07  6.2290e-05
 3.3674e-03  2.1137e-07  6.0620e-05
 3.5499e-03  2.1267e-07  5.8098e-05
 3.5713e-03  2.1282e-07  5.7669e-05
 3.6126e-03  2.1312e-07  5.6982e-05
 3.8301e-03  2.1470e-07  5.3544e-05
 4.1004e-03  2.1657e-07  4.8939e-05
 4.3584e-03  2.1838e-07  4.6005e-05
 4.4417e-03  2.1896e-07  4.5047e-05
 4.7079e-03  2.2069e-07  4.1851e-05
 4.9458e-03  2.2225e-07  4.0018e-05
 5.3852e-03  2.2503e-07  3.6398e-05
 5.4054e-03  2.2515e-07  3.6228e-05
 5.6153e-03  2.2645e-07  3.4193e-05
 5.7928e-03  2.2752e-07  3.2376e-05
 6.2063e-03  2.2998e-07  3.0625e-05
 6.3720e-03  2.3094e-07  2.9840e-05
 6.5899e-03  2.3217e-07  2.8778e-05
 7.1258e-03  2.3516e-07  2.6086e-05
 7.2272e-03  2.3572e-07  2.5758e-05
 8.1046e-03  2.4031e-07  2.2736e-05
 8.1427e-03  2.4050e-07  2.2552e-05
 8.1814e-03  2.4070e-07  2.2460e-05
 8.1940e-03  2.4077e-07  2.2423e-05
 8.3146e-03  2.4138e-07  2.2066e-05
 8.3488e-03  2.4155e-07  2.1963e-05
 9.2853e-03  2.4615e-07  1.9275e-05
 9.3937e-03  2.4667e-07  1.8941e-05
 9.5456e-03  2.4748e-07  1.8450e-05
 9.8769e-03  2.4923e-07  1.7948e-05
 1.0501e-02  2.5251e-07  1.6640e-05
 1.0785e-02  2.5398e-07  1.6010e-05
 1.1852e-02  2.5991e-07  1.4450e-05
 1.2045e-02  2.6096e-07  1.4151e-05
 1.2383e-02  2.6281e-07  1.3630e-05
 1.3234e-02  2.6743e-07  1.2615e-05
 1.3361e-02  2.6811e-07  1.2475e-05
 1.4218e-02  2.7272e-07  1.1486e-05
 1.4612e-02  2.7482e-07  1.1140e-05
 1.5046e-02  2.7713e-07  1.0766e-05
 1.6324e-02  2.8393e-07  9.5829e-06
 1.6922e-02  2.8712e-07  9.2109e-06
 1.7628e-02  2.9089e-07  8.7541e-06
 1.8743e-02  2.9680e-07  8.0134e-06
 2.0369e-02  3.0563e-07  7.2706e-06
 2.1205e-02  3.1011e-07  6.8609e-06
 2.1319e-02  3.1072e-07  6.8065e-06
 2.1520e-02  3.1182e-07  6.7107e-06
 2.1842e-02  3.1374e-07  6.5880e-06
 2.2566e-02  3.1785e-07  6.3044e-06
 2.4708e-02  3.2988e-07  5.5328e-06
 2.5349e-02  3.3369e-07  5.3567e-06
 2.6662e-02  3.4149e-07  5.0020e-06
 2.8369e-02  3.5211e-07  4.5043e-06
 2.9741e-02  3.6036e-07  4.2318e-06
 3.0092e-02  3.6263e-07  4.1595e-06
 3.2571e-02  3.7900e-07  3.6470e-06
 3.3112e-02  3.8245e-07  3.5701e-06
 3.4978e-02  3.9512e-07  3.2931e-06
 3.5565e-02  3.9940e-07  3.2018e-06
 3.7397e-02  4.1308e-07  2.9196e-06
 3.8985e-02  4.2717e-07  2.6487e-06
 4.0768e-02  4.4164e-07  2.5032e-06
 4.1667e-02  4.4981e-07  2.4266e-06
 4.2938e-02  4.6256e-07  2.2739e-06
 4.5006e-02  4.8433e-07  2.0937e-06
 4.8251e-02  5.2769e-07  1.7796e-06
 4.9299e-02  5.4423e-07  1.6747e-06
 4.9516e-02  5.4742e-07  1.6595e-06
 4.9978e-02  5.5479e-07  1.6262e-06
 5.4293e-02  6.5463e-07  1.2673e-06
 5.5221e-02  6.9487e-07  1.1666e-06
 5.6603e-02  8.1208e-07  9.6332e-07
 5.9260e-02  1.0000e+05  1.0000e+05
 6.2092e-02  1.0000e+05  1.0000e+05
 6.3467e-02  1.0000e+05  1.0000e+05
 6.4345e-02  1.0000e+05  1.0000e+05
 6.4990e-02  1.0000e+05  1.0000e+05
 6.6855e-02  1.0000e+05  1.0000e+05
 6.8927e-02  1.0000e+05  1.0000e+05
 6.9192e-02  1.0000e+05  1.0000e+05
 7.3153e-02  1.0000e+05  1.0000e+05
 7.3793e-02  1.0000e+05  1.0000e+05
 7.4618e-02  1.0000e+05  1.0000e+05
 7.4892e-02  1.0000e+05  1.0000e+05
 7.5159e-02  1.0000e+05  1.0000e+05
 7.7702e-02  1.0000e+05  1.0000e+05
 7.8907e-02  1.0000e+05  1.0000e+05
 7.8948e-02  1.0000e+05  1.0000e+05
 8.0314e-02  1.0000e+05  1.0000e+05
 8.0701e-02  1.0000e+05  1.0000e+05
