#      mass       lower
 2.1410e-01  1.7227e-04
 2.1420e-01  1.5462e-04
 2.1430e-01  9.0845e-05
 2.1450e-01  7.3802e-05
 2.1460e-01  6.4678e-05
 2.1470e-01  8.9175e-05
 2.1490e-01  1.3490e-04
 2.1500e-01  1.8828e-04
 2.1520e-01  2.0954e-04
 2.1530e-01  1.6857e-04
 2.1550e-01  1.6273e-04
 2.1560e-01  1.1659e-04
 2.1580e-01  1.0587e-04
 2.1590e-01  1.0826e-04
 2.1610e-01  1.1916e-04
 2.1620e-01  1.2215e-04
 2.1640e-01  1.7574e-04
 2.1660e-01  1.3915e-04
 2.1670e-01  1.3195e-04
 2.1690e-01  1.4309e-04
 2.1710e-01  1.5619e-04
 2.1730e-01  1.7032e-04
 2.1750e-01  2.0791e-04
 2.1770e-01  1.3022e-04
 2.1780e-01  8.1823e-05
 2.1800e-01  1.1478e-04
 2.1820e-01  8.1778e-05
 2.1840e-01  7.1627e-05
 2.1860e-01  6.9088e-05
 2.1880e-01  1.0078e-04
 2.1910e-01  1.4321e-04
 2.1930e-01  1.7346e-04
 2.1950e-01  1.8655e-04
 2.1970e-01  1.8691e-04
 2.1990e-01  1.8583e-04
 2.2010e-01  1.8416e-04
 2.2040e-01  1.9337e-04
 2.2060e-01  1.9622e-04
 2.2080e-01  1.7238e-04
 2.2110e-01  1.7157e-04
 2.2130e-01  1.6776e-04
 2.2160e-01  1.4833e-04
 2.2180e-01  9.6585e-05
 2.2200e-01  1.4070e-04
 2.2230e-01  1.0207e-04
 2.2260e-01  1.5786e-04
 2.2280e-01  1.5831e-04
 2.2310e-01  1.3517e-04
 2.2330e-01  1.3013e-04
 2.2360e-01  1.0823e-04
 2.2390e-01  1.0042e-04
 2.2410e-01  9.8051e-05
 2.2440e-01  1.1410e-04
 2.2470e-01  1.1909e-04
 2.2500e-01  1.4907e-04
 2.2530e-01  1.7631e-04
 2.2560e-01  1.9507e-04
 2.2590e-01  1.6755e-04
 2.2620e-01  1.3540e-04
 2.2650e-01  1.4088e-04
 2.2680e-01  9.5608e-05
 2.2710e-01  9.4869e-05
 2.2740e-01  1.0907e-04
 2.2770e-01  1.4653e-04
 2.2800e-01  1.1996e-04
 2.2830e-01  1.4421e-04
 2.2860e-01  1.8867e-04
 2.2900e-01  2.2466e-04
 2.2930e-01  1.9303e-04
 2.2960e-01  1.8307e-04
 2.3000e-01  1.6256e-04
 2.3030e-01  1.4968e-04
 2.3060e-01  1.4154e-04
 2.3100e-01  1.4180e-04
 2.3130e-01  1.5648e-04
 2.3170e-01  1.6452e-04
 2.3200e-01  1.5225e-04
 2.3240e-01  1.4204e-04
 2.3270e-01  9.4858e-05
 2.3310e-01  8.4731e-05
 2.3350e-01  8.6093e-05
 2.3380e-01  1.0671e-04
 2.3420e-01  1.3237e-04
 2.3460e-01  1.5804e-04
 2.3500e-01  1.9387e-04
 2.3530e-01  1.6759e-04
 2.3570e-01  1.7011e-04
 2.3610e-01  1.5122e-04
 2.3650e-01  2.0233e-04
 2.3690e-01  2.0809e-04
 2.3730e-01  1.9688e-04
 2.3770e-01  1.4457e-04
 2.3810e-01  1.4003e-04
 2.3850e-01  1.7057e-04
 2.3890e-01  1.8480e-04
 2.3930e-01  1.4012e-04
 2.3980e-01  1.2412e-04
 2.4020e-01  1.2366e-04
 2.4060e-01  1.3054e-04
 2.4100e-01  1.7302e-04
 2.4150e-01  1.5916e-04
 2.4190e-01  1.4226e-04
 2.4230e-01  9.1453e-05
 2.4280e-01  1.1157e-04
 2.4320e-01  9.8812e-05
 2.4370e-01  1.1906e-04
 2.4410e-01  1.6420e-04
 2.4460e-01  1.8514e-04
 2.4500e-01  2.3013e-04
 2.4550e-01  2.1447e-04
 2.4600e-01  2.1319e-04
 2.4640e-01  1.7064e-04
 2.4690e-01  2.1169e-04
 2.4740e-01  1.8639e-04
 2.4780e-01  1.3085e-04
 2.4830e-01  1.6920e-04
 2.4880e-01  1.7147e-04
 2.4930e-01  1.0380e-04
 2.4980e-01  9.4350e-05
 2.5030e-01  8.9990e-05
 2.5080e-01  9.6328e-05
 2.5130e-01  1.4294e-04
 2.5180e-01  1.4841e-04
 2.5230e-01  1.2715e-04
 2.5280e-01  1.1270e-04
 2.5330e-01  1.0442e-04
 2.5380e-01  1.2371e-04
 2.5430e-01  1.5089e-04
 2.5480e-01  2.1288e-04
 2.5540e-01  1.8348e-04
 2.5590e-01  1.7063e-04
 2.5640e-01  1.6446e-04
 2.5700e-01  1.8071e-04
 2.5750e-01  1.2196e-04
 2.5800e-01  1.6819e-04
 2.5860e-01  1.1268e-04
 2.5910e-01  1.4274e-04
 2.5970e-01  1.5840e-04
 2.6020e-01  1.7031e-04
 2.6080e-01  1.6951e-04
 2.6130e-01  1.6388e-04
 2.6190e-01  1.6187e-04
 2.6250e-01  2.0058e-04
 2.6300e-01  1.9832e-04
 2.6360e-01  1.9408e-04
 2.6420e-01  1.3574e-04
 2.6480e-01  9.0490e-05
 2.6530e-01  1.0064e-04
 2.6590e-01  1.0648e-04
 2.6650e-01  1.8715e-04
 2.6710e-01  2.7382e-04
 2.6770e-01  2.2741e-04
 2.6830e-01  2.0108e-04
 2.6890e-01  1.1477e-04
 2.6950e-01  1.0414e-04
 2.7010e-01  1.2355e-04
 2.7070e-01  1.0136e-04
 2.7130e-01  1.7085e-04
 2.7190e-01  1.7751e-04
 2.7260e-01  1.9694e-04
 2.7320e-01  1.9741e-04
 2.7380e-01  2.1286e-04
 2.7440e-01  1.7484e-04
 2.7510e-01  1.5103e-04
 2.7570e-01  1.4061e-04
 2.7630e-01  1.0752e-04
 2.7700e-01  9.5699e-05
 2.7760e-01  8.0714e-05
 2.7830e-01  7.6450e-05
 2.7890e-01  1.4621e-04
 2.7960e-01  1.8737e-04
 2.8020e-01  2.2191e-04
 2.8090e-01  2.9894e-04
 2.8160e-01  2.9360e-04
 2.8220e-01  2.2308e-04
 2.8290e-01  1.8052e-04
 2.8360e-01  9.0727e-05
 2.8420e-01  8.3254e-05
 2.8490e-01  1.0178e-04
 2.8560e-01  1.2554e-04
 2.8630e-01  1.7668e-04
 2.8700e-01  2.2574e-04
 2.8770e-01  2.7317e-04
 2.8830e-01  2.1855e-04
 2.8900e-01  2.2393e-04
 2.8970e-01  1.8261e-04
 2.9040e-01  2.1367e-04
 2.9120e-01  1.3828e-04
 2.9190e-01  7.9629e-05
 2.9260e-01  7.3728e-05
 2.9330e-01  8.7376e-05
 2.9400e-01  1.4566e-04
 2.9470e-01  2.3131e-04
 2.9540e-01  2.8033e-04
 2.9620e-01  2.0066e-04
 2.9690e-01  2.2187e-04
 2.9760e-01  1.5315e-04
 2.9840e-01  1.3190e-04
 2.9910e-01  1.1453e-04
 2.9990e-01  7.3169e-05
 3.0060e-01  1.0201e-04
 3.0140e-01  1.3701e-04
 3.0210e-01  2.0259e-04
 3.0290e-01  2.2740e-04
 3.0360e-01  2.3062e-04
 3.0440e-01  2.3250e-04
 3.0510e-01  2.3243e-04
 3.0590e-01  1.9943e-04
 3.0670e-01  1.8706e-04
 3.0740e-01  1.6437e-04
 3.0820e-01  1.4993e-04
 3.0900e-01  1.7317e-04
 3.0980e-01  1.4107e-04
 3.1060e-01  1.2254e-04
 3.1130e-01  1.4356e-04
 3.1210e-01  1.7593e-04
 3.1290e-01  2.0328e-04
 3.1370e-01  1.7673e-04
 3.1450e-01  1.0195e-04
 3.1530e-01  1.0355e-04
 3.1610e-01  8.7962e-05
 3.1690e-01  7.5841e-05
 3.1780e-01  1.8178e-04
 3.1860e-01  2.1872e-04
 3.1940e-01  2.4560e-04
 3.2020e-01  2.5591e-04
 3.2100e-01  2.4043e-04
 3.2190e-01  2.3676e-04
 3.2270e-01  2.2733e-04
 3.2350e-01  2.0700e-04
 3.2430e-01  1.3750e-04
 3.2520e-01  9.5377e-05
 3.2600e-01  8.5908e-05
 3.2690e-01  1.0621e-04
 3.2770e-01  1.3153e-04
 3.2860e-01  1.8590e-04
 3.2940e-01  2.3602e-04
 3.3030e-01  2.5925e-04
 3.3110e-01  2.0505e-04
 3.3200e-01  2.1679e-04
 3.3280e-01  1.4285e-04
 3.3370e-01  1.3361e-04
 3.3460e-01  1.2959e-04
 3.3550e-01  1.2787e-04
 3.3630e-01  1.3168e-04
 3.3720e-01  1.1834e-04
 3.3810e-01  1.3423e-04
 3.3900e-01  1.7978e-04
 3.3990e-01  1.3959e-04
 3.4080e-01  1.6202e-04
 3.4160e-01  1.7036e-04
 3.4250e-01  1.2268e-04
 3.4340e-01  1.0842e-04
 3.4430e-01  1.3107e-04
 3.4520e-01  1.1788e-04
 3.4620e-01  1.6457e-04
 3.4710e-01  1.8619e-04
 3.4800e-01  2.3482e-04
 3.4890e-01  2.6073e-04
 3.4980e-01  1.9293e-04
 3.5070e-01  1.5166e-04
 3.5170e-01  1.2535e-04
 3.5260e-01  1.1796e-04
 3.5350e-01  9.8258e-05
 3.5440e-01  1.1375e-04
 3.5540e-01  1.9971e-04
 3.5630e-01  2.7220e-04
 3.5730e-01  2.8896e-04
 3.5820e-01  3.1702e-04
 3.5920e-01  2.5513e-04
 3.6010e-01  2.1182e-04
 3.6110e-01  1.7460e-04
 3.6200e-01  1.4903e-04
 3.6300e-01  1.4120e-04
 3.6390e-01  1.3057e-04
 3.6490e-01  1.2887e-04
 3.6590e-01  1.2907e-04
 3.6680e-01  1.9003e-04
 3.6780e-01  1.6461e-04
 3.6880e-01  1.6235e-04
 3.6980e-01  1.4021e-04
 3.7070e-01  1.1737e-04
 3.7170e-01  1.1871e-04
 3.7270e-01  1.2578e-04
 3.7370e-01  1.4263e-04
 3.7470e-01  1.6338e-04
 3.7570e-01  1.5749e-04
 3.7670e-01  1.4303e-04
 3.7770e-01  1.8168e-04
 3.7870e-01  1.3956e-04
 3.7970e-01  1.9106e-04
 3.8070e-01  1.9319e-04
 3.8170e-01  2.6681e-04
 3.8270e-01  2.0456e-04
 3.8380e-01  2.1604e-04
 3.8480e-01  2.1491e-04
 3.8580e-01  1.3231e-04
 3.8680e-01  2.3368e-04
 3.8790e-01  2.5011e-04
 3.8890e-01  2.3096e-04
 3.8990e-01  2.3590e-04
 3.9100e-01  2.7997e-04
 3.9200e-01  1.9609e-04
 3.9310e-01  1.6098e-04
 3.9410e-01  1.4778e-04
 3.9520e-01  1.3102e-04
 3.9620e-01  1.2574e-04
 3.9730e-01  1.2871e-04
 3.9830e-01  1.5602e-04
 3.9940e-01  1.6901e-04
 4.0040e-01  1.9959e-04
 4.0150e-01  1.8608e-04
 4.0260e-01  1.8119e-04
 4.0360e-01  1.4045e-04
 4.0470e-01  2.2462e-04
 4.0580e-01  2.2960e-04
 4.0690e-01  1.3718e-04
 4.0800e-01  1.3558e-04
 4.0900e-01  1.6414e-04
 4.1010e-01  1.4643e-04
 4.1120e-01  1.3196e-04
 4.1230e-01  1.2894e-04
 4.1340e-01  1.4130e-04
 4.1450e-01  1.9294e-04
 4.1560e-01  1.5240e-04
 4.1670e-01  2.3056e-04
 4.1780e-01  1.3803e-04
 4.1890e-01  1.4209e-04
 4.2010e-01  1.6442e-04
 4.2120e-01  2.1104e-04
 4.2230e-01  2.5324e-04
 4.2340e-01  2.8264e-04
 4.2450e-01  2.9245e-04
 4.2570e-01  2.8070e-04
 4.2680e-01  2.6135e-04
 4.2790e-01  2.2739e-04
 4.2910e-01  1.8468e-04
 4.3020e-01  1.4844e-04
 4.3140e-01  1.0319e-04
 4.3250e-01  1.0514e-04
 4.3360e-01  1.8666e-04
 4.3480e-01  2.0899e-04
 4.3600e-01  2.0494e-04
 4.3710e-01  1.9666e-04
 4.3830e-01  2.3113e-04
 4.3940e-01  1.3173e-04
 4.4060e-01  1.1354e-04
 4.4180e-01  1.0545e-04
 4.4290e-01  1.2547e-04
 4.4410e-01  2.5339e-04
 4.4530e-01  2.7222e-04
 4.4650e-01  2.2802e-04
 4.4760e-01  2.4060e-04
 4.4880e-01  2.4221e-04
 4.5000e-01  2.3754e-04
 4.5120e-01  1.5526e-04
 4.5240e-01  1.3714e-04
 4.5360e-01  1.3838e-04
 4.5480e-01  1.6850e-04
 4.5600e-01  1.7521e-04
 4.5720e-01  1.9093e-04
 4.5840e-01  2.1317e-04
 4.5960e-01  2.2323e-04
 4.6080e-01  2.4018e-04
 4.6200e-01  2.3261e-04
 4.6320e-01  2.0045e-04
 4.6450e-01  1.6993e-04
 4.6570e-01  1.2919e-04
 4.6690e-01  1.9486e-04
 4.6810e-01  1.7731e-04
 4.6940e-01  1.7440e-04
 4.7060e-01  1.5969e-04
 4.7180e-01  1.9043e-04
 4.7310e-01  1.8114e-04
 4.7430e-01  2.4753e-04
 4.7560e-01  2.4933e-04
 4.7680e-01  2.8188e-04
 4.7810e-01  2.1927e-04
 4.7930e-01  2.3554e-04
 4.8060e-01  2.1271e-04
 4.8180e-01  1.5714e-04
 4.8310e-01  1.2282e-04
 4.8440e-01  1.0844e-04
 4.8560e-01  1.4268e-04
 4.8690e-01  2.4051e-04
 4.8820e-01  1.6731e-04
 4.8950e-01  1.9114e-04
 4.9070e-01  3.1772e-04
 4.9200e-01  2.9989e-04
 4.9330e-01  2.3160e-04
 4.9460e-01  1.7573e-04
 4.9590e-01  1.1162e-04
 4.9720e-01  1.2831e-04
 4.9850e-01  1.0373e-04
 4.9980e-01  1.0885e-04
 5.0110e-01  1.0068e-04
 5.0240e-01  1.1036e-04
 5.0370e-01  1.3182e-04
 5.0500e-01  2.5463e-04
 5.0630e-01  3.3033e-04
 5.0760e-01  3.1902e-04
 5.0900e-01  2.6813e-04
 5.1030e-01  1.0873e-04
 5.1160e-01  7.9654e-05
 5.1290e-01  9.7539e-05
 5.1430e-01  1.2939e-04
 5.1560e-01  1.5819e-04
 5.1690e-01  1.9996e-04
 5.1830e-01  2.8938e-04
 5.1960e-01  2.9887e-04
 5.2100e-01  1.4254e-04
 5.2230e-01  1.2417e-04
 5.2370e-01  9.7988e-05
 5.3000e-01  1.0000e+05
 5.7270e-01  2.3173e-04
 5.7420e-01  2.0531e-04
 5.7570e-01  2.4826e-04
 5.7710e-01  3.1913e-04
 5.7860e-01  3.0198e-04
 5.8010e-01  1.8174e-04
 5.8150e-01  1.6910e-04
 5.8300e-01  1.2806e-04
 5.8450e-01  1.2503e-04
 5.8590e-01  1.0672e-04
 5.8740e-01  1.2751e-04
 5.8890e-01  1.8525e-04
 5.9040e-01  1.5727e-04
 5.9190e-01  2.4014e-04
 5.9340e-01  2.0269e-04
 5.9490e-01  2.6281e-04
 5.9640e-01  2.9216e-04
 5.9790e-01  2.7516e-04
 5.9940e-01  2.3407e-04
 6.0090e-01  9.0356e-05
 6.0240e-01  7.3311e-05
 6.0390e-01  8.7498e-05
 6.0540e-01  9.6755e-05
 6.0700e-01  1.6955e-04
 6.0850e-01  1.9305e-04
 6.1000e-01  2.3399e-04
 6.1150e-01  2.7651e-04
 6.1310e-01  3.6351e-04
 6.1460e-01  2.7952e-04
 6.1610e-01  1.9488e-04
 6.1770e-01  1.3672e-04
 6.1920e-01  6.9675e-05
 6.2080e-01  5.6031e-05
 6.2230e-01  6.0633e-05
 6.2390e-01  1.1093e-04
 6.2540e-01  1.9568e-04
 6.2700e-01  2.7656e-04
 6.2850e-01  2.8705e-04
 6.3010e-01  3.1504e-04
 6.3170e-01  1.7062e-04
 6.3320e-01  1.1700e-04
 6.3480e-01  9.8667e-05
 6.3640e-01  8.6442e-05
 6.3800e-01  1.3549e-04
 6.3960e-01  1.6514e-04
 6.4110e-01  1.7917e-04
 6.4270e-01  1.9520e-04
 6.4430e-01  2.0090e-04
 6.4590e-01  1.0282e-04
 6.4750e-01  1.3064e-04
 6.4910e-01  1.0807e-04
 6.5070e-01  1.1845e-04
 6.5230e-01  2.3846e-04
 6.5390e-01  1.9039e-04
 6.5560e-01  1.4333e-04
 6.5720e-01  1.5776e-04
 6.5880e-01  1.3632e-04
 6.6040e-01  1.1555e-04
 6.6200e-01  9.2661e-05
 6.6370e-01  1.0120e-04
 6.6530e-01  1.3602e-04
 6.6690e-01  9.9869e-05
 6.6860e-01  1.0993e-04
 6.7020e-01  1.3204e-04
 6.7190e-01  1.6467e-04
 6.7350e-01  1.7081e-04
 6.7520e-01  1.6555e-04
 6.7680e-01  1.2382e-04
 6.7850e-01  1.6701e-04
 6.8010e-01  9.3387e-05
 6.8180e-01  1.5675e-04
 6.8350e-01  1.1666e-04
 6.8510e-01  1.7192e-04
 6.8680e-01  1.5797e-04
 6.8850e-01  1.3641e-04
 6.9010e-01  8.8511e-05
 6.9180e-01  6.8499e-05
 6.9350e-01  7.7988e-05
 6.9520e-01  7.1413e-05
 6.9690e-01  8.4024e-05
 6.9860e-01  8.2293e-05
 7.0030e-01  7.6837e-05
 7.0200e-01  6.9068e-05
 7.0370e-01  8.2178e-05
 7.0540e-01  9.5600e-05
 7.0710e-01  9.2606e-05
 7.0880e-01  1.1091e-04
 7.1050e-01  7.6518e-05
 7.1230e-01  8.9028e-05
 7.1400e-01  1.2209e-04
 7.1570e-01  1.1608e-04
 7.1740e-01  1.3629e-04
 7.1920e-01  8.4228e-05
 7.2090e-01  1.3422e-04
 7.2260e-01  9.7808e-05
 7.2440e-01  7.0006e-05
 7.2610e-01  5.9057e-05
 7.2790e-01  6.0459e-05
 7.2960e-01  7.1900e-05
 7.3140e-01  6.0787e-05
 7.3310e-01  9.6092e-05
 7.3490e-01  1.3215e-04
 7.3670e-01  1.2789e-04
 7.3840e-01  1.1644e-04
 7.4020e-01  1.0832e-04
 7.5000e-01  1.0000e+05
 8.2750e-01  6.4018e-05
 8.2940e-01  1.5557e-04
 8.3140e-01  1.3974e-04
 8.3330e-01  1.2604e-04
 8.3530e-01  9.1900e-05
 8.3720e-01  6.0969e-05
 8.3920e-01  5.8654e-05
 8.4110e-01  6.4305e-05
 8.4310e-01  5.7002e-05
 8.4500e-01  6.4325e-05
 8.4700e-01  1.4968e-04
 8.4890e-01  1.7068e-04
 8.5090e-01  1.7733e-04
 8.5290e-01  1.4714e-04
 8.5490e-01  1.0890e-04
 8.5680e-01  1.1543e-04
 8.5880e-01  1.3829e-04
 8.6080e-01  1.2324e-04
 8.6280e-01  1.3093e-04
 8.6480e-01  9.8206e-05
 8.6680e-01  1.5150e-04
 8.6880e-01  1.5662e-04
 8.7080e-01  1.8071e-04
 8.7280e-01  1.5383e-04
 8.7480e-01  1.1772e-04
 8.7680e-01  1.4339e-04
 8.7890e-01  8.3602e-05
 8.8090e-01  1.4857e-04
 8.8290e-01  1.0520e-04
 8.8490e-01  1.0595e-04
 8.8700e-01  1.1187e-04
 8.8900e-01  1.4871e-04
 8.9100e-01  1.3713e-04
 8.9310e-01  1.5587e-04
 8.9510e-01  1.6672e-04
 8.9720e-01  1.0632e-04
 8.9920e-01  1.1279e-04
 9.0130e-01  1.4684e-04
 9.0330e-01  8.6950e-05
 9.0540e-01  1.7794e-04
 9.0750e-01  2.3070e-04
 9.0960e-01  2.7502e-04
 9.1160e-01  1.8768e-04
 9.1370e-01  1.6288e-04
 9.1580e-01  9.0910e-05
 9.1790e-01  6.8040e-05
 9.2000e-01  1.9061e-04
 9.2210e-01  2.6423e-04
 9.2420e-01  2.9089e-04
 9.2630e-01  1.9369e-04
 9.2840e-01  2.0027e-04
 9.3050e-01  8.3919e-05
 9.3260e-01  5.5446e-05
 9.3470e-01  1.8417e-04
 9.3680e-01  1.7708e-04
 9.3890e-01  6.8314e-05
 9.4110e-01  1.7974e-04
 9.4320e-01  2.9943e-04
 9.4530e-01  3.4430e-04
 9.4750e-01  3.1559e-04
 9.4960e-01  2.7101e-04
 9.5180e-01  1.5956e-04
 9.5390e-01  9.7961e-05
 9.5610e-01  2.4034e-04
 9.5820e-01  2.6294e-04
 9.6000e-01  1.0000e+05
 1.1620e+00  2.6238e-04
 1.1650e+00  2.6944e-04
 1.1670e+00  2.9054e-04
 1.1700e+00  2.7396e-04
 1.1720e+00  2.6591e-04
 1.1750e+00  2.9890e-04
 1.1780e+00  3.5421e-04
 1.1800e+00  3.2934e-04
 1.1830e+00  2.7465e-04
 1.1850e+00  1.8742e-04
 1.1880e+00  1.8955e-04
 1.1900e+00  3.1018e-04
 1.1930e+00  3.2060e-04
 1.1950e+00  3.5211e-04
 1.1980e+00  3.5660e-04
 1.2000e+00  3.4125e-04
 1.2030e+00  2.9168e-04
 1.2060e+00  2.3580e-04
 1.2080e+00  1.9946e-04
 1.2110e+00  1.9675e-04
 1.2130e+00  2.6563e-04
 1.2160e+00  1.9778e-04
 1.2190e+00  1.8762e-04
 1.2210e+00  1.9635e-04
 1.2240e+00  2.5389e-04
 1.2260e+00  2.9942e-04
 1.2290e+00  2.6714e-04
 1.2320e+00  3.1638e-04
 1.2340e+00  2.3153e-04
 1.2370e+00  3.5974e-04
 1.2400e+00  3.2437e-04
 1.2420e+00  3.3445e-04
 1.2450e+00  3.5592e-04
 1.2470e+00  3.6755e-04
 1.2500e+00  3.8120e-04
 1.2530e+00  3.9103e-04
 1.2550e+00  3.8390e-04
 1.2580e+00  3.7106e-04
 1.2610e+00  3.7224e-04
 1.2630e+00  2.5924e-04
 1.2660e+00  2.2112e-04
 1.2690e+00  1.9441e-04
 1.2710e+00  1.7030e-04
 1.2740e+00  1.4815e-04
 1.2770e+00  1.9492e-04
 1.2800e+00  2.6788e-04
 1.2820e+00  3.2261e-04
 1.2850e+00  3.7067e-04
 1.2880e+00  4.1251e-04
 1.2900e+00  3.7780e-04
 1.2930e+00  3.4204e-04
 1.2960e+00  2.4620e-04
 1.2990e+00  1.6903e-04
 1.3010e+00  1.9219e-04
 1.3040e+00  3.8829e-04
 1.3070e+00  3.6571e-04
 1.3100e+00  3.3229e-04
 1.3120e+00  3.1522e-04
 1.3150e+00  3.5718e-04
 1.3180e+00  1.9621e-04
 1.3210e+00  1.9149e-04
 1.3230e+00  1.7955e-04
 1.3260e+00  1.4374e-04
 1.3290e+00  1.6431e-04
 1.3320e+00  1.8982e-04
 1.3350e+00  1.9615e-04
 1.3370e+00  2.2104e-04
 1.3400e+00  2.3926e-04
 1.3430e+00  2.7227e-04
 1.3460e+00  2.3094e-04
 1.3490e+00  3.4301e-04
 1.3510e+00  4.2913e-04
 1.3540e+00  2.9136e-04
 1.3570e+00  2.6565e-04
 1.3600e+00  2.6815e-04
 1.3630e+00  3.5009e-04
 1.3660e+00  2.8437e-04
 1.3680e+00  2.7381e-04
 1.3710e+00  3.9793e-04
 1.3740e+00  3.5362e-04
 1.3770e+00  4.4679e-04
 1.3800e+00  4.5390e-04
 1.3830e+00  1.7722e-04
 1.3860e+00  1.8564e-04
 1.3890e+00  1.8955e-04
 1.3910e+00  2.4418e-04
 1.3940e+00  2.7608e-04
 1.3970e+00  3.7294e-04
 1.4000e+00  4.1558e-04
 1.4030e+00  4.5217e-04
 1.4060e+00  4.5328e-04
 1.4090e+00  4.5606e-04
 1.4120e+00  2.9025e-04
 1.4150e+00  2.3056e-04
 1.4180e+00  2.4218e-04
 1.4210e+00  1.9126e-04
 1.4230e+00  3.2388e-04
 1.4260e+00  2.1239e-04
 1.4290e+00  2.8794e-04
 1.4320e+00  2.8214e-04
 1.4350e+00  3.1864e-04
 1.4380e+00  3.0923e-04
 1.4410e+00  2.7291e-04
 1.4440e+00  2.8254e-04
 1.4470e+00  2.5386e-04
 1.4500e+00  2.7617e-04
 1.4530e+00  3.5784e-04
 1.4560e+00  3.7959e-04
 1.4590e+00  4.5378e-04
 1.4620e+00  5.0427e-04
 1.4650e+00  4.7842e-04
 1.4680e+00  5.0273e-04
 1.4710e+00  3.5563e-04
 1.4740e+00  3.2007e-04
 1.4770e+00  3.7179e-04
 1.4800e+00  3.2617e-04
 1.4830e+00  3.7608e-04
 1.4860e+00  3.5573e-04
 1.4890e+00  2.6119e-04
 1.4920e+00  2.9123e-04
 1.4960e+00  3.1215e-04
 1.4990e+00  4.0565e-04
 1.5020e+00  4.1284e-04
 1.5050e+00  3.9772e-04
 1.5080e+00  3.8500e-04
 1.5110e+00  4.2029e-04
 1.5140e+00  3.8382e-04
 1.5170e+00  3.0098e-04
 1.5200e+00  2.2480e-04
 1.5230e+00  2.1485e-04
 1.5260e+00  2.2118e-04
 1.5300e+00  2.2493e-04
 1.5330e+00  2.5269e-04
 1.5360e+00  2.4913e-04
 1.5390e+00  3.0826e-04
 1.5420e+00  4.4208e-04
 1.5450e+00  4.9081e-04
 1.5480e+00  4.0640e-04
 1.5510e+00  4.2200e-04
 1.5550e+00  3.1461e-04
 1.5580e+00  3.2409e-04
 1.5610e+00  4.0151e-04
 1.5640e+00  3.8796e-04
 1.5670e+00  3.7755e-04
 1.5700e+00  3.2021e-04
 1.5740e+00  2.8480e-04
 1.5770e+00  2.3999e-04
 1.5800e+00  2.2081e-04
 1.5830e+00  2.4291e-04
 1.5860e+00  4.1231e-04
 1.5900e+00  2.4171e-04
 1.5930e+00  2.9385e-04
 1.5960e+00  4.5826e-04
 1.5990e+00  4.7999e-04
 1.6030e+00  5.2434e-04
 1.6060e+00  3.8939e-04
 1.6090e+00  3.4047e-04
 1.6120e+00  3.4762e-04
 1.6160e+00  3.5783e-04
 1.6190e+00  3.7805e-04
 1.6220e+00  4.1732e-04
 1.6250e+00  2.8101e-04
 1.6290e+00  3.7394e-04
 1.6320e+00  3.6398e-04
 1.6350e+00  4.0213e-04
 1.6390e+00  3.3720e-04
 1.6420e+00  3.1216e-04
 1.6450e+00  2.8805e-04
 1.6480e+00  2.7838e-04
 1.6520e+00  2.5127e-04
 1.6550e+00  2.4322e-04
 1.6580e+00  2.9332e-04
 1.6620e+00  3.5624e-04
 1.6650e+00  2.7904e-04
 1.6680e+00  6.1392e-04
 1.6720e+00  4.4996e-04
 1.6750e+00  5.5313e-04
 1.6790e+00  5.0617e-04
 1.6820e+00  3.8425e-04
 1.6850e+00  4.2410e-04
 1.6890e+00  3.6696e-04
 1.6920e+00  2.6982e-04
 1.6950e+00  2.1946e-04
 1.6990e+00  3.8882e-04
 1.7020e+00  3.3215e-04
 1.7060e+00  2.8405e-04
 1.7090e+00  2.6762e-04
 1.7120e+00  2.3738e-04
 1.7160e+00  3.2303e-04
 1.7190e+00  3.6986e-04
 1.7230e+00  3.1259e-04
 1.7260e+00  3.4862e-04
 1.7300e+00  4.4691e-04
 1.7330e+00  4.5929e-04
 1.7370e+00  5.3753e-04
 1.7400e+00  5.2745e-04
 1.7430e+00  2.1578e-04
 1.7470e+00  1.6363e-04
 1.7500e+00  1.5187e-04
 1.7540e+00  1.7007e-04
 1.7570e+00  5.1997e-04
 1.7610e+00  5.4456e-04
 1.7640e+00  5.5112e-04
 1.7680e+00  5.7517e-04
 1.7710e+00  4.8171e-04
 1.7750e+00  4.0375e-04
 1.7780e+00  2.5211e-04
 1.7820e+00  2.0810e-04
 1.7860e+00  2.2389e-04
 1.7890e+00  2.3060e-04
 1.7930e+00  2.5774e-04
 1.7960e+00  3.6499e-04
 1.8000e+00  3.2015e-04
 1.8030e+00  3.3376e-04
 1.8070e+00  3.4874e-04
 1.8100e+00  2.7062e-04
 1.8140e+00  2.1957e-04
 1.8180e+00  2.0002e-04
 1.8210e+00  2.4034e-04
 1.8250e+00  3.4623e-04
 1.8280e+00  4.6856e-04
 1.8320e+00  4.7490e-04
 1.8360e+00  3.9602e-04
 1.8390e+00  3.4616e-04
 1.8430e+00  2.6168e-04
 1.8470e+00  2.6727e-04
 1.8500e+00  3.3830e-04
 1.8540e+00  3.9777e-04
 1.8570e+00  4.1851e-04
 1.8610e+00  3.3004e-04
 1.8650e+00  3.0279e-04
 1.8680e+00  3.4789e-04
 1.8720e+00  3.6373e-04
 1.8760e+00  3.4766e-04
 1.8800e+00  3.6508e-04
 1.8830e+00  3.2146e-04
 1.8870e+00  2.9884e-04
 1.8910e+00  2.4922e-04
 1.8940e+00  2.9429e-04
 1.8980e+00  2.2785e-04
 1.9020e+00  4.2562e-04
 1.9060e+00  4.7278e-04
 1.9090e+00  4.6835e-04
 1.9130e+00  4.9574e-04
 1.9170e+00  4.5132e-04
 1.9210e+00  4.7216e-04
 1.9240e+00  4.7846e-04
 1.9280e+00  4.5673e-04
 1.9320e+00  4.5221e-04
 1.9360e+00  4.1842e-04
 1.9390e+00  4.4821e-04
 1.9430e+00  3.2546e-04
 1.9470e+00  2.9863e-04
 1.9510e+00  3.4201e-04
 1.9550e+00  3.5958e-04
 1.9580e+00  3.6408e-04
 1.9620e+00  3.7627e-04
 1.9660e+00  4.2378e-04
 1.9700e+00  3.5037e-04
 1.9740e+00  3.4371e-04
 1.9780e+00  3.8866e-04
 1.9820e+00  3.5088e-04
 1.9850e+00  3.0898e-04
 1.9890e+00  2.2862e-04
 1.9930e+00  3.6620e-04
 1.9970e+00  2.7022e-04
 2.0010e+00  3.6052e-04
 2.0050e+00  3.5317e-04
 2.0090e+00  3.3041e-04
 2.0130e+00  2.5939e-04
 2.0170e+00  2.6203e-04
 2.0200e+00  3.3275e-04
 2.0240e+00  4.7460e-04
 2.0280e+00  3.2590e-04
 2.0320e+00  4.3229e-04
 2.0360e+00  4.1493e-04
 2.0400e+00  3.7252e-04
 2.0440e+00  2.7714e-04
 2.0480e+00  2.4908e-04
 2.0520e+00  3.2996e-04
 2.0560e+00  3.6419e-04
 2.0600e+00  4.1006e-04
 2.0640e+00  4.2514e-04
 2.0680e+00  3.4222e-04
 2.0720e+00  3.8319e-04
 2.0760e+00  2.9035e-04
 2.0800e+00  2.8440e-04
 2.0840e+00  3.3966e-04
 2.0880e+00  2.7325e-04
 2.0920e+00  4.3267e-04
 2.0960e+00  2.1573e-04
 2.1000e+00  2.8991e-04
 2.1040e+00  2.9040e-04
 2.1080e+00  2.6354e-04
 2.1120e+00  4.0010e-04
 2.1170e+00  3.2751e-04
 2.1210e+00  4.9134e-04
 2.1250e+00  5.1128e-04
 2.1290e+00  5.0125e-04
 2.1330e+00  4.6778e-04
 2.1370e+00  3.1822e-04
 2.1410e+00  3.4000e-04
 2.1450e+00  3.2810e-04
 2.1490e+00  3.7360e-04
 2.1540e+00  4.4550e-04
 2.1580e+00  5.7363e-04
 2.1620e+00  4.0154e-04
 2.1660e+00  2.1596e-04
 2.1700e+00  2.2463e-04
 2.1740e+00  2.2016e-04
 2.1780e+00  2.6256e-04
 2.1830e+00  3.0579e-04
 2.1870e+00  4.7104e-04
 2.1910e+00  5.3454e-04
 2.1950e+00  5.5303e-04
 2.1990e+00  5.3607e-04
 2.2040e+00  5.0103e-04
 2.2080e+00  4.5740e-04
 2.2120e+00  2.5348e-04
 2.2160e+00  3.2309e-04
 2.2210e+00  3.2415e-04
 2.2250e+00  2.7975e-04
 2.2290e+00  2.8376e-04
 2.2330e+00  2.9668e-04
 2.2380e+00  3.1116e-04
 2.2420e+00  3.1895e-04
 2.2460e+00  2.8210e-04
 2.2510e+00  2.7291e-04
 2.2550e+00  3.9903e-04
 2.2590e+00  4.1942e-04
 2.2640e+00  4.4278e-04
 2.2680e+00  4.0782e-04
 2.2720e+00  4.0050e-04
 2.2770e+00  4.9028e-04
 2.2810e+00  3.3704e-04
 2.2850e+00  3.1013e-04
 2.2900e+00  4.8345e-04
 2.2940e+00  4.4631e-04
 2.2980e+00  4.2965e-04
 2.3030e+00  3.8502e-04
 2.3070e+00  2.8263e-04
 2.3110e+00  2.4889e-04
 2.3160e+00  2.5987e-04
 2.3200e+00  2.4474e-04
 2.3250e+00  2.6002e-04
 2.3290e+00  2.4148e-04
 2.3340e+00  2.7020e-04
 2.3380e+00  4.5547e-04
 2.3420e+00  3.2413e-04
 2.3470e+00  4.1059e-04
 2.3510e+00  3.9765e-04
 2.3560e+00  2.7844e-04
 2.3600e+00  2.2190e-04
 2.3650e+00  4.0483e-04
 2.3690e+00  3.0845e-04
 2.3740e+00  3.9617e-04
 2.3780e+00  4.4343e-04
 2.3830e+00  4.5843e-04
 2.3870e+00  4.5303e-04
 2.3920e+00  4.3747e-04
 2.3960e+00  4.3822e-04
 2.4010e+00  3.5075e-04
 2.4050e+00  4.2936e-04
 2.4100e+00  5.7850e-04
 2.4150e+00  3.7619e-04
 2.4190e+00  3.3697e-04
 2.4240e+00  2.6625e-04
 2.4280e+00  2.6623e-04
 2.4330e+00  3.4262e-04
 2.4380e+00  2.8274e-04
 2.4420e+00  5.1158e-04
 2.4470e+00  6.1909e-04
 2.4510e+00  4.1709e-04
 2.4560e+00  3.7175e-04
 2.4610e+00  3.1619e-04
 2.4650e+00  4.0096e-04
 2.4700e+00  2.7623e-04
 2.4750e+00  3.3307e-04
 2.4790e+00  3.6312e-04
 2.4840e+00  3.9874e-04
 2.4890e+00  3.5048e-04
 2.4930e+00  3.6789e-04
 2.4980e+00  3.5044e-04
 2.5030e+00  3.8369e-04
 2.5070e+00  3.8311e-04
 2.5120e+00  5.0108e-04
 2.5170e+00  5.3134e-04
 2.5220e+00  5.2862e-04
 2.5260e+00  5.1255e-04
 2.5310e+00  4.4636e-04
 2.5360e+00  3.7769e-04
 2.5410e+00  3.9431e-04
 2.5450e+00  2.8146e-04
 2.5500e+00  3.2672e-04
 2.5550e+00  2.6529e-04
 2.5600e+00  3.9584e-04
 2.5650e+00  3.3820e-04
 2.5690e+00  3.4461e-04
 2.5740e+00  4.0385e-04
 2.5790e+00  4.8500e-04
 2.5840e+00  5.1581e-04
 2.5890e+00  4.2390e-04
 2.5940e+00  2.7168e-04
 2.5980e+00  2.8616e-04
 2.6030e+00  4.6778e-04
 2.6080e+00  4.0830e-04
 2.6130e+00  4.8226e-04
 2.6180e+00  3.9466e-04
 2.6230e+00  4.6105e-04
 2.6280e+00  2.4668e-04
 2.6330e+00  2.6327e-04
 2.6380e+00  4.6074e-04
 2.6430e+00  2.7669e-04
 2.6480e+00  3.0938e-04
 2.6520e+00  3.1230e-04
 2.6570e+00  4.5211e-04
 2.6620e+00  4.9711e-04
 2.6670e+00  5.7313e-04
 2.6720e+00  5.7814e-04
 2.6770e+00  5.8271e-04
 2.6820e+00  4.8762e-04
 2.6870e+00  5.2294e-04
 2.6920e+00  4.8093e-04
 2.6970e+00  3.4673e-04
 2.9000e+00  1.0000e+05
 3.3000e+00  3.5016e-04
 3.3070e+00  3.6419e-04
 3.3140e+00  5.2205e-04
 3.3210e+00  5.2882e-04
 3.3290e+00  4.9723e-04
 3.3360e+00  3.8157e-04
 3.3440e+00  3.3103e-04
 3.3510e+00  3.2126e-04
 3.3580e+00  3.3819e-04
 3.3660e+00  4.2239e-04
 3.3730e+00  3.6417e-04
 3.3810e+00  3.2873e-04
 3.3880e+00  3.1145e-04
 3.3950e+00  4.2290e-04
 3.4030e+00  5.6053e-04
 3.4100e+00  5.3097e-04
 3.4180e+00  5.2746e-04
 3.4250e+00  5.1452e-04
 3.4330e+00  5.5585e-04
 3.4400e+00  3.4823e-04
 3.4480e+00  2.6194e-04
 3.4560e+00  2.2808e-04
 3.4630e+00  2.2264e-04
 3.4710e+00  4.7689e-04
 3.4780e+00  4.9949e-04
 3.4860e+00  4.7479e-04
 3.4940e+00  5.3301e-04
 3.5010e+00  5.6235e-04
 3.5090e+00  5.7346e-04
 3.5170e+00  5.4436e-04
 3.5240e+00  5.0903e-04
 3.5320e+00  6.2636e-04
 3.6000e+00  1.0000e+05
 3.9340e+00  6.4075e-04
 3.9430e+00  4.3840e-04
 3.9510e+00  3.9901e-04
 3.9600e+00  3.6651e-04
 3.9680e+00  4.9876e-04
 3.9770e+00  3.8919e-04
 3.9850e+00  3.0656e-04
 3.9940e+00  3.2481e-04
 4.0030e+00  3.9244e-04
 4.0110e+00  7.0220e-04
 4.0200e+00  5.5598e-04
 4.0280e+00  6.0301e-04
 4.0370e+00  7.4182e-04
 4.0460e+00  8.3764e-04
 4.0540e+00  6.9076e-04
 4.0630e+00  5.9531e-04
 4.0720e+00  6.3119e-04
 4.0800e+00  5.0403e-04
 4.0890e+00  4.5153e-04
 4.0980e+00  4.4139e-04
 4.1060e+00  4.3845e-04
 4.1150e+00  5.8222e-04
 4.1240e+00  8.3584e-04
 4.1330e+00  6.3368e-04
 4.1420e+00  2.7055e-04
 4.1510e+00  2.3561e-04
 4.1590e+00  2.3475e-04
 4.1680e+00  2.3677e-04
 4.1770e+00  2.4362e-04
 4.1860e+00  4.6043e-04
 4.1950e+00  5.7845e-04
 4.2040e+00  4.9001e-04
 4.2130e+00  4.9218e-04
 4.2220e+00  4.9787e-04
 4.2310e+00  4.2431e-04
 4.2400e+00  4.1068e-04
 4.2490e+00  5.8493e-04
 4.2580e+00  3.9645e-04
 4.2670e+00  4.3933e-04
 4.2760e+00  4.0647e-04
 4.2850e+00  4.1457e-04
 4.2940e+00  4.2943e-04
 4.3030e+00  4.5165e-04
 4.3120e+00  5.0840e-04
 4.3220e+00  5.7296e-04
 4.3310e+00  5.2504e-04
 4.3400e+00  5.0736e-04
 4.3490e+00  2.9241e-04
 4.3580e+00  2.4668e-04
 4.3680e+00  2.8642e-04
 4.3770e+00  4.1343e-04
 4.3860e+00  3.9425e-04
 4.3950e+00  3.7969e-04
 4.4050e+00  5.2820e-04
 4.4140e+00  5.7273e-04
 4.4230e+00  5.6837e-04
 4.4330e+00  5.9198e-04
 4.4420e+00  5.8629e-04
 4.4520e+00  6.4865e-04
 4.4610e+00  5.7192e-04
 4.4700e+00  5.9626e-04
 4.4800e+00  3.9675e-04
 4.4890e+00  3.6546e-04
 4.4990e+00  3.4078e-04
 4.5080e+00  5.0168e-04
 4.5180e+00  4.7781e-04
 4.5270e+00  5.2701e-04
 4.5370e+00  4.4432e-04
 4.5470e+00  5.8392e-04
 4.5560e+00  5.0854e-04
 4.5660e+00  5.3752e-04
 4.5750e+00  5.5994e-04
 4.5850e+00  3.8545e-04
 4.5950e+00  3.2253e-04
 4.6040e+00  2.2733e-04
 4.6140e+00  2.2797e-04
 4.6240e+00  3.2322e-04
 4.6340e+00  3.3258e-04
 4.6430e+00  4.2698e-04
 4.6530e+00  4.3578e-04
 4.6630e+00  4.4826e-04
 4.6730e+00  4.7977e-04
 4.6830e+00  4.8866e-04
 4.6920e+00  4.9841e-04
 4.7020e+00  4.2125e-04
 4.7120e+00  2.9212e-04
 4.7220e+00  3.9584e-04
 4.7320e+00  4.1907e-04
 4.7420e+00  5.3162e-04
 4.7520e+00  5.8500e-04
 4.7620e+00  6.5283e-04
 4.7720e+00  6.7012e-04
 4.7820e+00  7.0067e-04
 4.7920e+00  5.8754e-04
 4.8020e+00  2.7516e-04
 4.8120e+00  2.3873e-04
 4.8220e+00  2.4647e-04
 4.8330e+00  3.1960e-04
 4.8430e+00  4.0116e-04
 4.8530e+00  6.8320e-04
 4.8630e+00  5.9412e-04
 4.8730e+00  5.6873e-04
 4.8830e+00  5.5745e-04
 4.8940e+00  4.7694e-04
 4.9040e+00  4.4296e-04
 4.9140e+00  3.1917e-04
 4.9250e+00  3.2680e-04
 4.9350e+00  3.1298e-04
 4.9450e+00  2.9837e-04
 4.9560e+00  3.3283e-04
 4.9660e+00  3.8875e-04
 4.9760e+00  3.9541e-04
 4.9870e+00  3.1967e-04
 4.9970e+00  3.1558e-04
 5.0080e+00  2.6708e-04
 5.0180e+00  3.0962e-04
 5.0290e+00  3.7326e-04
 5.0390e+00  3.4741e-04
 5.0500e+00  4.5163e-04
 5.0600e+00  5.4805e-04
 5.0710e+00  4.8035e-04
 5.0820e+00  3.3598e-04
 5.0920e+00  2.7928e-04
 5.1030e+00  4.1586e-04
 5.1140e+00  3.6084e-04
 5.1240e+00  3.3433e-04
 5.1350e+00  3.5512e-04
 5.1460e+00  5.4471e-04
 5.1570e+00  4.5773e-04
 5.1670e+00  5.2657e-04
 5.1780e+00  5.1563e-04
 5.1890e+00  3.7905e-04
 5.2000e+00  4.3379e-04
 5.2110e+00  4.3360e-04
 5.2220e+00  4.5438e-04
 5.2320e+00  4.9151e-04
 5.2430e+00  5.0798e-04
 5.2540e+00  5.2181e-04
 5.2650e+00  4.9796e-04
 5.2760e+00  4.7880e-04
 5.2870e+00  3.7672e-04
 5.2980e+00  4.1759e-04
 5.3090e+00  3.9318e-04
 5.3210e+00  4.4322e-04
 5.3320e+00  3.3844e-04
 5.3430e+00  3.1809e-04
 5.3540e+00  3.3128e-04
 5.3650e+00  3.5662e-04
 5.3760e+00  4.4277e-04
 5.3880e+00  4.8294e-04
 5.3990e+00  4.6401e-04
 5.4100e+00  4.5402e-04
 5.4210e+00  2.5307e-04
 5.4330e+00  2.8588e-04
 5.4440e+00  5.4900e-04
 5.4550e+00  5.4729e-04
 5.4670e+00  4.9760e-04
 5.4780e+00  4.3945e-04
 5.4900e+00  3.5450e-04
 5.5010e+00  2.7679e-04
 5.5120e+00  2.5741e-04
 5.5240e+00  3.0451e-04
 5.5350e+00  2.9498e-04
 5.5470e+00  3.2774e-04
 5.5590e+00  3.7867e-04
 5.5700e+00  3.9786e-04
 5.5820e+00  3.8421e-04
 5.5930e+00  4.3258e-04
 5.6050e+00  4.3926e-04
 5.6170e+00  4.3038e-04
 5.6280e+00  5.1585e-04
 5.6400e+00  5.0555e-04
 5.6520e+00  5.2897e-04
 5.6640e+00  4.5725e-04
 5.6750e+00  5.5126e-04
 5.6870e+00  3.8926e-04
 5.6990e+00  5.5776e-04
 5.7110e+00  3.4670e-04
 5.7230e+00  5.5843e-04
 5.7350e+00  5.6806e-04
 5.7470e+00  5.3837e-04
 5.7590e+00  6.5247e-04
 5.7710e+00  5.1280e-04
 5.7830e+00  5.0488e-04
 5.7950e+00  3.5603e-04
 5.8070e+00  4.3863e-04
 5.8190e+00  4.3240e-04
 5.8310e+00  4.0007e-04
 5.8430e+00  3.9342e-04
 5.8550e+00  4.2188e-04
 5.8670e+00  3.8047e-04
 5.8800e+00  3.3809e-04
 5.8920e+00  2.5725e-04
 5.9040e+00  2.9218e-04
 5.9160e+00  3.0173e-04
 5.9290e+00  2.8741e-04
 5.9410e+00  2.7112e-04
 5.9530e+00  2.5460e-04
 5.9660e+00  2.8287e-04
 5.9780e+00  5.1068e-04
 5.9910e+00  5.4822e-04
 6.0030e+00  4.7760e-04
 6.0150e+00  4.3194e-04
 6.0280e+00  3.7858e-04
 6.0410e+00  3.7903e-04
 6.0530e+00  3.9296e-04
 6.0660e+00  3.2067e-04
 6.0780e+00  4.5801e-04
 6.0910e+00  2.7637e-04
 6.1040e+00  2.8837e-04
 6.1160e+00  3.7547e-04
 6.1290e+00  4.5489e-04
 6.1420e+00  6.5334e-04
 6.1540e+00  6.6888e-04
 6.1670e+00  6.5066e-04
 6.1800e+00  4.2114e-04
 6.1930e+00  4.6666e-04
 6.2060e+00  4.1401e-04
 6.2190e+00  2.5030e-04
 6.2320e+00  4.5679e-04
 6.2450e+00  4.3315e-04
 6.2580e+00  2.7975e-04
 6.2710e+00  3.4410e-04
 6.2840e+00  3.6736e-04
 6.2970e+00  4.8988e-04
 6.3100e+00  4.5347e-04
 6.3230e+00  4.5584e-04
 6.3360e+00  3.7979e-04
 6.3490e+00  3.2116e-04
 6.3620e+00  3.8336e-04
 6.3760e+00  4.0487e-04
 6.3890e+00  4.9226e-04
 6.4020e+00  2.0889e-04
 6.4150e+00  2.0283e-04
 6.4290e+00  3.0892e-04
 6.4420e+00  3.7045e-04
 6.4560e+00  4.3003e-04
 6.4690e+00  4.8912e-04
 6.4820e+00  6.2979e-04
 6.4960e+00  6.4470e-04
 6.5090e+00  4.9991e-04
 6.5230e+00  4.5633e-04
 6.5360e+00  3.2279e-04
 6.5500e+00  2.7376e-04
 6.5640e+00  2.3978e-04
 6.5770e+00  2.9026e-04
 6.5910e+00  3.2279e-04
 6.6050e+00  2.6391e-04
 6.6180e+00  5.6592e-04
 6.6320e+00  4.6255e-04
 6.6460e+00  4.6539e-04
 6.6600e+00  3.1224e-04
 6.6740e+00  2.7590e-04
 6.6870e+00  2.4383e-04
 6.7010e+00  2.5148e-04
 6.7150e+00  2.3546e-04
 6.7290e+00  4.0128e-04
 6.7430e+00  4.3861e-04
 6.7570e+00  3.0125e-04
 6.7710e+00  3.0147e-04
 6.7850e+00  2.4958e-04
 6.8000e+00  2.3663e-04
 6.8140e+00  2.2343e-04
 6.8280e+00  3.7109e-04
 6.8420e+00  4.5440e-04
 6.8560e+00  5.0106e-04
 6.8710e+00  5.0725e-04
 6.8850e+00  5.4623e-04
 6.8990e+00  5.3519e-04
 6.9130e+00  4.7136e-04
 6.9280e+00  4.2017e-04
 6.9420e+00  2.6989e-04
 6.9570e+00  2.9691e-04
 6.9710e+00  4.3213e-04
 6.9860e+00  5.0799e-04
 7.0000e+00  6.5367e-04
 7.0150e+00  5.9741e-04
 7.0290e+00  3.2637e-04
 7.0440e+00  2.7062e-04
 7.0590e+00  2.7108e-04
 7.0730e+00  2.0324e-04
 7.0880e+00  2.0965e-04
 7.1030e+00  3.2805e-04
 7.1180e+00  5.7447e-04
 7.1320e+00  6.7613e-04
 7.1470e+00  7.3471e-04
 7.1620e+00  4.8810e-04
 7.1770e+00  2.8831e-04
 7.1920e+00  2.9380e-04
 7.2070e+00  1.7905e-04
 7.2220e+00  3.8253e-04
 7.2370e+00  4.2994e-04
 7.2520e+00  5.6823e-04
 7.2670e+00  5.7179e-04
 7.2820e+00  4.9019e-04
 7.2980e+00  4.4813e-04
 7.3130e+00  4.7779e-04
 7.3280e+00  2.2410e-04
 7.3430e+00  4.4307e-04
 7.3590e+00  4.9066e-04
 7.3740e+00  5.4143e-04
 7.3890e+00  5.0889e-04
 7.4050e+00  5.3686e-04
 7.4200e+00  4.9568e-04
 7.4360e+00  3.9884e-04
 7.4510e+00  3.1558e-04
 7.4670e+00  2.7154e-04
 7.4820e+00  2.1998e-04
 7.4980e+00  2.3251e-04
 7.5130e+00  2.4357e-04
 7.5290e+00  3.5576e-04
 7.5450e+00  8.4332e-04
 7.5610e+00  3.9904e-04
 7.5760e+00  3.1534e-04
 7.5920e+00  2.6079e-04
 7.6080e+00  2.0190e-04
 7.6240e+00  3.2153e-04
 7.6400e+00  3.7797e-04
 7.6560e+00  5.4908e-04
 7.6720e+00  5.8186e-04
 7.6880e+00  5.4068e-04
 7.7040e+00  5.0764e-04
 7.7200e+00  4.3568e-04
 7.7360e+00  2.3016e-04
 7.7520e+00  2.5456e-04
 7.7680e+00  2.6172e-04
 7.7850e+00  2.8324e-04
 7.8010e+00  3.3615e-04
 7.8170e+00  4.6152e-04
 7.8340e+00  3.8542e-04
 7.8500e+00  3.9689e-04
 7.8660e+00  4.1559e-04
 7.8830e+00  4.0172e-04
 7.8990e+00  3.1557e-04
 7.9160e+00  4.2011e-04
 7.9320e+00  4.0765e-04
 7.9490e+00  3.4883e-04
 7.9660e+00  4.0889e-04
 7.9820e+00  2.8351e-04
 7.9990e+00  3.3852e-04
 8.0160e+00  2.9143e-04
 8.0320e+00  4.1107e-04
 8.0490e+00  4.3474e-04
 8.0660e+00  4.3401e-04
 8.0830e+00  3.9045e-04
 8.1000e+00  2.7444e-04
 8.1170e+00  3.1512e-04
 8.1340e+00  3.0195e-04
 8.1510e+00  3.1869e-04
 8.1680e+00  3.2111e-04
 8.1850e+00  3.5581e-04
 8.2020e+00  3.5388e-04
 8.2190e+00  3.7325e-04
 8.2370e+00  3.8257e-04
 8.2540e+00  4.2854e-04
 8.2710e+00  4.4077e-04
 8.2890e+00  5.1157e-04
 8.3060e+00  4.4432e-04
 8.3230e+00  4.3503e-04
 8.3410e+00  3.8718e-04
 8.3580e+00  4.1468e-04
 8.3760e+00  4.4649e-04
 8.3930e+00  5.6610e-04
 8.4110e+00  5.6114e-04
 8.4290e+00  5.4224e-04
 8.4460e+00  5.5466e-04
 8.4640e+00  3.6010e-04
 8.4820e+00  4.3145e-04
 8.5000e+00  3.6685e-04
 8.5180e+00  2.7040e-04
 8.5350e+00  2.6895e-04
 8.5530e+00  3.4220e-04
 8.5710e+00  4.8986e-04
 8.5890e+00  5.4774e-04
 8.6070e+00  5.5992e-04
 8.6260e+00  5.6396e-04
 8.6440e+00  5.7861e-04
 8.6620e+00  4.2738e-04
 8.6800e+00  4.7593e-04
 8.6980e+00  6.8217e-04
 8.7170e+00  8.6817e-04
 8.7350e+00  4.9943e-04
 8.7530e+00  2.1197e-04
 8.7720e+00  1.5889e-04
 8.7900e+00  1.7463e-04
 8.8090e+00  2.1048e-04
 8.8270e+00  6.8634e-04
 9.1000e+00  1.0000e+05
 1.0690e+01  3.9917e-04
 1.0710e+01  6.3085e-04
 1.0740e+01  5.3475e-04
 1.0760e+01  3.8530e-04
 1.0780e+01  2.5847e-04
 1.0810e+01  2.9601e-04
 1.0830e+01  3.3772e-04
 1.0850e+01  4.6253e-04
 1.0880e+01  6.3414e-04
 1.0900e+01  7.0063e-04
 1.0920e+01  6.1236e-04
 1.0950e+01  5.8898e-04
 1.0970e+01  4.8704e-04
 1.0990e+01  3.6488e-04
 1.1020e+01  3.7946e-04
 1.1040e+01  1.5704e-04
 1.1060e+01  4.4130e-04
 1.1090e+01  4.0881e-04
 1.1110e+01  4.4192e-04
 1.1140e+01  5.4612e-04
 1.1160e+01  6.0644e-04
 1.1180e+01  5.5889e-04
 1.1210e+01  3.9203e-04
 1.1230e+01  3.3308e-04
 1.1260e+01  3.0602e-04
 1.1280e+01  2.6531e-04
 1.1310e+01  3.7384e-04
 1.1330e+01  3.5847e-04
 1.1350e+01  3.0609e-04
 1.1380e+01  3.0609e-04
 1.1400e+01  2.2946e-04
 1.1430e+01  2.3631e-04
 1.1450e+01  1.9163e-04
 1.1480e+01  1.9014e-04
 1.1500e+01  4.1768e-04
 1.1530e+01  5.1051e-04
 1.1550e+01  4.6041e-04
 1.1580e+01  3.8884e-04
 1.1600e+01  2.1103e-04
 1.1630e+01  2.9805e-04
 1.1650e+01  1.7400e-04
 1.1680e+01  1.7145e-04
 1.1710e+01  2.0697e-04
 1.1730e+01  3.4643e-04
 1.1760e+01  3.0268e-04
 1.1780e+01  4.5512e-04
 1.1810e+01  3.8388e-04
 1.1830e+01  4.8281e-04
 1.1860e+01  4.4394e-04
 1.1880e+01  2.3298e-04
 1.1910e+01  2.0503e-04
 1.1940e+01  1.9359e-04
 1.1960e+01  2.1680e-04
 1.1990e+01  2.0177e-04
 1.2020e+01  2.1401e-04
 1.2040e+01  2.5394e-04
 1.2070e+01  3.3875e-04
 1.2090e+01  4.5021e-04
 1.2120e+01  5.5764e-04
 1.2150e+01  5.7988e-04
 1.2170e+01  6.6308e-04
 1.2200e+01  4.6109e-04
 1.2230e+01  2.9209e-04
 1.2250e+01  1.9719e-04
 1.2280e+01  1.9667e-04
 1.2310e+01  2.0484e-04
 1.2330e+01  2.6274e-04
 1.2360e+01  2.5598e-04
 1.2390e+01  5.3039e-04
 1.2420e+01  4.9123e-04
 1.2440e+01  3.9887e-04
 1.2470e+01  3.1315e-04
 1.2500e+01  2.3940e-04
 1.2530e+01  1.9941e-04
 1.2550e+01  1.8654e-04
 1.2580e+01  2.7768e-04
 1.2610e+01  2.3460e-04
 1.2640e+01  4.7606e-04
 1.2660e+01  4.3080e-04
 1.2690e+01  3.7447e-04
 1.2720e+01  4.3491e-04
 1.2750e+01  4.1533e-04
 1.2780e+01  4.0972e-04
 1.2800e+01  2.9487e-04
 1.2830e+01  2.1732e-04
 1.2860e+01  2.3747e-04
 1.2890e+01  3.5793e-04
 1.2920e+01  2.4295e-04
 1.2950e+01  3.8049e-04
 1.2980e+01  4.3184e-04
 1.3000e+01  4.6615e-04
 1.3030e+01  4.7829e-04
 1.3060e+01  4.2556e-04
 1.3090e+01  3.2881e-04
 1.3120e+01  2.6418e-04
 1.3150e+01  2.3201e-04
 1.3180e+01  2.3928e-04
 1.3210e+01  2.9563e-04
 1.3240e+01  2.5516e-04
 1.3270e+01  2.5887e-04
 1.3300e+01  2.7597e-04
 1.3320e+01  3.3999e-04
 1.3350e+01  3.2715e-04
 1.3380e+01  3.4421e-04
 1.3410e+01  3.4224e-04
 1.3440e+01  2.9753e-04
 1.3470e+01  3.7690e-04
 1.3500e+01  2.9044e-04
 1.3530e+01  4.4174e-04
 1.3560e+01  4.5832e-04
 1.3590e+01  5.1049e-04
 1.3620e+01  5.3972e-04
 1.3650e+01  4.1741e-04
 1.3690e+01  4.0926e-04
 1.3720e+01  4.2511e-04
 1.3750e+01  3.7369e-04
 1.3780e+01  3.3512e-04
 1.3810e+01  4.1180e-04
 1.3840e+01  2.4650e-04
 1.3870e+01  2.1860e-04
 1.3900e+01  2.6121e-04
 1.3930e+01  2.7136e-04
 1.3960e+01  4.3021e-04
 1.3990e+01  5.2283e-04
 1.4030e+01  5.0801e-04
 1.4060e+01  2.1338e-04
 1.4090e+01  2.0918e-04
 1.4120e+01  2.7123e-04
 1.4150e+01  2.4946e-04
 1.4180e+01  2.3935e-04
 1.4220e+01  2.0478e-04
 1.4250e+01  2.6509e-04
 1.4280e+01  2.4435e-04
 1.4310e+01  2.6015e-04
 1.4340e+01  3.7775e-04
 1.4380e+01  4.3848e-04
 1.4410e+01  4.4050e-04
 1.4440e+01  4.6652e-04
 1.4470e+01  5.2102e-04
 1.4510e+01  5.5621e-04
 1.4540e+01  5.0719e-04
 1.4570e+01  5.3595e-04
 1.4610e+01  4.7132e-04
 1.4640e+01  3.3985e-04
 1.4670e+01  2.9184e-04
 1.4710e+01  2.4146e-04
 1.4740e+01  2.2011e-04
 1.4770e+01  3.1839e-04
 1.4810e+01  4.8101e-04
 1.4840e+01  4.8676e-04
 1.4870e+01  4.6497e-04
 1.4910e+01  3.7081e-04
 1.4940e+01  3.1331e-04
 1.4970e+01  2.2413e-04
 1.5010e+01  2.2412e-04
 1.5040e+01  2.4262e-04
 1.5080e+01  2.6780e-04
 1.5110e+01  3.2488e-04
 1.5150e+01  6.2430e-04
 1.5180e+01  6.8287e-04
 1.5210e+01  4.7428e-04
 1.5250e+01  4.4855e-04
 1.5280e+01  3.8534e-04
 1.5320e+01  1.8603e-04
 1.5350e+01  2.7099e-04
 1.5390e+01  2.7229e-04
 1.5420e+01  2.8198e-04
 1.5460e+01  3.0586e-04
 1.5490e+01  4.8070e-04
 1.5530e+01  5.0630e-04
 1.5570e+01  3.7298e-04
 1.5600e+01  2.7816e-04
 1.5640e+01  2.1541e-04
 1.5670e+01  2.7647e-04
 1.5710e+01  3.2790e-04
 1.5740e+01  3.4558e-04
 1.5780e+01  3.6280e-04
 1.5820e+01  4.5252e-04
 1.5850e+01  4.8985e-04
 1.5890e+01  5.4861e-04
 1.5930e+01  2.9681e-04
 1.5960e+01  4.0621e-04
 1.6000e+01  2.4700e-04
 1.6040e+01  2.4893e-04
 1.6070e+01  5.5755e-04
 1.6110e+01  5.3494e-04
 1.6150e+01  5.0343e-04
 1.6190e+01  5.0127e-04
 1.6220e+01  4.4232e-04
 1.6260e+01  3.6572e-04
 1.6300e+01  2.9162e-04
 1.6340e+01  2.7499e-04
 1.6370e+01  2.7102e-04
 1.6410e+01  2.2950e-04
 1.6450e+01  4.6300e-04
 1.6490e+01  3.6149e-04
 1.6530e+01  5.8484e-04
 1.6560e+01  5.0966e-04
 1.6600e+01  5.6499e-04
 1.6640e+01  5.0083e-04
 1.6680e+01  3.1705e-04
 1.6720e+01  2.8343e-04
 1.6760e+01  1.4296e-04
 1.6800e+01  2.0673e-04
 1.6840e+01  3.0071e-04
 1.6880e+01  3.4831e-04
 1.6910e+01  6.3039e-04
 1.6950e+01  6.5420e-04
 1.6990e+01  5.4505e-04
 1.7030e+01  3.8482e-04
 1.7070e+01  3.0185e-04
 1.7110e+01  1.8862e-04
 1.7150e+01  1.9072e-04
 1.7190e+01  2.0255e-04
 1.7230e+01  2.5087e-04
 1.7270e+01  3.4514e-04
 1.7310e+01  5.6161e-04
 1.7360e+01  6.4299e-04
 1.7400e+01  6.3759e-04
 1.7440e+01  3.3801e-04
 1.7480e+01  2.9364e-04
 1.7520e+01  2.0722e-04
 1.7560e+01  1.7839e-04
 1.7600e+01  2.4599e-04
 1.7640e+01  3.0849e-04
 1.7680e+01  5.3591e-04
 1.7730e+01  5.4276e-04
 1.7770e+01  5.7073e-04
 1.7810e+01  5.8578e-04
 1.7850e+01  5.7736e-04
 1.7890e+01  5.3193e-04
 1.7940e+01  4.7381e-04
 1.7980e+01  1.9987e-04
 1.8020e+01  1.9769e-04
 1.8060e+01  3.0484e-04
 1.8110e+01  2.2581e-04
 1.8150e+01  5.5835e-04
 1.8190e+01  3.9918e-04
 1.8240e+01  5.3101e-04
 1.8280e+01  3.4251e-04
 1.8320e+01  3.1303e-04
 1.8370e+01  2.9859e-04
 1.8410e+01  3.3790e-04
 1.8450e+01  2.9443e-04
 1.8500e+01  4.7931e-04
 1.8540e+01  4.8037e-04
 1.8590e+01  4.9397e-04
 1.8630e+01  2.9932e-04
 1.8680e+01  3.2214e-04
 1.8720e+01  3.9053e-04
 1.8770e+01  3.9860e-04
 1.8810e+01  4.0767e-04
 1.8860e+01  2.4985e-04
 1.8900e+01  2.6927e-04
 1.8950e+01  3.7229e-04
 1.8990e+01  4.4997e-04
 1.9040e+01  6.6754e-04
 1.9080e+01  5.2529e-04
 1.9130e+01  4.6366e-04
 1.9170e+01  4.3688e-04
 1.9220e+01  3.6377e-04
 1.9270e+01  2.9438e-04
 1.9310e+01  2.8264e-04
 1.9360e+01  3.7222e-04
 1.9410e+01  3.9963e-04
 1.9450e+01  4.6865e-04
 1.9500e+01  4.4839e-04
 1.9550e+01  3.3503e-04
 1.9600e+01  2.9364e-04
 1.9640e+01  2.9895e-04
 1.9690e+01  2.9800e-04
 1.9740e+01  3.0278e-04
 1.9790e+01  3.7012e-04
 1.9830e+01  3.6842e-04
 1.9880e+01  3.1447e-04
 1.9930e+01  2.6002e-04
 1.9980e+01  2.8289e-04
 2.0030e+01  2.5278e-04
 2.0080e+01  4.4961e-04
 2.0130e+01  4.6447e-04
 2.0170e+01  5.1505e-04
 2.0220e+01  5.1439e-04
 2.0270e+01  5.0289e-04
 2.0320e+01  3.9383e-04
 2.0370e+01  3.3173e-04
 2.0420e+01  3.2951e-04
 2.0470e+01  3.8994e-04
 2.0520e+01  4.0053e-04
 2.0570e+01  5.8327e-04
 2.0620e+01  4.1626e-04
 2.0670e+01  4.1884e-04
 2.0720e+01  3.7183e-04
 2.0780e+01  4.1490e-04
 2.0830e+01  3.4194e-04
 2.0880e+01  3.3344e-04
 2.0930e+01  3.3522e-04
 2.0980e+01  3.5818e-04
 2.1030e+01  3.2499e-04
 2.1080e+01  4.4972e-04
 2.1140e+01  5.3848e-04
 2.1190e+01  5.1414e-04
 2.1240e+01  5.1950e-04
 2.1290e+01  5.1708e-04
 2.1350e+01  5.4736e-04
 2.1400e+01  4.6674e-04
 2.1450e+01  4.1487e-04
 2.1510e+01  3.9043e-04
 2.1560e+01  3.6249e-04
 2.1610e+01  3.4389e-04
 2.1670e+01  3.1010e-04
 2.1720e+01  4.2396e-04
 2.1780e+01  4.8664e-04
 2.1830e+01  6.4922e-04
 2.1880e+01  6.5153e-04
 2.1940e+01  4.0669e-04
 2.1990e+01  4.2970e-04
 2.2050e+01  3.9972e-04
 2.2100e+01  3.6494e-04
 2.2160e+01  2.6040e-04
 2.2210e+01  3.8570e-04
 2.2270e+01  3.8094e-04
 2.2330e+01  3.7242e-04
 2.2380e+01  2.4949e-04
 2.2440e+01  4.0915e-04
 2.2500e+01  5.1533e-04
 2.2550e+01  2.8283e-04
 2.2610e+01  3.0155e-04
 2.2670e+01  2.8262e-04
 2.2720e+01  2.9881e-04
 2.2780e+01  2.8013e-04
 2.2840e+01  3.5044e-04
 2.2900e+01  3.4794e-04
 2.2950e+01  3.5277e-04
 2.3010e+01  3.2017e-04
 2.3070e+01  4.0696e-04
 2.3130e+01  5.3751e-04
 2.3190e+01  5.3300e-04
 2.3250e+01  5.6542e-04
 2.3310e+01  5.4901e-04
 2.3370e+01  4.3949e-04
 2.3430e+01  4.9292e-04
 2.3490e+01  4.8561e-04
 2.3550e+01  5.1702e-04
 2.3610e+01  5.1149e-04
 2.3670e+01  5.1374e-04
 2.3730e+01  4.9803e-04
 2.3790e+01  4.9073e-04
 2.3850e+01  4.6268e-04
 2.3910e+01  4.2626e-04
 2.3970e+01  4.0858e-04
 2.4030e+01  5.4076e-04
 2.4090e+01  3.9246e-04
 2.4160e+01  3.5151e-04
 2.4220e+01  4.5157e-04
 2.4280e+01  3.8422e-04
 2.4340e+01  3.6221e-04
 2.4410e+01  3.6503e-04
 2.4470e+01  3.7977e-04
 2.4530e+01  4.1583e-04
 2.4600e+01  5.2104e-04
 2.4660e+01  4.6633e-04
 2.4720e+01  3.8576e-04
 2.4790e+01  3.8355e-04
 2.4850e+01  4.6780e-04
 2.4920e+01  4.6150e-04
 2.4980e+01  4.8586e-04
 2.5050e+01  5.1916e-04
 2.5110e+01  6.3187e-04
 2.5180e+01  5.9563e-04
 2.5240e+01  5.9215e-04
 2.5310e+01  5.5116e-04
 2.5380e+01  4.8628e-04
 2.5440e+01  2.4922e-04
 2.5510e+01  2.7975e-04
 2.5580e+01  3.4759e-04
 2.5640e+01  4.5405e-04
 2.5710e+01  5.1635e-04
 2.5780e+01  5.3297e-04
 2.5850e+01  7.4927e-04
 2.5920e+01  4.8587e-04
 2.5980e+01  4.4854e-04
 2.6050e+01  4.3308e-04
 2.6120e+01  4.2121e-04
 2.6190e+01  3.4295e-04
 2.6260e+01  3.4455e-04
 2.6330e+01  3.5528e-04
 2.6400e+01  3.3271e-04
 2.6470e+01  5.4436e-04
 2.6540e+01  5.5662e-04
 2.6610e+01  5.3181e-04
 2.6680e+01  5.5528e-04
 2.6750e+01  2.8482e-04
 2.6830e+01  2.6730e-04
 2.6900e+01  2.6378e-04
 2.6970e+01  3.7378e-04
 2.7040e+01  4.1584e-04
 2.7110e+01  3.4690e-04
 2.7190e+01  6.6531e-04
 2.7260e+01  5.0614e-04
 2.7330e+01  5.3014e-04
 2.7410e+01  5.9446e-04
 2.7480e+01  6.0214e-04
 2.7550e+01  5.9197e-04
 2.7630e+01  5.5713e-04
 2.7700e+01  3.2170e-04
 2.7780e+01  4.7467e-04
 2.7850e+01  5.1221e-04
 2.7930e+01  3.7946e-04
 2.8010e+01  3.6622e-04
 2.8080e+01  3.5298e-04
 2.8160e+01  3.7698e-04
 2.8230e+01  4.1654e-04
 2.8310e+01  5.5202e-04
 2.8390e+01  6.2043e-04
 2.8470e+01  6.3680e-04
 2.8540e+01  5.6923e-04
 2.8620e+01  5.7769e-04
 2.8700e+01  5.7651e-04
 2.8780e+01  5.2099e-04
 2.8860e+01  5.7310e-04
 2.8940e+01  5.7750e-04
 2.9020e+01  5.9056e-04
 2.9100e+01  4.8157e-04
 2.9180e+01  6.8972e-04
 2.9260e+01  7.0229e-04
 2.9340e+01  7.5444e-04
 2.9420e+01  6.2092e-04
 2.9500e+01  6.3630e-04
 2.9580e+01  5.1015e-04
 2.9670e+01  4.4480e-04
 2.9750e+01  3.8402e-04
 2.9830e+01  3.5033e-04
 2.9910e+01  3.5780e-04
 3.0000e+01  3.5355e-04
 3.0080e+01  3.7736e-04
 3.0170e+01  4.7966e-04
 3.0250e+01  5.2265e-04
 3.0340e+01  5.0555e-04
 3.0420e+01  7.3703e-04
 3.0510e+01  5.6958e-04
 3.0590e+01  5.2589e-04
 3.0680e+01  4.1287e-04
 3.0770e+01  3.7172e-04
 3.0850e+01  4.0245e-04
 3.0940e+01  3.8099e-04
 3.1030e+01  3.0785e-04
 3.1110e+01  4.6220e-04
 3.1200e+01  5.1139e-04
 3.1290e+01  5.8541e-04
 3.1380e+01  9.1541e-04
 3.1470e+01  7.6654e-04
 3.1560e+01  3.8258e-04
 3.1650e+01  3.7313e-04
 3.1740e+01  3.2783e-04
 3.1830e+01  3.2451e-04
 3.1920e+01  3.1532e-04
 3.2010e+01  3.3430e-04
 3.2110e+01  3.6891e-04
 3.2200e+01  4.5272e-04
 3.2290e+01  6.1445e-04
 3.2380e+01  6.9010e-04
 3.2480e+01  6.9862e-04
 3.2570e+01  6.6612e-04
 3.2670e+01  3.4192e-04
 3.2760e+01  3.7347e-04
 3.2860e+01  4.9166e-04
 3.2950e+01  5.5783e-04
 3.3050e+01  6.7836e-04
 3.3140e+01  6.8763e-04
 3.3240e+01  6.3074e-04
 3.3340e+01  6.2257e-04
 3.3440e+01  4.7722e-04
 3.3530e+01  2.8851e-04
 3.3630e+01  2.7237e-04
 3.3730e+01  4.0066e-04
 3.3830e+01  4.2282e-04
 3.3930e+01  4.3286e-04
 3.4030e+01  6.2302e-04
 3.4130e+01  6.4691e-04
 3.4230e+01  5.5739e-04
 3.4330e+01  5.4972e-04
 3.4440e+01  4.9483e-04
 3.4540e+01  4.4070e-04
 3.4640e+01  4.6358e-04
 3.4750e+01  6.3746e-04
 3.4850e+01  6.8945e-04
 3.4950e+01  8.3740e-04
 3.5060e+01  6.5026e-04
 3.5160e+01  5.7941e-04
 3.5270e+01  4.0840e-04
 3.5380e+01  6.5992e-04
 3.5480e+01  6.0267e-04
 3.5590e+01  4.5575e-04
 3.5700e+01  6.2869e-04
 3.5800e+01  7.2019e-04
 3.5910e+01  7.9321e-04
 3.6020e+01  8.8346e-04
 3.6130e+01  7.9254e-04
 3.6240e+01  5.6027e-04
 3.6350e+01  5.7805e-04
 3.6460e+01  4.8479e-04
 3.6580e+01  4.5527e-04
 3.6690e+01  6.5116e-04
 3.6800e+01  4.8326e-04
 3.6910e+01  5.3857e-04
 3.7030e+01  7.1549e-04
 3.7140e+01  6.0185e-04
 3.7260e+01  6.4164e-04
 3.7370e+01  5.1747e-04
 3.7490e+01  4.4803e-04
 3.7610e+01  5.5238e-04
 3.7720e+01  9.2144e-04
 3.7840e+01  8.3894e-04
 3.7960e+01  6.7054e-04
 3.8080e+01  7.5870e-04
 3.8200e+01  7.6296e-04
 3.8320e+01  3.4150e-04
 3.8440e+01  3.5179e-04
 3.8560e+01  5.5215e-04
 3.8680e+01  6.1736e-04
 3.8800e+01  7.2550e-04
 3.8930e+01  5.7357e-04
 3.9050e+01  4.9874e-04
 3.9170e+01  4.1239e-04
 3.9300e+01  4.6136e-04
 3.9420e+01  4.0045e-04
 3.9550e+01  4.5942e-04
 3.9680e+01  4.8424e-04
 3.9800e+01  4.8366e-04
 3.9930e+01  4.3074e-04
 4.0060e+01  3.8912e-04
 4.0190e+01  4.0622e-04
 4.0320e+01  4.7791e-04
 4.0450e+01  4.9097e-04
 4.0580e+01  1.0182e-03
 4.0710e+01  9.9285e-04
 4.0850e+01  8.4270e-04
 4.0980e+01  4.1801e-04
 4.1110e+01  5.9976e-04
 4.1250e+01  5.5894e-04
 4.1380e+01  5.6472e-04
 4.1520e+01  7.3093e-04
 4.1660e+01  7.1969e-04
 4.1800e+01  7.5255e-04
 4.1930e+01  6.4650e-04
 4.2070e+01  6.2790e-04
 4.2210e+01  5.0917e-04
 4.2350e+01  6.8177e-04
 4.2500e+01  7.3362e-04
 4.2640e+01  7.3245e-04
 4.2780e+01  7.1009e-04
 4.2920e+01  6.5528e-04
 4.3070e+01  5.9710e-04
 4.3220e+01  5.3804e-04
 4.3360e+01  5.1290e-04
 4.3510e+01  4.9869e-04
 4.3660e+01  4.9014e-04
 4.3810e+01  4.8891e-04
 4.3950e+01  7.7502e-04
 4.4110e+01  5.5965e-04
 4.4260e+01  7.4189e-04
 4.4410e+01  7.8028e-04
 4.4560e+01  7.2257e-04
 4.4720e+01  5.2954e-04
 4.4870e+01  4.9301e-04
 4.5030e+01  3.6989e-04
 4.5180e+01  5.3936e-04
 4.5340e+01  5.6502e-04
 4.5500e+01  9.9658e-04
 4.5660e+01  8.9521e-04
 4.5820e+01  8.9246e-04
 4.5980e+01  8.5115e-04
 4.6140e+01  7.1932e-04
 4.6310e+01  6.1919e-04
 4.6470e+01  6.9423e-04
 4.6640e+01  6.5688e-04
 4.6800e+01  6.2804e-04
 4.6970e+01  6.0624e-04
 4.7140e+01  5.6120e-04
 4.7310e+01  5.5333e-04
 4.7480e+01  5.7538e-04
 4.7650e+01  6.2636e-04
 4.7820e+01  8.1192e-04
 4.8000e+01  6.1140e-04
 4.8170e+01  5.6471e-04
 4.8350e+01  6.4026e-04
 4.8530e+01  5.6044e-04
 4.8700e+01  7.8013e-04
 4.8880e+01  6.1487e-04
 4.9070e+01  6.1005e-04
 4.9250e+01  5.4809e-04
 4.9430e+01  5.2319e-04
 4.9610e+01  4.5307e-04
 4.9800e+01  5.5737e-04
 4.9990e+01  5.7752e-04
 5.0180e+01  6.5462e-04
 5.0360e+01  6.6920e-04
 5.0560e+01  6.4786e-04
 5.0750e+01  5.8631e-04
 5.0940e+01  5.6432e-04
 5.1140e+01  5.6782e-04
 5.1330e+01  5.9946e-04
 5.1530e+01  6.6319e-04
 5.1730e+01  8.8268e-04
 5.1930e+01  9.4878e-04
 5.2130e+01  9.6192e-04
 5.2330e+01  9.4798e-04
 5.2540e+01  9.0672e-04
 5.2740e+01  8.5850e-04
 5.2950e+01  6.0474e-04
 5.3160e+01  6.3123e-04
 5.3370e+01  5.7531e-04
 5.3580e+01  5.4984e-04
 5.3800e+01  5.2239e-04
 5.4010e+01  5.2395e-04
 5.4230e+01  5.0622e-04
 5.4450e+01  5.1697e-04
 5.4670e+01  4.7613e-04
 5.4890e+01  4.9477e-04
 5.5110e+01  5.1959e-04
 5.5340e+01  7.5725e-04
 5.5570e+01  8.4089e-04
 5.5800e+01  8.6195e-04
 5.6030e+01  7.9274e-04
 5.6260e+01  6.2085e-04
 5.6490e+01  8.4784e-04
 5.6730e+01  9.1251e-04
 5.6970e+01  9.6141e-04
 5.7210e+01  9.6896e-04
 5.7450e+01  1.0178e-03
 5.7700e+01  7.7992e-04
 5.7940e+01  6.8981e-04
 5.8190e+01  6.9199e-04
 5.8440e+01  6.5533e-04
 5.8690e+01  6.6731e-04
 5.8950e+01  7.0379e-04
 5.9210e+01  8.0265e-04
 5.9470e+01  6.7606e-04
 5.9730e+01  6.3884e-04
 5.9990e+01  6.2250e-04
 6.0260e+01  6.4071e-04
 6.0530e+01  5.5970e-04
 6.0800e+01  6.7652e-04
 6.1070e+01  7.3852e-04
 6.1350e+01  8.1537e-04
 6.1630e+01  8.5423e-04
 6.1910e+01  8.5386e-04
 6.2200e+01  1.0406e-03
 6.2480e+01  9.4891e-04
 6.2770e+01  8.5121e-04
 6.3060e+01  8.6632e-04
 6.3360e+01  4.9967e-04
 6.3660e+01  5.3376e-04
 6.3960e+01  6.7592e-04
 6.4260e+01  6.8044e-04
 6.4570e+01  8.3191e-04
 6.4880e+01  9.9091e-04
 6.5200e+01  1.0325e-03
 6.5510e+01  8.5889e-04
 6.5830e+01  8.0057e-04
 6.6160e+01  9.0500e-04
 6.6480e+01  8.0174e-04
 6.6820e+01  6.2449e-04
 6.7150e+01  3.8485e-04
 6.7490e+01  6.9447e-04
 6.7830e+01  9.9514e-04
 6.8180e+01  1.1180e-03
 6.8530e+01  1.2040e-03
 6.8880e+01  7.1931e-04
 6.9240e+01  5.3933e-04
 6.9600e+01  5.0103e-04
