#      mass       lower
 2.1410e-01  1.7189e-04
 2.1420e-01  1.5421e-04
 2.1430e-01  9.0556e-05
 2.1450e-01  7.3499e-05
 2.1460e-01  6.4384e-05
 2.1470e-01  8.8729e-05
 2.1490e-01  1.3410e-04
 2.1500e-01  1.8709e-04
 2.1520e-01  2.0806e-04
 2.1530e-01  1.6732e-04
 2.1550e-01  1.6142e-04
 2.1560e-01  1.1561e-04
 2.1580e-01  1.0492e-04
 2.1590e-01  1.0726e-04
 2.1610e-01  1.1798e-04
 2.1620e-01  1.2091e-04
 2.1640e-01  1.7385e-04
 2.1660e-01  1.3758e-04
 2.1670e-01  1.3043e-04
 2.1690e-01  1.4136e-04
 2.1710e-01  1.5422e-04
 2.1730e-01  1.6809e-04
 2.1750e-01  2.0509e-04
 2.1770e-01  1.2839e-04
 2.1780e-01  8.0654e-05
 2.1800e-01  1.1309e-04
 2.1820e-01  8.0535e-05
 2.1840e-01  7.0507e-05
 2.1860e-01  6.7978e-05
 2.1880e-01  9.9123e-05
 2.1910e-01  1.4076e-04
 2.1930e-01  1.7042e-04
 2.1950e-01  1.8321e-04
 2.1970e-01  1.8349e-04
 2.1990e-01  1.8236e-04
 2.2010e-01  1.8065e-04
 2.2040e-01  1.8958e-04
 2.2060e-01  1.9231e-04
 2.2080e-01  1.6888e-04
 2.2110e-01  1.6800e-04
 2.2130e-01  1.6421e-04
 2.2160e-01  1.4512e-04
 2.2180e-01  9.4463e-05
 2.2200e-01  1.3757e-04
 2.2230e-01  9.9751e-05
 2.2260e-01  1.5419e-04
 2.2280e-01  1.5459e-04
 2.2310e-01  1.3193e-04
 2.2330e-01  1.2697e-04
 2.2360e-01  1.0556e-04
 2.2390e-01  9.7900e-05
 2.2410e-01  9.5565e-05
 2.2440e-01  1.1116e-04
 2.2470e-01  1.1599e-04
 2.2500e-01  1.4514e-04
 2.2530e-01  1.7161e-04
 2.2560e-01  1.8982e-04
 2.2590e-01  1.6300e-04
 2.2620e-01  1.3169e-04
 2.2650e-01  1.3698e-04
 2.2680e-01  9.2936e-05
 2.2710e-01  9.2195e-05
 2.2740e-01  1.0597e-04
 2.2770e-01  1.4233e-04
 2.2800e-01  1.1650e-04
 2.2830e-01  1.4001e-04
 2.2860e-01  1.8314e-04
 2.2900e-01  2.1801e-04
 2.2930e-01  1.8727e-04
 2.2960e-01  1.7757e-04
 2.3000e-01  1.5764e-04
 2.3030e-01  1.4512e-04
 2.3060e-01  1.3719e-04
 2.3100e-01  1.3740e-04
 2.3130e-01  1.5161e-04
 2.3170e-01  1.5934e-04
 2.3200e-01  1.4742e-04
 2.3240e-01  1.3749e-04
 2.3270e-01  9.1796e-05
 2.3310e-01  8.1971e-05
 2.3350e-01  8.3263e-05
 2.3380e-01  1.0318e-04
 2.3420e-01  1.2795e-04
 2.3460e-01  1.5272e-04
 2.3500e-01  1.8729e-04
 2.3530e-01  1.6186e-04
 2.3570e-01  1.6426e-04
 2.3610e-01  1.4598e-04
 2.3650e-01  1.9525e-04
 2.3690e-01  2.0077e-04
 2.3730e-01  1.8990e-04
 2.3770e-01  1.3941e-04
 2.3810e-01  1.3500e-04
 2.3850e-01  1.6440e-04
 2.3890e-01  1.7808e-04
 2.3930e-01  1.3499e-04
 2.3980e-01  1.1955e-04
 2.4020e-01  1.1908e-04
 2.4060e-01  1.2568e-04
 2.4100e-01  1.6655e-04
 2.4150e-01  1.5317e-04
 2.4190e-01  1.3688e-04
 2.4230e-01  8.7985e-05
 2.4280e-01  1.0732e-04
 2.4320e-01  9.5029e-05
 2.4370e-01  1.1448e-04
 2.4410e-01  1.5786e-04
 2.4460e-01  1.7796e-04
 2.4500e-01  2.2117e-04
 2.4550e-01  2.0608e-04
 2.4600e-01  2.0482e-04
 2.4640e-01  1.6391e-04
 2.4690e-01  2.0332e-04
 2.4740e-01  1.7898e-04
 2.4780e-01  1.2564e-04
 2.4830e-01  1.6243e-04
 2.4880e-01  1.6459e-04
 2.4930e-01  9.9617e-05
 2.4980e-01  9.0533e-05
 2.5030e-01  8.6335e-05
 2.5080e-01  9.2400e-05
 2.5130e-01  1.3709e-04
 2.5180e-01  1.4231e-04
 2.5230e-01  1.2191e-04
 2.5280e-01  1.0804e-04
 2.5330e-01  1.0009e-04
 2.5380e-01  1.1856e-04
 2.5430e-01  1.4459e-04
 2.5480e-01  2.0396e-04
 2.5540e-01  1.7577e-04
 2.5590e-01  1.6343e-04
 2.5640e-01  1.5751e-04
 2.5700e-01  1.7304e-04
 2.5750e-01  1.1678e-04
 2.5800e-01  1.6101e-04
 2.5860e-01  1.0786e-04
 2.5910e-01  1.3662e-04
 2.5970e-01  1.5159e-04
 2.6020e-01  1.6298e-04
 2.6080e-01  1.6219e-04
 2.6130e-01  1.5679e-04
 2.6190e-01  1.5486e-04
 2.6250e-01  1.9187e-04
 2.6300e-01  1.8970e-04
 2.6360e-01  1.8563e-04
 2.6420e-01  1.2982e-04
 2.6480e-01  8.6538e-05
 2.6530e-01  9.6245e-05
 2.6590e-01  1.0182e-04
 2.6650e-01  1.7895e-04
 2.6710e-01  2.6180e-04
 2.6770e-01  2.1742e-04
 2.6830e-01  1.9224e-04
 2.6890e-01  1.0972e-04
 2.6950e-01  9.9546e-05
 2.7010e-01  1.1810e-04
 2.7070e-01  9.6890e-05
 2.7130e-01  1.6330e-04
 2.7190e-01  1.6966e-04
 2.7260e-01  1.8823e-04
 2.7320e-01  1.8866e-04
 2.7380e-01  2.0342e-04
 2.7440e-01  1.6708e-04
 2.7510e-01  1.4432e-04
 2.7570e-01  1.3436e-04
 2.7630e-01  1.0274e-04
 2.7700e-01  9.1437e-05
 2.7760e-01  7.7117e-05
 2.7830e-01  7.3041e-05
 2.7890e-01  1.3969e-04
 2.7960e-01  1.7900e-04
 2.8020e-01  2.1200e-04
 2.8090e-01  2.8560e-04
 2.8160e-01  2.8050e-04
 2.8220e-01  2.1313e-04
 2.8290e-01  1.7248e-04
 2.8360e-01  8.6688e-05
 2.8420e-01  7.9551e-05
 2.8490e-01  9.7254e-05
 2.8560e-01  1.1997e-04
 2.8630e-01  1.6886e-04
 2.8700e-01  2.1576e-04
 2.8770e-01  2.6112e-04
 2.8830e-01  2.0892e-04
 2.8900e-01  2.1409e-04
 2.8970e-01  1.7461e-04
 2.9040e-01  2.0432e-04
 2.9120e-01  1.3225e-04
 2.9190e-01  7.6165e-05
 2.9260e-01  7.0529e-05
 2.9330e-01  8.3596e-05
 2.9400e-01  1.3938e-04
 2.9470e-01  2.2136e-04
 2.9540e-01  2.6830e-04
 2.9620e-01  1.9208e-04
 2.9690e-01  2.1242e-04
 2.9760e-01  1.4665e-04
 2.9840e-01  1.2632e-04
 2.9910e-01  1.0970e-04
 2.9990e-01  7.0101e-05
 3.0060e-01  9.7753e-05
 3.0140e-01  1.3132e-04
 3.0210e-01  1.9421e-04
 3.0290e-01  2.1804e-04
 3.0360e-01  2.2118e-04
 3.0440e-01  2.2303e-04
 3.0510e-01  2.2301e-04
 3.0590e-01  1.9139e-04
 3.0670e-01  1.7956e-04
 3.0740e-01  1.5782e-04
 3.0820e-01  1.4399e-04
 3.0900e-01  1.6635e-04
 3.0980e-01  1.3555e-04
 3.1060e-01  1.1778e-04
 3.1130e-01  1.3801e-04
 3.1210e-01  1.6917e-04
 3.1290e-01  1.9553e-04
 3.1370e-01  1.7004e-04
 3.1450e-01  9.8116e-05
 3.1530e-01  9.9682e-05
 3.1610e-01  8.4699e-05
 3.1690e-01  7.3048e-05
 3.1780e-01  1.7514e-04
 3.1860e-01  2.1078e-04
 3.1940e-01  2.3676e-04
 3.2020e-01  2.4677e-04
 3.2100e-01  2.3191e-04
 3.2190e-01  2.2845e-04
 3.2270e-01  2.1942e-04
 3.2350e-01  1.9986e-04
 3.2430e-01  1.3280e-04
 3.2520e-01  9.2149e-05
 3.2600e-01  8.3027e-05
 3.2690e-01  1.0269e-04
 3.2770e-01  1.2721e-04
 3.2860e-01  1.7987e-04
 3.2940e-01  2.2843e-04
 3.3030e-01  2.5102e-04
 3.3110e-01  1.9860e-04
 3.3200e-01  2.1006e-04
 3.3280e-01  1.3847e-04
 3.3370e-01  1.2956e-04
 3.3460e-01  1.2571e-04
 3.3550e-01  1.2409e-04
 3.3630e-01  1.2783e-04
 3.3720e-01  1.1493e-04
 3.3810e-01  1.3041e-04
 3.3900e-01  1.7474e-04
 3.3990e-01  1.3574e-04
 3.4080e-01  1.5761e-04
 3.4160e-01  1.6578e-04
 3.4250e-01  1.1943e-04
 3.4340e-01  1.0560e-04
 3.4430e-01  1.2771e-04
 3.4520e-01  1.1491e-04
 3.4620e-01  1.6050e-04
 3.4710e-01  1.8166e-04
 3.4800e-01  2.2922e-04
 3.4890e-01  2.5463e-04
 3.4980e-01  1.8851e-04
 3.5070e-01  1.4826e-04
 3.5170e-01  1.2262e-04
 3.5260e-01  1.1545e-04
 3.5350e-01  9.6217e-05
 3.5440e-01  1.1145e-04
 3.5540e-01  1.9579e-04
 3.5630e-01  2.6700e-04
 3.5730e-01  2.8362e-04
 3.5820e-01  3.1133e-04
 3.5920e-01  2.5071e-04
 3.6010e-01  2.0827e-04
 3.6110e-01  1.7178e-04
 3.6200e-01  1.4671e-04
 3.6300e-01  1.3910e-04
 3.6390e-01  1.2869e-04
 3.6490e-01  1.2710e-04
 3.6590e-01  1.2737e-04
 3.6680e-01  1.8763e-04
 3.6780e-01  1.6264e-04
 3.6880e-01  1.6049e-04
 3.6980e-01  1.3869e-04
 3.7070e-01  1.1615e-04
 3.7170e-01  1.1756e-04
 3.7270e-01  1.2463e-04
 3.7370e-01  1.4141e-04
 3.7470e-01  1.6207e-04
 3.7570e-01  1.5633e-04
 3.7670e-01  1.4206e-04
 3.7770e-01  1.8056e-04
 3.7870e-01  1.3880e-04
 3.7970e-01  1.9013e-04
 3.8070e-01  1.9237e-04
 3.8170e-01  2.6585e-04
 3.8270e-01  2.0395e-04
 3.8380e-01  2.1554e-04
 3.8480e-01  2.1454e-04
 3.8580e-01  1.3215e-04
 3.8680e-01  2.3351e-04
 3.8790e-01  2.5005e-04
 3.8890e-01  2.3102e-04
 3.8990e-01  2.3608e-04
 3.9100e-01  2.8032e-04
 3.9200e-01  1.9644e-04
 3.9310e-01  1.6135e-04
 3.9410e-01  1.4819e-04
 3.9520e-01  1.3145e-04
 3.9620e-01  1.2622e-04
 3.9730e-01  1.2928e-04
 3.9830e-01  1.5679e-04
 3.9940e-01  1.6993e-04
 4.0040e-01  2.0079e-04
 4.0150e-01  1.8731e-04
 4.0260e-01  1.8249e-04
 4.0360e-01  1.4153e-04
 4.0470e-01  2.2650e-04
 4.0580e-01  2.3168e-04
 4.0690e-01  1.3852e-04
 4.0800e-01  1.3700e-04
 4.0900e-01  1.6596e-04
 4.1010e-01  1.4816e-04
 4.1120e-01  1.3360e-04
 4.1230e-01  1.3064e-04
 4.1340e-01  1.4326e-04
 4.1450e-01  1.9577e-04
 4.1560e-01  1.5474e-04
 4.1670e-01  2.3428e-04
 4.1780e-01  1.4036e-04
 4.1890e-01  1.4460e-04
 4.2010e-01  1.6746e-04
 4.2120e-01  2.1511e-04
 4.2230e-01  2.5831e-04
 4.2340e-01  2.8851e-04
 4.2450e-01  2.9873e-04
 4.2570e-01  2.8691e-04
 4.2680e-01  2.6729e-04
 4.2790e-01  2.3270e-04
 4.2910e-01  1.8912e-04
 4.3020e-01  1.5210e-04
 4.3140e-01  1.0580e-04
 4.3250e-01  1.0787e-04
 4.3360e-01  1.9161e-04
 4.3480e-01  2.1467e-04
 4.3600e-01  2.1064e-04
 4.3710e-01  2.0226e-04
 4.3830e-01  2.3786e-04
 4.3940e-01  1.3564e-04
 4.4060e-01  1.1698e-04
 4.4180e-01  1.0872e-04
 4.4290e-01  1.2943e-04
 4.4410e-01  2.6154e-04
 4.4530e-01  2.8113e-04
 4.4650e-01  2.3560e-04
 4.4760e-01  2.4870e-04
 4.4880e-01  2.5049e-04
 4.5000e-01  2.4577e-04
 4.5120e-01  1.6073e-04
 4.5240e-01  1.4203e-04
 4.5360e-01  1.4339e-04
 4.5480e-01  1.7468e-04
 4.5600e-01  1.8174e-04
 4.5720e-01  1.9814e-04
 4.5840e-01  2.2133e-04
 4.5960e-01  2.3190e-04
 4.6080e-01  2.4964e-04
 4.6200e-01  2.4190e-04
 4.6320e-01  2.0857e-04
 4.6450e-01  1.7689e-04
 4.6570e-01  1.3453e-04
 4.6690e-01  2.0298e-04
 4.6810e-01  1.8475e-04
 4.6940e-01  1.8176e-04
 4.7060e-01  1.6647e-04
 4.7180e-01  1.9857e-04
 4.7310e-01  1.8893e-04
 4.7430e-01  2.5825e-04
 4.7560e-01  2.6020e-04
 4.7680e-01  2.9424e-04
 4.7810e-01  2.2895e-04
 4.7930e-01  2.4600e-04
 4.8060e-01  2.2221e-04
 4.8180e-01  1.6420e-04
 4.8310e-01  1.2838e-04
 4.8440e-01  1.1338e-04
 4.8560e-01  1.4921e-04
 4.8690e-01  2.5158e-04
 4.8820e-01  1.7506e-04
 4.8950e-01  2.0003e-04
 4.9070e-01  3.3258e-04
 4.9200e-01  3.1399e-04
 4.9330e-01  2.4254e-04
 4.9460e-01  1.8408e-04
 4.9590e-01  1.1695e-04
 4.9720e-01  1.3447e-04
 4.9850e-01  1.0874e-04
 4.9980e-01  1.1413e-04
 5.0110e-01  1.0558e-04
 5.0240e-01  1.1576e-04
 5.0370e-01  1.3831e-04
 5.0500e-01  2.6724e-04
 5.0630e-01  3.4677e-04
 5.0760e-01  3.3498e-04
 5.0900e-01  2.8163e-04
 5.1030e-01  1.1424e-04
 5.1160e-01  8.3711e-05
 5.1290e-01  1.0254e-04
 5.1430e-01  1.3606e-04
 5.1560e-01  1.6639e-04
 5.1690e-01  2.1039e-04
 5.1830e-01  3.0457e-04
 5.1960e-01  3.1465e-04
 5.2100e-01  1.5011e-04
 5.2230e-01  1.3081e-04
 5.2370e-01  1.0325e-04
 5.3000e-01  1.0000e+05
 5.7270e-01  2.4517e-04
 5.7420e-01  2.1725e-04
 5.7570e-01  2.6272e-04
 5.7710e-01  3.3777e-04
 5.7860e-01  3.1965e-04
 5.8010e-01  1.9240e-04
 5.8150e-01  1.7904e-04
 5.8300e-01  1.3562e-04
 5.8450e-01  1.3243e-04
 5.8590e-01  1.1306e-04
 5.8740e-01  1.3511e-04
 5.8890e-01  1.9634e-04
 5.9040e-01  1.6673e-04
 5.9190e-01  2.5465e-04
 5.9340e-01  2.1500e-04
 5.9490e-01  2.7884e-04
 5.9640e-01  3.1008e-04
 5.9790e-01  2.9214e-04
 5.9940e-01  2.4859e-04
 6.0090e-01  9.5986e-05
 6.0240e-01  7.7897e-05
 6.0390e-01  9.2990e-05
 6.0540e-01  1.0285e-04
 6.0700e-01  1.8028e-04
 6.0850e-01  2.0534e-04
 6.1000e-01  2.4895e-04
 6.1150e-01  2.9429e-04
 6.1310e-01  3.8703e-04
 6.1460e-01  2.9772e-04
 6.1610e-01  2.0766e-04
 6.1770e-01  1.4576e-04
 6.1920e-01  7.4314e-05
 6.2080e-01  5.9793e-05
 6.2230e-01  6.4738e-05
 6.2390e-01  1.1852e-04
 6.2540e-01  2.0921e-04
 6.2700e-01  2.9592e-04
 6.2850e-01  3.0740e-04
 6.3010e-01  3.3767e-04
 6.3170e-01  1.8304e-04
 6.3320e-01  1.2563e-04
 6.3480e-01  1.0605e-04
 6.3640e-01  9.3006e-05
 6.3800e-01  1.4594e-04
 6.3960e-01  1.7806e-04
 6.4110e-01  1.9340e-04
 6.4270e-01  2.1095e-04
 6.4430e-01  2.1737e-04
 6.4590e-01  1.1139e-04
 6.4750e-01  1.4169e-04
 6.4910e-01  1.1734e-04
 6.5070e-01  1.2876e-04
 6.5230e-01  2.5948e-04
 6.5390e-01  2.0741e-04
 6.5560e-01  1.5633e-04
 6.5720e-01  1.7229e-04
 6.5880e-01  1.4908e-04
 6.6040e-01  1.2654e-04
 6.6200e-01  1.0162e-04
 6.6370e-01  1.1117e-04
 6.6530e-01  1.4965e-04
 6.6690e-01  1.1007e-04
 6.6860e-01  1.2138e-04
 6.7020e-01  1.4606e-04
 6.7190e-01  1.8251e-04
 6.7350e-01  1.8966e-04
 6.7520e-01  1.8420e-04
 6.7680e-01  1.3804e-04
 6.7850e-01  1.8661e-04
 6.8010e-01  1.0457e-04
 6.8180e-01  1.7593e-04
 6.8350e-01  1.3127e-04
 6.8510e-01  1.9392e-04
 6.8680e-01  1.7867e-04
 6.8850e-01  1.5471e-04
 6.9010e-01  1.0066e-04
 6.9180e-01  7.8136e-05
 6.9350e-01  8.9236e-05
 6.9520e-01  8.1977e-05
 6.9690e-01  9.6763e-05
 6.9860e-01  9.5079e-05
 7.0030e-01  8.9061e-05
 7.0200e-01  8.0320e-05
 7.0370e-01  9.5901e-05
 7.0540e-01  1.1197e-04
 7.0710e-01  1.0888e-04
 7.0880e-01  1.3092e-04
 7.1050e-01  9.0700e-05
 7.1230e-01  1.0602e-04
 7.1400e-01  1.4606e-04
 7.1570e-01  1.3953e-04
 7.1740e-01  1.6464e-04
 7.1920e-01  1.0232e-04
 7.2090e-01  1.6394e-04
 7.2260e-01  1.2008e-04
 7.2440e-01  8.6427e-05
 7.2610e-01  7.3285e-05
 7.2790e-01  7.5476e-05
 7.2960e-01  9.0324e-05
 7.3140e-01  7.6919e-05
 7.3310e-01  1.2250e-04
 7.3490e-01  1.6991e-04
 7.3670e-01  1.6596e-04
 7.3840e-01  1.5254e-04
 7.4020e-01  1.4344e-04
 7.5000e-01  1.0000e+05
 8.2750e-01  9.3668e-05
 8.2940e-01  2.2518e-04
 8.3140e-01  2.0014e-04
 8.3330e-01  1.7881e-04
 8.3530e-01  1.2917e-04
 8.3720e-01  8.4989e-05
 8.3920e-01  8.1097e-05
 8.4110e-01  8.8266e-05
 8.4310e-01  7.7687e-05
 8.4500e-01  8.7119e-05
 8.4700e-01  2.0148e-04
 8.4890e-01  2.2851e-04
 8.5090e-01  2.3621e-04
 8.5290e-01  1.9507e-04
 8.5490e-01  1.4371e-04
 8.5680e-01  1.5158e-04
 8.5880e-01  1.8072e-04
 8.6080e-01  1.6032e-04
 8.6280e-01  1.6959e-04
 8.6480e-01  1.2668e-04
 8.6680e-01  1.9466e-04
 8.6880e-01  2.0051e-04
 8.7080e-01  2.3056e-04
 8.7280e-01  1.9563e-04
 8.7480e-01  1.4926e-04
 8.7680e-01  1.8129e-04
 8.7890e-01  1.0541e-04
 8.8090e-01  1.8687e-04
 8.8290e-01  1.3196e-04
 8.8490e-01  1.3253e-04
 8.8700e-01  1.3955e-04
 8.8900e-01  1.8504e-04
 8.9100e-01  1.7008e-04
 8.9310e-01  1.9304e-04
 8.9510e-01  2.0620e-04
 8.9720e-01  1.3133e-04
 8.9920e-01  1.3915e-04
 9.0130e-01  1.8095e-04
 9.0330e-01  1.0704e-04
 9.0540e-01  2.1883e-04
 9.0750e-01  2.8346e-04
 9.0960e-01  3.3767e-04
 9.1160e-01  2.3030e-04
 9.1370e-01  1.9975e-04
 9.1580e-01  1.1142e-04
 9.1790e-01  8.3344e-05
 9.2000e-01  2.3334e-04
 9.2210e-01  3.2329e-04
 9.2420e-01  3.5570e-04
 9.2630e-01  2.3671e-04
 9.2840e-01  2.4461e-04
 9.3050e-01  1.0244e-04
 9.3260e-01  6.7641e-05
 9.3470e-01  2.2452e-04
 9.3680e-01  2.1574e-04
 9.3890e-01  8.3163e-05
 9.4110e-01  2.1862e-04
 9.4320e-01  3.6390e-04
 9.4530e-01  4.1806e-04
 9.4750e-01  3.8283e-04
 9.4960e-01  3.2842e-04
 9.5180e-01  1.9315e-04
 9.5390e-01  1.1845e-04
 9.5610e-01  2.9025e-04
 9.5820e-01  3.1707e-04
 9.6000e-01  1.0000e+05
 1.1620e+00  3.9223e-04
 1.1650e+00  4.0267e-04
 1.1670e+00  4.3416e-04
 1.1700e+00  4.0934e-04
 1.1720e+00  3.9730e-04
 1.1750e+00  4.4659e-04
 1.1780e+00  5.2926e-04
 1.1800e+00  4.9212e-04
 1.1830e+00  4.1042e-04
 1.1850e+00  2.8008e-04
 1.1880e+00  2.8327e-04
 1.1900e+00  4.6353e-04
 1.1930e+00  4.7906e-04
 1.1950e+00  5.2610e-04
 1.1980e+00  5.3272e-04
 1.2000e+00  5.0973e-04
 1.2030e+00  4.3559e-04
 1.2060e+00  3.5205e-04
 1.2080e+00  2.9775e-04
 1.2110e+00  2.9362e-04
 1.2130e+00  3.9635e-04
 1.2160e+00  2.9503e-04
 1.2190e+00  2.7979e-04
 1.2210e+00  2.9277e-04
 1.2240e+00  3.7848e-04
 1.2260e+00  4.4630e-04
 1.2290e+00  3.9811e-04
 1.2320e+00  4.7144e-04
 1.2340e+00  3.4499e-04
 1.2370e+00  5.3601e-04
 1.2400e+00  4.8334e-04
 1.2420e+00  4.9840e-04
 1.2450e+00  5.3050e-04
 1.2470e+00  5.4791e-04
 1.2500e+00  5.6840e-04
 1.2530e+00  5.8324e-04
 1.2550e+00  5.7272e-04
 1.2580e+00  5.5375e-04
 1.2610e+00  5.5569e-04
 1.2630e+00  3.8710e-04
 1.2660e+00  3.3029e-04
 1.2690e+00  2.9049e-04
 1.2710e+00  2.5449e-04
 1.2740e+00  2.2146e-04
 1.2770e+00  2.9142e-04
 1.2800e+00  4.0054e-04
 1.2820e+00  4.8238e-04
 1.2850e+00  5.5424e-04
 1.2880e+00  6.1670e-04
 1.2900e+00  5.6473e-04
 1.2930e+00  5.1112e-04
 1.2960e+00  3.6776e-04
 1.2990e+00  2.5235e-04
 1.3010e+00  2.8682e-04
 1.3040e+00  5.7911e-04
 1.3070e+00  5.4505e-04
 1.3100e+00  4.9485e-04
 1.3120e+00  4.6917e-04
 1.3150e+00  5.3115e-04
 1.3180e+00  2.9152e-04
 1.3210e+00  2.8423e-04
 1.3230e+00  2.6634e-04
 1.3260e+00  2.1300e-04
 1.3290e+00  2.4325e-04
 1.3320e+00  2.8074e-04
 1.3350e+00  2.8983e-04
 1.3370e+00  3.2641e-04
 1.3400e+00  3.5299e-04
 1.3430e+00  4.0135e-04
 1.3460e+00  3.4016e-04
 1.3490e+00  5.0484e-04
 1.3510e+00  6.3128e-04
 1.3540e+00  4.2830e-04
 1.3570e+00  3.9023e-04
 1.3600e+00  3.9363e-04
 1.3630e+00  5.1359e-04
 1.3660e+00  4.1691e-04
 1.3680e+00  4.0124e-04
 1.3710e+00  5.8275e-04
 1.3740e+00  5.1750e-04
 1.3770e+00  6.5340e-04
 1.3800e+00  6.6333e-04
 1.3830e+00  2.5880e-04
 1.3860e+00  2.7090e-04
 1.3890e+00  2.7637e-04
 1.3910e+00  3.5582e-04
 1.3940e+00  4.0196e-04
 1.3970e+00  5.4249e-04
 1.4000e+00  6.0428e-04
 1.4030e+00  6.5750e-04
 1.4060e+00  6.5917e-04
 1.4090e+00  6.6327e-04
 1.4120e+00  4.2219e-04
 1.4150e+00  3.3541e-04
 1.4180e+00  3.5239e-04
 1.4210e+00  2.7836e-04
 1.4230e+00  4.7144e-04
 1.4260e+00  3.0923e-04
 1.4290e+00  4.1934e-04
 1.4320e+00  4.1100e-04
 1.4350e+00  4.6430e-04
 1.4380e+00  4.5069e-04
 1.4410e+00  3.9787e-04
 1.4440e+00  4.1200e-04
 1.4470e+00  3.7026e-04
 1.4500e+00  4.0287e-04
 1.4530e+00  5.2208e-04
 1.4560e+00  5.5387e-04
 1.4590e+00  6.6219e-04
 1.4620e+00  7.3594e-04
 1.4650e+00  6.9832e-04
 1.4680e+00  7.3395e-04
 1.4710e+00  5.1935e-04
 1.4740e+00  4.6760e-04
 1.4770e+00  5.4211e-04
 1.4800e+00  4.7341e-04
 1.4830e+00  5.4660e-04
 1.4860e+00  5.1771e-04
 1.4890e+00  3.8072e-04
 1.4920e+00  4.2524e-04
 1.4960e+00  4.5705e-04
 1.4990e+00  5.9537e-04
 1.5020e+00  6.0733e-04
 1.5050e+00  5.8650e-04
 1.5080e+00  5.6926e-04
 1.5110e+00  6.2324e-04
 1.5140e+00  5.7094e-04
 1.5170e+00  4.4919e-04
 1.5200e+00  3.3665e-04
 1.5230e+00  3.2291e-04
 1.5260e+00  3.3367e-04
 1.5300e+00  3.4106e-04
 1.5330e+00  3.8467e-04
 1.5360e+00  3.8075e-04
 1.5390e+00  4.7301e-04
 1.5420e+00  6.8107e-04
 1.5450e+00  7.5917e-04
 1.5480e+00  6.3110e-04
 1.5510e+00  6.5789e-04
 1.5550e+00  4.9298e-04
 1.5580e+00  5.0973e-04
 1.5610e+00  6.3378e-04
 1.5640e+00  6.1455e-04
 1.5670e+00  6.0008e-04
 1.5700e+00  5.1058e-04
 1.5740e+00  4.5596e-04
 1.5770e+00  3.8531e-04
 1.5800e+00  3.5547e-04
 1.5830e+00  3.9200e-04
 1.5860e+00  6.6688e-04
 1.5900e+00  3.9199e-04
 1.5930e+00  4.7735e-04
 1.5960e+00  7.4551e-04
 1.5990e+00  7.8178e-04
 1.6030e+00  8.5497e-04
 1.6060e+00  6.3524e-04
 1.6090e+00  5.5556e-04
 1.6120e+00  5.6720e-04
 1.6160e+00  5.8358e-04
 1.6190e+00  6.1616e-04
 1.6220e+00  6.7953e-04
 1.6250e+00  4.5705e-04
 1.6290e+00  6.0704e-04
 1.6320e+00  5.8987e-04
 1.6350e+00  6.5046e-04
 1.6390e+00  5.4507e-04
 1.6420e+00  5.0440e-04
 1.6450e+00  4.6523e-04
 1.6480e+00  4.4937e-04
 1.6520e+00  4.0530e-04
 1.6550e+00  3.9210e-04
 1.6580e+00  4.7259e-04
 1.6620e+00  5.7352e-04
 1.6650e+00  4.4896e-04
 1.6680e+00  9.8717e-04
 1.6720e+00  7.2292e-04
 1.6750e+00  8.8808e-04
 1.6790e+00  8.1193e-04
 1.6820e+00  6.1592e-04
 1.6850e+00  6.7925e-04
 1.6890e+00  5.8707e-04
 1.6920e+00  4.3125e-04
 1.6950e+00  3.5039e-04
 1.6990e+00  6.1976e-04
 1.7020e+00  5.2866e-04
 1.7060e+00  4.5110e-04
 1.7090e+00  4.2421e-04
 1.7120e+00  3.7617e-04
 1.7160e+00  5.1190e-04
 1.7190e+00  5.8613e-04
 1.7230e+00  4.9538e-04
 1.7260e+00  5.5250e-04
 1.7300e+00  7.0828e-04
 1.7330e+00  7.2793e-04
 1.7370e+00  8.5195e-04
 1.7400e+00  8.3600e-04
 1.7430e+00  3.4202e-04
 1.7470e+00  2.5936e-04
 1.7500e+00  2.4072e-04
 1.7540e+00  2.6957e-04
 1.7570e+00  8.2417e-04
 1.7610e+00  8.6315e-04
 1.7640e+00  8.7353e-04
 1.7680e+00  9.1162e-04
 1.7710e+00  7.6348e-04
 1.7750e+00  6.3991e-04
 1.7780e+00  3.9955e-04
 1.7820e+00  3.2980e-04
 1.7860e+00  3.5480e-04
 1.7890e+00  3.6542e-04
 1.7930e+00  4.0840e-04
 1.7960e+00  5.7831e-04
 1.8000e+00  5.0723e-04
 1.8030e+00  5.2875e-04
 1.8070e+00  5.5243e-04
 1.8100e+00  4.2867e-04
 1.8140e+00  3.4776e-04
 1.8180e+00  3.1678e-04
 1.8210e+00  3.8059e-04
 1.8250e+00  5.4823e-04
 1.8280e+00  7.4188e-04
 1.8320e+00  7.5183e-04
 1.8360e+00  6.2690e-04
 1.8390e+00  5.4793e-04
 1.8430e+00  4.1416e-04
 1.8470e+00  4.2298e-04
 1.8500e+00  5.3535e-04
 1.8540e+00  6.2941e-04
 1.8570e+00  6.6218e-04
 1.8610e+00  5.2216e-04
 1.8650e+00  4.7901e-04
 1.8680e+00  5.5033e-04
 1.8720e+00  5.7535e-04
 1.8760e+00  5.4991e-04
 1.8800e+00  5.7743e-04
 1.8830e+00  5.0842e-04
 1.8870e+00  4.7264e-04
 1.8910e+00  3.9414e-04
 1.8940e+00  4.6541e-04
 1.8980e+00  3.6034e-04
 1.9020e+00  6.7311e-04
 1.9060e+00  7.4771e-04
 1.9090e+00  7.4071e-04
 1.9130e+00  7.8407e-04
 1.9170e+00  7.1385e-04
 1.9210e+00  7.4685e-04
 1.9240e+00  7.5687e-04
 1.9280e+00  7.2256e-04
 1.9320e+00  7.1547e-04
 1.9360e+00  6.6208e-04
 1.9390e+00  7.0927e-04
 1.9430e+00  5.1510e-04
 1.9470e+00  4.7270e-04
 1.9510e+00  5.4146e-04
 1.9550e+00  5.6937e-04
 1.9580e+00  5.7656e-04
 1.9620e+00  5.9597e-04
 1.9660e+00  6.7131e-04
 1.9700e+00  5.5509e-04
 1.9740e+00  5.4460e-04
 1.9780e+00  6.1588e-04
 1.9820e+00  5.5605e-04
 1.9850e+00  4.8965e-04
 1.9890e+00  3.6230e-04
 1.9930e+00  5.8026e-04
 1.9970e+00  4.2810e-04
 2.0010e+00  5.7107e-04
 2.0050e+00  5.5944e-04
 2.0090e+00  5.2338e-04
 2.0130e+00  4.1089e-04
 2.0170e+00  4.1508e-04
 2.0200e+00  5.2710e-04
 2.0240e+00  7.5182e-04
 2.0280e+00  5.1627e-04
 2.0320e+00  6.8483e-04
 2.0360e+00  6.5732e-04
 2.0400e+00  5.9014e-04
 2.0440e+00  4.3904e-04
 2.0480e+00  3.9460e-04
 2.0520e+00  5.2274e-04
 2.0560e+00  5.7697e-04
 2.0600e+00  6.4966e-04
 2.0640e+00  6.7356e-04
 2.0680e+00  5.4219e-04
 2.0720e+00  6.0711e-04
 2.0760e+00  4.6003e-04
 2.0800e+00  4.5059e-04
 2.0840e+00  5.3815e-04
 2.0880e+00  4.3295e-04
 2.0920e+00  6.8553e-04
 2.0960e+00  3.4180e-04
 2.1000e+00  4.5934e-04
 2.1040e+00  4.6013e-04
 2.1080e+00  4.1758e-04
 2.1120e+00  6.3396e-04
 2.1170e+00  5.1894e-04
 2.1210e+00  7.7854e-04
 2.1250e+00  8.1015e-04
 2.1290e+00  7.9426e-04
 2.1330e+00  7.4124e-04
 2.1370e+00  5.0425e-04
 2.1410e+00  5.3877e-04
 2.1450e+00  5.1991e-04
 2.1490e+00  5.9202e-04
 2.1540e+00  7.0595e-04
 2.1580e+00  9.0902e-04
 2.1620e+00  6.3631e-04
 2.1660e+00  3.4223e-04
 2.1700e+00  3.5597e-04
 2.1740e+00  3.4890e-04
 2.1780e+00  4.1609e-04
 2.1830e+00  4.8460e-04
 2.1870e+00  7.4648e-04
 2.1910e+00  8.4712e-04
 2.1950e+00  8.7642e-04
 2.1990e+00  8.4955e-04
 2.2040e+00  7.9403e-04
 2.2080e+00  7.2489e-04
 2.2120e+00  4.0172e-04
 2.2160e+00  5.1204e-04
 2.2210e+00  5.1373e-04
 2.2250e+00  4.4337e-04
 2.2290e+00  4.4972e-04
 2.2330e+00  4.7019e-04
 2.2380e+00  4.9314e-04
 2.2420e+00  5.0549e-04
 2.2460e+00  4.4709e-04
 2.2510e+00  4.3255e-04
 2.2550e+00  6.3242e-04
 2.2590e+00  6.6475e-04
 2.2640e+00  7.0178e-04
 2.2680e+00  6.4637e-04
 2.2720e+00  6.3477e-04
 2.2770e+00  7.7708e-04
 2.2810e+00  5.3419e-04
 2.2850e+00  4.9155e-04
 2.2900e+00  7.6627e-04
 2.2940e+00  7.0740e-04
 2.2980e+00  6.8100e-04
 2.3030e+00  6.1026e-04
 2.3070e+00  4.4797e-04
 2.3110e+00  3.9450e-04
 2.3160e+00  4.1191e-04
 2.3200e+00  3.8793e-04
 2.3250e+00  4.1214e-04
 2.3290e+00  3.8276e-04
 2.3340e+00  4.2829e-04
 2.3380e+00  7.2197e-04
 2.3420e+00  5.1378e-04
 2.3470e+00  6.5083e-04
 2.3510e+00  6.3032e-04
 2.3560e+00  4.4136e-04
 2.3600e+00  3.5174e-04
 2.3650e+00  6.4172e-04
 2.3690e+00  4.8894e-04
 2.3740e+00  6.2800e-04
 2.3780e+00  7.0291e-04
 2.3830e+00  7.2669e-04
 2.3870e+00  7.1814e-04
 2.3920e+00  6.9347e-04
 2.3960e+00  6.9467e-04
 2.4010e+00  5.5601e-04
 2.4050e+00  6.8063e-04
 2.4100e+00  9.1706e-04
 2.4150e+00  5.9634e-04
 2.4190e+00  5.3419e-04
 2.4240e+00  4.2208e-04
 2.4280e+00  4.2205e-04
 2.4330e+00  5.4313e-04
 2.4380e+00  4.4823e-04
 2.4420e+00  8.1098e-04
 2.4470e+00  9.8142e-04
 2.4510e+00  6.6120e-04
 2.4560e+00  5.8934e-04
 2.4610e+00  5.0126e-04
 2.4650e+00  6.3564e-04
 2.4700e+00  4.3791e-04
 2.4750e+00  5.2802e-04
 2.4790e+00  5.7566e-04
 2.4840e+00  6.3213e-04
 2.4890e+00  5.5562e-04
 2.4930e+00  5.8323e-04
 2.4980e+00  5.5556e-04
 2.5030e+00  6.0827e-04
 2.5070e+00  6.0737e-04
 2.5120e+00  7.9439e-04
 2.5170e+00  8.4236e-04
 2.5220e+00  8.3806e-04
 2.5260e+00  8.1258e-04
 2.5310e+00  7.0764e-04
 2.5360e+00  5.9879e-04
 2.5410e+00  6.2512e-04
 2.5450e+00  4.4622e-04
 2.5500e+00  5.1798e-04
 2.5550e+00  4.2059e-04
 2.5600e+00  6.2757e-04
 2.5650e+00  5.3619e-04
 2.5690e+00  5.4635e-04
 2.5740e+00  6.4027e-04
 2.5790e+00  7.6894e-04
 2.5840e+00  8.1779e-04
 2.5890e+00  6.7206e-04
 2.5940e+00  4.3073e-04
 2.5980e+00  4.5369e-04
 2.6030e+00  7.4165e-04
 2.6080e+00  6.4734e-04
 2.6130e+00  7.6460e-04
 2.6180e+00  6.2571e-04
 2.6230e+00  7.3098e-04
 2.6280e+00  3.9111e-04
 2.6330e+00  4.1740e-04
 2.6380e+00  7.3049e-04
 2.6430e+00  4.3869e-04
 2.6480e+00  4.9052e-04
 2.6520e+00  4.9516e-04
 2.6570e+00  7.1683e-04
 2.6620e+00  7.8817e-04
 2.6670e+00  9.0870e-04
 2.6720e+00  9.1666e-04
 2.6770e+00  9.2390e-04
 2.6820e+00  7.7314e-04
 2.6870e+00  8.2915e-04
 2.6920e+00  7.6253e-04
 2.6970e+00  5.4976e-04
 2.9000e+00  1.0000e+05
 3.3000e+00  5.6587e-04
 3.3070e+00  5.8863e-04
 3.3140e+00  8.4391e-04
 3.3210e+00  8.5499e-04
 3.3290e+00  8.0405e-04
 3.3360e+00  6.1713e-04
 3.3440e+00  5.3547e-04
 3.3510e+00  5.1974e-04
 3.3580e+00  5.4722e-04
 3.3660e+00  6.8357e-04
 3.3730e+00  5.8943e-04
 3.3810e+00  5.3215e-04
 3.3880e+00  5.0423e-04
 3.3950e+00  6.8476e-04
 3.4030e+00  9.0775e-04
 3.4100e+00  8.5997e-04
 3.4180e+00  8.5442e-04
 3.4250e+00  8.3356e-04
 3.4330e+00  9.0063e-04
 3.4400e+00  5.6430e-04
 3.4480e+00  4.2452e-04
 3.4560e+00  3.6969e-04
 3.4630e+00  3.6092e-04
 3.4710e+00  7.7318e-04
 3.4780e+00  8.0989e-04
 3.4860e+00  7.6994e-04
 3.4940e+00  8.6445e-04
 3.5010e+00  9.1212e-04
 3.5090e+00  9.3024e-04
 3.5170e+00  8.8314e-04
 3.5240e+00  8.2591e-04
 3.5320e+00  1.0164e-03
 3.6000e+00  1.0000e+05
 3.9340e+00  9.9513e-04
 3.9430e+00  6.8064e-04
 3.9510e+00  6.1930e-04
 3.9600e+00  5.6868e-04
 3.9680e+00  7.7368e-04
 3.9770e+00  6.0353e-04
 3.9850e+00  4.7527e-04
 3.9940e+00  5.0341e-04
 4.0030e+00  6.0806e-04
 4.0110e+00  1.0878e-03
 4.0200e+00  8.6102e-04
 4.0280e+00  9.3363e-04
 4.0370e+00  1.1482e-03
 4.0460e+00  1.2962e-03
 4.0540e+00  1.0687e-03
 4.0630e+00  9.2080e-04
 4.0720e+00  9.7606e-04
 4.0800e+00  7.7926e-04
 4.0890e+00  6.9792e-04
 4.0980e+00  6.8210e-04
 4.1060e+00  6.7743e-04
 4.1150e+00  8.9937e-04
 4.1240e+00  1.2908e-03
 4.1330e+00  9.7843e-04
 4.1420e+00  4.1765e-04
 4.1510e+00  3.6365e-04
 4.1590e+00  3.6224e-04
 4.1680e+00  3.6530e-04
 4.1770e+00  3.7579e-04
 4.1860e+00  7.1009e-04
 4.1950e+00  8.9195e-04
 4.2040e+00  7.5544e-04
 4.2130e+00  7.5864e-04
 4.2220e+00  7.6728e-04
 4.2310e+00  6.5379e-04
 4.2400e+00  6.3268e-04
 4.2490e+00  9.0098e-04
 4.2580e+00  6.1057e-04
 4.2670e+00  6.7648e-04
 4.2760e+00  6.2580e-04
 4.2850e+00  6.3815e-04
 4.2940e+00  6.6093e-04
 4.3030e+00  6.9502e-04
 4.3120e+00  7.8223e-04
 4.3220e+00  8.8141e-04
 4.3310e+00  8.0758e-04
 4.3400e+00  7.8027e-04
 4.3490e+00  4.4964e-04
 4.3580e+00  3.7927e-04
 4.3680e+00  4.4029e-04
 4.3770e+00  6.3546e-04
 4.3860e+00  6.0590e-04
 4.3950e+00  5.8344e-04
 4.4050e+00  8.1154e-04
 4.4140e+00  8.7983e-04
 4.4230e+00  8.7302e-04
 4.4330e+00  9.0918e-04
 4.4420e+00  9.0031e-04
 4.4520e+00  9.9595e-04
 4.4610e+00  8.7803e-04
 4.4700e+00  9.1530e-04
 4.4800e+00  6.0896e-04
 4.4890e+00  5.6086e-04
 4.4990e+00  5.2292e-04
 4.5080e+00  7.6974e-04
 4.5180e+00  7.3302e-04
 4.5270e+00  8.0843e-04
 4.5370e+00  6.8149e-04
 4.5470e+00  8.9550e-04
 4.5560e+00  7.7983e-04
 4.5660e+00  8.2417e-04
 4.5750e+00  8.5846e-04
 4.5850e+00  5.9088e-04
 4.5950e+00  4.9437e-04
 4.6040e+00  3.4842e-04
 4.6140e+00  3.4937e-04
 4.6240e+00  4.9528e-04
 4.6340e+00  5.0957e-04
 4.6430e+00  6.5415e-04
 4.6530e+00  6.6758e-04
 4.6630e+00  6.8662e-04
 4.6730e+00  7.3481e-04
 4.6830e+00  7.4835e-04
 4.6920e+00  7.6323e-04
 4.7020e+00  6.4500e-04
 4.7120e+00  4.4725e-04
 4.7220e+00  6.0599e-04
 4.7320e+00  6.4150e-04
 4.7420e+00  8.1371e-04
 4.7520e+00  8.9533e-04
 4.7620e+00  9.9906e-04
 4.7720e+00  1.0254e-03
 4.7820e+00  1.0721e-03
 4.7920e+00  8.9892e-04
 4.8020e+00  4.2095e-04
 4.8120e+00  3.6519e-04
 4.8220e+00  3.7700e-04
 4.8330e+00  4.8883e-04
 4.8430e+00  6.1351e-04
 4.8530e+00  1.0448e-03
 4.8630e+00  9.0848e-04
 4.8730e+00  8.6959e-04
 4.8830e+00  8.5229e-04
 4.8940e+00  7.2913e-04
 4.9040e+00  6.7714e-04
 4.9140e+00  4.8787e-04
 4.9250e+00  4.9949e-04
 4.9350e+00  4.7832e-04
 4.9450e+00  4.5597e-04
 4.9560e+00  5.0859e-04
 4.9660e+00  5.9401e-04
 4.9760e+00  6.0415e-04
 4.9870e+00  4.8838e-04
 4.9970e+00  4.8211e-04
 5.0080e+00  4.0799e-04
 5.0180e+00  4.7294e-04
 5.0290e+00  5.7011e-04
 5.0390e+00  5.3060e-04
 5.0500e+00  6.8972e-04
 5.0600e+00  8.3692e-04
 5.0710e+00  7.3349e-04
 5.0820e+00  5.1300e-04
 5.0920e+00  4.2640e-04
 5.1030e+00  6.3489e-04
 5.1140e+00  5.5086e-04
 5.1240e+00  5.1036e-04
 5.1350e+00  5.4206e-04
 5.1460e+00  8.3142e-04
 5.1570e+00  6.9862e-04
 5.1670e+00  8.0364e-04
 5.1780e+00  7.8690e-04
 5.1890e+00  5.7843e-04
 5.2000e+00  6.6193e-04
 5.2110e+00  6.6160e-04
 5.2220e+00  6.9327e-04
 5.2320e+00  7.4988e-04
 5.2430e+00  7.7497e-04
 5.2540e+00  7.9604e-04
 5.2650e+00  7.5960e-04
 5.2760e+00  7.3034e-04
 5.2870e+00  5.7460e-04
 5.2980e+00  6.3692e-04
 5.3090e+00  5.9965e-04
 5.3210e+00  6.7593e-04
 5.3320e+00  5.1611e-04
 5.3430e+00  4.8506e-04
 5.3540e+00  5.0515e-04
 5.3650e+00  5.4376e-04
 5.3760e+00  6.7509e-04
 5.3880e+00  7.3630e-04
 5.3990e+00  7.0741e-04
 5.4100e+00  6.9214e-04
 5.4210e+00  3.8579e-04
 5.4330e+00  4.3577e-04
 5.4440e+00  8.3683e-04
 5.4550e+00  8.3419e-04
 5.4670e+00  7.5842e-04
 5.4780e+00  6.6976e-04
 5.4900e+00  5.4027e-04
 5.5010e+00  4.2182e-04
 5.5120e+00  3.9226e-04
 5.5240e+00  4.6403e-04
 5.5350e+00  4.4948e-04
 5.5470e+00  4.9938e-04
 5.5590e+00  5.7697e-04
 5.5700e+00  6.0618e-04
 5.5820e+00  5.8536e-04
 5.5930e+00  6.5902e-04
 5.6050e+00  6.6918e-04
 5.6170e+00  6.5563e-04
 5.6280e+00  7.8580e-04
 5.6400e+00  7.7008e-04
 5.6520e+00  8.0572e-04
 5.6640e+00  6.9645e-04
 5.6750e+00  8.3962e-04
 5.6870e+00  5.9286e-04
 5.6990e+00  8.4946e-04
 5.7110e+00  5.2800e-04
 5.7230e+00  8.5042e-04
 5.7350e+00  8.6505e-04
 5.7470e+00  8.1982e-04
 5.7590e+00  9.9353e-04
 5.7710e+00  7.8082e-04
 5.7830e+00  7.6874e-04
 5.7950e+00  5.4209e-04
 5.8070e+00  6.6782e-04
 5.8190e+00  6.5831e-04
 5.8310e+00  6.0907e-04
 5.8430e+00  5.9892e-04
 5.8550e+00  6.4224e-04
 5.8670e+00  5.7918e-04
 5.8800e+00  5.1466e-04
 5.8920e+00  3.9158e-04
 5.9040e+00  4.4473e-04
 5.9160e+00  4.5927e-04
 5.9290e+00  4.3745e-04
 5.9410e+00  4.1265e-04
 5.9530e+00  3.8749e-04
 5.9660e+00  4.3050e-04
 5.9780e+00  7.7719e-04
 5.9910e+00  8.3431e-04
 6.0030e+00  7.2682e-04
 6.0150e+00  6.5732e-04
 6.0280e+00  5.7609e-04
 6.0410e+00  5.7677e-04
 6.0530e+00  5.9794e-04
 6.0660e+00  4.8794e-04
 6.0780e+00  6.9690e-04
 6.0910e+00  4.2051e-04
 6.1040e+00  4.3874e-04
 6.1160e+00  5.7126e-04
 6.1290e+00  6.9208e-04
 6.1420e+00  9.9398e-04
 6.1540e+00  1.0176e-03
 6.1670e+00  9.8986e-04
 6.1800e+00  6.4068e-04
 6.1930e+00  7.0990e-04
 6.2060e+00  6.2979e-04
 6.2190e+00  3.8075e-04
 6.2320e+00  6.9484e-04
 6.2450e+00  6.5887e-04
 6.2580e+00  4.2552e-04
 6.2710e+00  5.2339e-04
 6.2840e+00  5.5875e-04
 6.2970e+00  7.4509e-04
 6.3100e+00  6.8971e-04
 6.3230e+00  6.9330e-04
 6.3360e+00  5.7761e-04
 6.3490e+00  4.8843e-04
 6.3620e+00  5.8301e-04
 6.3760e+00  6.1573e-04
 6.3890e+00  7.4860e-04
 6.4020e+00  3.1767e-04
 6.4150e+00  3.0844e-04
 6.4290e+00  4.6976e-04
 6.4420e+00  5.6332e-04
 6.4560e+00  6.5390e-04
 6.4690e+00  7.4374e-04
 6.4820e+00  9.5763e-04
 6.4960e+00  9.8027e-04
 6.5090e+00  7.6011e-04
 6.5230e+00  6.9384e-04
 6.5360e+00  4.9079e-04
 6.5500e+00  4.1623e-04
 6.5640e+00  3.6456e-04
 6.5770e+00  4.4130e-04
 6.5910e+00  4.9074e-04
 6.6050e+00  4.0123e-04
 6.6180e+00  8.6036e-04
 6.6320e+00  7.0319e-04
 6.6460e+00  7.0751e-04
 6.6600e+00  4.7467e-04
 6.6740e+00  4.1942e-04
 6.6870e+00  3.7066e-04
 6.7010e+00  3.8228e-04
 6.7150e+00  3.5792e-04
 6.7290e+00  6.0998e-04
 6.7430e+00  6.6672e-04
 6.7570e+00  4.5791e-04
 6.7710e+00  4.5824e-04
 6.7850e+00  3.7935e-04
 6.8000e+00  3.5967e-04
 6.8140e+00  3.3960e-04
 6.8280e+00  5.6403e-04
 6.8420e+00  6.9064e-04
 6.8560e+00  7.6155e-04
 6.8710e+00  7.7096e-04
 6.8850e+00  8.3018e-04
 6.8990e+00  8.1340e-04
 6.9130e+00  7.1637e-04
 6.9280e+00  6.3856e-04
 6.9420e+00  4.1017e-04
 6.9570e+00  4.5123e-04
 6.9710e+00  6.5672e-04
 6.9860e+00  7.7198e-04
 7.0000e+00  9.9337e-04
 7.0150e+00  9.0786e-04
 7.0290e+00  4.9596e-04
 7.0440e+00  4.1123e-04
 7.0590e+00  4.1193e-04
 7.0730e+00  3.0884e-04
 7.0880e+00  3.1857e-04
 7.1030e+00  4.9848e-04
 7.1180e+00  8.7292e-04
 7.1320e+00  1.0274e-03
 7.1470e+00  1.1164e-03
 7.1620e+00  7.4165e-04
 7.1770e+00  4.3808e-04
 7.1920e+00  4.4641e-04
 7.2070e+00  2.7205e-04
 7.2220e+00  5.8122e-04
 7.2370e+00  6.5324e-04
 7.2520e+00  8.6335e-04
 7.2670e+00  8.6875e-04
 7.2820e+00  7.4476e-04
 7.2980e+00  6.8085e-04
 7.3130e+00  7.2591e-04
 7.3280e+00  3.4047e-04
 7.3430e+00  6.7314e-04
 7.3590e+00  7.4543e-04
 7.3740e+00  8.2255e-04
 7.3890e+00  7.7311e-04
 7.4050e+00  8.1559e-04
 7.4200e+00  7.5304e-04
 7.4360e+00  6.0590e-04
 7.4510e+00  4.7941e-04
 7.4670e+00  4.1251e-04
 7.4820e+00  3.3417e-04
 7.4980e+00  3.5321e-04
 7.5130e+00  3.7000e-04
 7.5290e+00  5.4043e-04
 7.5450e+00  1.2811e-03
 7.5610e+00  6.0616e-04
 7.5760e+00  4.7901e-04
 7.5920e+00  3.9614e-04
 7.6080e+00  3.0669e-04
 7.6240e+00  4.8841e-04
 7.6400e+00  5.7414e-04
 7.6560e+00  8.3403e-04
 7.6720e+00  8.8382e-04
 7.6880e+00  8.2126e-04
 7.7040e+00  7.7107e-04
 7.7200e+00  6.6175e-04
 7.7360e+00  3.4959e-04
 7.7520e+00  3.8665e-04
 7.7680e+00  3.9753e-04
 7.7850e+00  4.3021e-04
 7.8010e+00  5.1055e-04
 7.8170e+00  7.0097e-04
 7.8340e+00  5.8539e-04
 7.8500e+00  6.0280e-04
 7.8660e+00  6.3120e-04
 7.8830e+00  6.1013e-04
 7.8990e+00  4.7928e-04
 7.9160e+00  6.3804e-04
 7.9320e+00  6.1912e-04
 7.9490e+00  5.2978e-04
 7.9660e+00  6.2099e-04
 7.9820e+00  4.3057e-04
 7.9990e+00  5.1412e-04
 8.0160e+00  4.4259e-04
 8.0320e+00  6.2427e-04
 8.0490e+00  6.6022e-04
 8.0660e+00  6.5911e-04
 8.0830e+00  5.9295e-04
 8.1000e+00  4.1677e-04
 8.1170e+00  4.7855e-04
 8.1340e+00  4.5855e-04
 8.1510e+00  4.8396e-04
 8.1680e+00  4.8763e-04
 8.1850e+00  5.4033e-04
 8.2020e+00  5.3739e-04
 8.2190e+00  5.6680e-04
 8.2370e+00  5.8094e-04
 8.2540e+00  6.5075e-04
 8.2710e+00  6.6931e-04
 8.2890e+00  7.7683e-04
 8.3060e+00  6.7469e-04
 8.3230e+00  6.6058e-04
 8.3410e+00  5.8792e-04
 8.3580e+00  6.2968e-04
 8.3760e+00  6.7797e-04
 8.3930e+00  8.5960e-04
 8.4110e+00  8.5205e-04
 8.4290e+00  8.2335e-04
 8.4460e+00  8.4220e-04
 8.4640e+00  5.4678e-04
 8.4820e+00  6.5510e-04
 8.5000e+00  5.5702e-04
 8.5180e+00  4.1057e-04
 8.5350e+00  4.0836e-04
 8.5530e+00  5.1958e-04
 8.5710e+00  7.4378e-04
 8.5890e+00  8.3166e-04
 8.6070e+00  8.5014e-04
 8.6260e+00  8.5628e-04
 8.6440e+00  8.7851e-04
 8.6620e+00  6.4889e-04
 8.6800e+00  7.2261e-04
 8.6980e+00  1.0357e-03
 8.7170e+00  1.3181e-03
 8.7350e+00  7.5826e-04
 8.7530e+00  3.2182e-04
 8.7720e+00  2.4123e-04
 8.7900e+00  2.6512e-04
 8.8090e+00  3.1956e-04
 8.8270e+00  1.0420e-03
 9.1000e+00  1.0000e+05
 1.0690e+01  6.3395e-04
 1.0710e+01  1.0022e-03
 1.0740e+01  8.4986e-04
 1.0760e+01  6.1250e-04
 1.0780e+01  4.1100e-04
 1.0810e+01  4.7087e-04
 1.0830e+01  5.3735e-04
 1.0850e+01  7.3613e-04
 1.0880e+01  1.0096e-03
 1.0900e+01  1.1158e-03
 1.0920e+01  9.7541e-04
 1.0950e+01  9.3849e-04
 1.0970e+01  7.7623e-04
 1.0990e+01  5.8167e-04
 1.1020e+01  6.0511e-04
 1.1040e+01  2.5048e-04
 1.1060e+01  7.0403e-04
 1.1090e+01  6.5241e-04
 1.1110e+01  7.0539e-04
 1.1140e+01  8.7200e-04
 1.1160e+01  9.6851e-04
 1.1180e+01  8.9274e-04
 1.1210e+01  6.2639e-04
 1.1230e+01  5.3230e-04
 1.1260e+01  4.8919e-04
 1.1280e+01  4.2421e-04
 1.1310e+01  5.9788e-04
 1.1330e+01  5.7340e-04
 1.1350e+01  4.8971e-04
 1.1380e+01  4.8984e-04
 1.1400e+01  3.6725e-04
 1.1430e+01  3.7831e-04
 1.1450e+01  3.0683e-04
 1.1480e+01  3.0450e-04
 1.1500e+01  6.6901e-04
 1.1530e+01  8.1787e-04
 1.1550e+01  7.3770e-04
 1.1580e+01  6.2317e-04
 1.1600e+01  3.3825e-04
 1.1630e+01  4.7782e-04
 1.1650e+01  2.7898e-04
 1.1680e+01  2.7495e-04
 1.1710e+01  3.3198e-04
 1.1730e+01  5.5573e-04
 1.1760e+01  4.8563e-04
 1.1780e+01  7.3027e-04
 1.1810e+01  6.1606e-04
 1.1830e+01  7.7489e-04
 1.1860e+01  7.1260e-04
 1.1880e+01  3.7400e-04
 1.1910e+01  3.2918e-04
 1.1940e+01  3.1087e-04
 1.1960e+01  3.4816e-04
 1.1990e+01  3.2407e-04
 1.2020e+01  3.4377e-04
 1.2040e+01  4.0795e-04
 1.2070e+01  5.4424e-04
 1.2090e+01  7.2338e-04
 1.2120e+01  8.9610e-04
 1.2150e+01  9.3196e-04
 1.2170e+01  1.0657e-03
 1.2200e+01  7.4118e-04
 1.2230e+01  4.6957e-04
 1.2250e+01  3.1702e-04
 1.2280e+01  3.1623e-04
 1.2310e+01  3.2940e-04
 1.2330e+01  4.2253e-04
 1.2360e+01  4.1170e-04
 1.2390e+01  8.5312e-04
 1.2420e+01  7.9020e-04
 1.2440e+01  6.4167e-04
 1.2470e+01  5.0382e-04
 1.2500e+01  3.8520e-04
 1.2530e+01  3.2090e-04
 1.2550e+01  3.0020e-04
 1.2580e+01  4.4692e-04
 1.2610e+01  3.7762e-04
 1.2640e+01  7.6636e-04
 1.2660e+01  6.9354e-04
 1.2690e+01  6.0292e-04
 1.2720e+01  7.0029e-04
 1.2750e+01  6.6881e-04
 1.2780e+01  6.5984e-04
 1.2800e+01  4.7492e-04
 1.2830e+01  3.5004e-04
 1.2860e+01  3.8252e-04
 1.2890e+01  5.7662e-04
 1.2920e+01  3.9142e-04
 1.2950e+01  6.1308e-04
 1.2980e+01  6.9587e-04
 1.3000e+01  7.5121e-04
 1.3030e+01  7.7084e-04
 1.3060e+01  6.8591e-04
 1.3090e+01  5.3001e-04
 1.3120e+01  4.2587e-04
 1.3150e+01  3.7404e-04
 1.3180e+01  3.8579e-04
 1.3210e+01  4.7668e-04
 1.3240e+01  4.1145e-04
 1.3270e+01  4.1747e-04
 1.3300e+01  4.4507e-04
 1.3320e+01  5.4835e-04
 1.3350e+01  5.2768e-04
 1.3380e+01  5.5524e-04
 1.3410e+01  5.5211e-04
 1.3440e+01  4.8002e-04
 1.3470e+01  6.0810e-04
 1.3500e+01  4.6864e-04
 1.3530e+01  7.1281e-04
 1.3560e+01  7.3962e-04
 1.3590e+01  8.2387e-04
 1.3620e+01  8.7110e-04
 1.3650e+01  6.7373e-04
 1.3690e+01  6.6064e-04
 1.3720e+01  6.8626e-04
 1.3750e+01  6.0330e-04
 1.3780e+01  5.4106e-04
 1.3810e+01  6.6491e-04
 1.3840e+01  3.9803e-04
 1.3870e+01  3.5301e-04
 1.3900e+01  4.2183e-04
 1.3930e+01  4.3824e-04
 1.3960e+01  6.9484e-04
 1.3990e+01  8.4446e-04
 1.4030e+01  8.2058e-04
 1.4060e+01  3.4469e-04
 1.4090e+01  3.3793e-04
 1.4120e+01  4.3819e-04
 1.4150e+01  4.0305e-04
 1.4180e+01  3.8673e-04
 1.4220e+01  3.3090e-04
 1.4250e+01  4.2836e-04
 1.4280e+01  3.9488e-04
 1.4310e+01  4.2043e-04
 1.4340e+01  6.1050e-04
 1.4380e+01  7.0869e-04
 1.4410e+01  7.1200e-04
 1.4440e+01  7.5409e-04
 1.4470e+01  8.4222e-04
 1.4510e+01  8.9914e-04
 1.4540e+01  8.1995e-04
 1.4570e+01  8.6647e-04
 1.4610e+01  7.6204e-04
 1.4640e+01  5.4950e-04
 1.4670e+01  4.7188e-04
 1.4710e+01  3.9045e-04
 1.4740e+01  3.5594e-04
 1.4770e+01  5.1487e-04
 1.4810e+01  7.7789e-04
 1.4840e+01  7.8722e-04
 1.4870e+01  7.5200e-04
 1.4910e+01  5.9974e-04
 1.4940e+01  5.0677e-04
 1.4970e+01  3.6253e-04
 1.5010e+01  3.6252e-04
 1.5040e+01  3.9247e-04
 1.5080e+01  4.3322e-04
 1.5110e+01  5.2557e-04
 1.5150e+01  1.0100e-03
 1.5180e+01  1.1048e-03
 1.5210e+01  7.6734e-04
 1.5250e+01  7.2574e-04
 1.5280e+01  6.2349e-04
 1.5320e+01  3.0101e-04
 1.5350e+01  4.3850e-04
 1.5390e+01  4.4061e-04
 1.5420e+01  4.5631e-04
 1.5460e+01  4.9496e-04
 1.5490e+01  7.7791e-04
 1.5530e+01  8.1937e-04
 1.5570e+01  6.0363e-04
 1.5600e+01  4.5019e-04
 1.5640e+01  3.4863e-04
 1.5670e+01  4.4748e-04
 1.5710e+01  5.3074e-04
 1.5740e+01  5.5937e-04
 1.5780e+01  5.8725e-04
 1.5820e+01  7.3250e-04
 1.5850e+01  7.9294e-04
 1.5890e+01  8.8808e-04
 1.5930e+01  4.8049e-04
 1.5960e+01  6.5760e-04
 1.6000e+01  3.9987e-04
 1.6040e+01  4.0300e-04
 1.6070e+01  9.0267e-04
 1.6110e+01  8.6609e-04
 1.6150e+01  8.1509e-04
 1.6190e+01  8.1161e-04
 1.6220e+01  7.1619e-04
 1.6260e+01  5.9217e-04
 1.6300e+01  4.7220e-04
 1.6340e+01  4.4529e-04
 1.6370e+01  4.3886e-04
 1.6410e+01  3.7163e-04
 1.6450e+01  7.4976e-04
 1.6490e+01  5.8540e-04
 1.6530e+01  9.4710e-04
 1.6560e+01  8.2537e-04
 1.6600e+01  9.1499e-04
 1.6640e+01  8.1111e-04
 1.6680e+01  5.1348e-04
 1.6720e+01  4.5904e-04
 1.6760e+01  2.3154e-04
 1.6800e+01  3.3483e-04
 1.6840e+01  4.8705e-04
 1.6880e+01  5.6416e-04
 1.6910e+01  1.0211e-03
 1.6950e+01  1.0596e-03
 1.6990e+01  8.8288e-04
 1.7030e+01  6.2334e-04
 1.7070e+01  4.8896e-04
 1.7110e+01  3.0554e-04
 1.7150e+01  3.0895e-04
 1.7190e+01  3.2813e-04
 1.7230e+01  4.0640e-04
 1.7270e+01  5.5913e-04
 1.7310e+01  9.0982e-04
 1.7360e+01  1.0417e-03
 1.7400e+01  1.0329e-03
 1.7440e+01  5.4761e-04
 1.7480e+01  4.7574e-04
 1.7520e+01  3.3573e-04
 1.7560e+01  2.8901e-04
 1.7600e+01  3.9854e-04
 1.7640e+01  4.9982e-04
 1.7680e+01  8.6830e-04
 1.7730e+01  8.7939e-04
 1.7770e+01  9.2473e-04
 1.7810e+01  9.4912e-04
 1.7850e+01  9.3550e-04
 1.7890e+01  8.6189e-04
 1.7940e+01  7.6773e-04
 1.7980e+01  3.2385e-04
 1.8020e+01  3.2033e-04
 1.8060e+01  4.9395e-04
 1.8110e+01  3.6590e-04
 1.8150e+01  9.0475e-04
 1.8190e+01  6.4683e-04
 1.8240e+01  8.6045e-04
 1.8280e+01  5.5502e-04
 1.8320e+01  5.0726e-04
 1.8370e+01  4.8386e-04
 1.8410e+01  5.4755e-04
 1.8450e+01  4.7711e-04
 1.8500e+01  7.7671e-04
 1.8540e+01  7.7844e-04
 1.8590e+01  8.0048e-04
 1.8630e+01  4.8505e-04
 1.8680e+01  5.2204e-04
 1.8720e+01  6.3286e-04
 1.8770e+01  6.4595e-04
 1.8810e+01  6.6064e-04
 1.8860e+01  4.0489e-04
 1.8900e+01  4.3636e-04
 1.8950e+01  6.0331e-04
 1.8990e+01  7.2921e-04
 1.9040e+01  1.0818e-03
 1.9080e+01  8.5127e-04
 1.9130e+01  7.5140e-04
 1.9170e+01  7.0801e-04
 1.9220e+01  5.8952e-04
 1.9270e+01  4.7706e-04
 1.9310e+01  4.5804e-04
 1.9360e+01  6.0322e-04
 1.9410e+01  6.4764e-04
 1.9450e+01  7.5949e-04
 1.9500e+01  7.2666e-04
 1.9550e+01  5.4295e-04
 1.9600e+01  4.7587e-04
 1.9640e+01  4.8448e-04
 1.9690e+01  4.8294e-04
 1.9740e+01  4.9069e-04
 1.9790e+01  5.9983e-04
 1.9830e+01  5.9707e-04
 1.9880e+01  5.0964e-04
 1.9930e+01  4.2138e-04
 1.9980e+01  4.5846e-04
 2.0030e+01  4.0966e-04
 2.0080e+01  7.2865e-04
 2.0130e+01  7.5273e-04
 2.0170e+01  8.3471e-04
 2.0220e+01  8.3364e-04
 2.0270e+01  8.1500e-04
 2.0320e+01  6.3825e-04
 2.0370e+01  5.3761e-04
 2.0420e+01  5.3401e-04
 2.0470e+01  6.3195e-04
 2.0520e+01  6.4910e-04
 2.0570e+01  9.4526e-04
 2.0620e+01  6.7460e-04
 2.0670e+01  6.7877e-04
 2.0720e+01  6.0259e-04
 2.0780e+01  6.7239e-04
 2.0830e+01  5.5415e-04
 2.0880e+01  5.4037e-04
 2.0930e+01  5.4325e-04
 2.0980e+01  5.8047e-04
 2.1030e+01  5.2667e-04
 2.1080e+01  7.2881e-04
 2.1140e+01  8.7266e-04
 2.1190e+01  8.3320e-04
 2.1240e+01  8.4189e-04
 2.1290e+01  8.3796e-04
 2.1350e+01  8.8703e-04
 2.1400e+01  7.5638e-04
 2.1450e+01  6.7232e-04
 2.1510e+01  6.3272e-04
 2.1560e+01  5.8743e-04
 2.1610e+01  5.5728e-04
 2.1670e+01  5.0253e-04
 2.1720e+01  6.8704e-04
 2.1780e+01  7.8861e-04
 2.1830e+01  1.0521e-03
 2.1880e+01  1.0558e-03
 2.1940e+01  6.5906e-04
 2.1990e+01  6.9634e-04
 2.2050e+01  6.4775e-04
 2.2100e+01  5.9139e-04
 2.2160e+01  4.2198e-04
 2.2210e+01  6.2504e-04
 2.2270e+01  6.1731e-04
 2.2330e+01  6.0350e-04
 2.2380e+01  4.0429e-04
 2.2440e+01  6.6302e-04
 2.2500e+01  8.3510e-04
 2.2550e+01  4.5833e-04
 2.2610e+01  4.8867e-04
 2.2670e+01  4.5798e-04
 2.2720e+01  4.8422e-04
 2.2780e+01  4.5395e-04
 2.2840e+01  5.6789e-04
 2.2900e+01  5.6384e-04
 2.2950e+01  5.7166e-04
 2.3010e+01  5.1884e-04
 2.3070e+01  6.5948e-04
 2.3130e+01  8.7103e-04
 2.3190e+01  8.6373e-04
 2.3250e+01  9.1626e-04
 2.3310e+01  8.8968e-04
 2.3370e+01  7.1220e-04
 2.3430e+01  7.9877e-04
 2.3490e+01  7.8694e-04
 2.3550e+01  8.3783e-04
 2.3610e+01  8.2886e-04
 2.3670e+01  8.3253e-04
 2.3730e+01  8.0707e-04
 2.3790e+01  7.9524e-04
 2.3850e+01  7.4979e-04
 2.3910e+01  6.9078e-04
 2.3970e+01  6.6211e-04
 2.4030e+01  8.7631e-04
 2.4090e+01  6.3599e-04
 2.4160e+01  5.6962e-04
 2.4220e+01  7.3176e-04
 2.4280e+01  6.2263e-04
 2.4340e+01  5.8696e-04
 2.4410e+01  5.9152e-04
 2.4470e+01  6.1540e-04
 2.4530e+01  6.7384e-04
 2.4600e+01  8.4432e-04
 2.4660e+01  7.5566e-04
 2.4720e+01  6.2510e-04
 2.4790e+01  6.2151e-04
 2.4850e+01  7.5803e-04
 2.4920e+01  7.4782e-04
 2.4980e+01  7.8729e-04
 2.5050e+01  8.4124e-04
 2.5110e+01  1.0239e-03
 2.5180e+01  9.6514e-04
 2.5240e+01  9.5949e-04
 2.5310e+01  8.9307e-04
 2.5380e+01  7.8793e-04
 2.5440e+01  4.0382e-04
 2.5510e+01  4.5328e-04
 2.5580e+01  5.6319e-04
 2.5640e+01  7.3568e-04
 2.5710e+01  8.3660e-04
 2.5780e+01  8.6352e-04
 2.5850e+01  1.2140e-03
 2.5920e+01  7.8720e-04
 2.5980e+01  7.2671e-04
 2.6050e+01  7.0166e-04
 2.6120e+01  6.8243e-04
 2.6190e+01  5.5562e-04
 2.6260e+01  5.5821e-04
 2.6330e+01  5.7559e-04
 2.6400e+01  5.3901e-04
 2.6470e+01  8.8190e-04
 2.6540e+01  9.0177e-04
 2.6610e+01  8.6155e-04
 2.6680e+01  8.9956e-04
 2.6750e+01  4.6141e-04
 2.6830e+01  4.3302e-04
 2.6900e+01  4.2731e-04
 2.6970e+01  6.0551e-04
 2.7040e+01  6.7364e-04
 2.7110e+01  5.6195e-04
 2.7190e+01  1.0778e-03
 2.7260e+01  8.1991e-04
 2.7330e+01  8.5878e-04
 2.7410e+01  9.6296e-04
 2.7480e+01  9.7539e-04
 2.7550e+01  9.5892e-04
 2.7630e+01  9.0248e-04
 2.7700e+01  5.2109e-04
 2.7780e+01  7.6888e-04
 2.7850e+01  8.2969e-04
 2.7930e+01  6.1465e-04
 2.8010e+01  5.9321e-04
 2.8080e+01  5.7176e-04
 2.8160e+01  6.1062e-04
 2.8230e+01  6.7469e-04
 2.8310e+01  8.9414e-04
 2.8390e+01  1.0050e-03
 2.8470e+01  1.0315e-03
 2.8540e+01  9.2201e-04
 2.8620e+01  9.3570e-04
 2.8700e+01  9.3378e-04
 2.8780e+01  8.4384e-04
 2.8860e+01  9.2825e-04
 2.8940e+01  9.3536e-04
 2.9020e+01  9.5651e-04
 2.9100e+01  7.7998e-04
 2.9180e+01  1.1171e-03
 2.9260e+01  1.1375e-03
 2.9340e+01  1.2219e-03
 2.9420e+01  1.0057e-03
 2.9500e+01  1.0306e-03
 2.9580e+01  8.2625e-04
 2.9670e+01  7.2039e-04
 2.9750e+01  6.2196e-04
 2.9830e+01  5.6739e-04
 2.9910e+01  5.7948e-04
 3.0000e+01  5.7259e-04
 3.0080e+01  6.1114e-04
 3.0170e+01  7.7681e-04
 3.0250e+01  8.4642e-04
 3.0340e+01  8.1873e-04
 3.0420e+01  1.1936e-03
 3.0510e+01  9.2241e-04
 3.0590e+01  8.5165e-04
 3.0680e+01  6.6862e-04
 3.0770e+01  6.0197e-04
 3.0850e+01  6.5173e-04
 3.0940e+01  6.1699e-04
 3.1030e+01  4.9853e-04
 3.1110e+01  7.4848e-04
 3.1200e+01  8.2813e-04
 3.1290e+01  9.4799e-04
 3.1380e+01  1.4824e-03
 3.1470e+01  1.2413e-03
 3.1560e+01  6.1952e-04
 3.1650e+01  6.0421e-04
 3.1740e+01  5.3085e-04
 3.1830e+01  5.2548e-04
 3.1920e+01  5.1058e-04
 3.2010e+01  5.4132e-04
 3.2110e+01  5.9736e-04
 3.2200e+01  7.3307e-04
 3.2290e+01  9.9494e-04
 3.2380e+01  1.1174e-03
 3.2480e+01  1.1312e-03
 3.2570e+01  1.0786e-03
 3.2670e+01  5.5364e-04
 3.2760e+01  6.0472e-04
 3.2860e+01  7.9609e-04
 3.2950e+01  9.0322e-04
 3.3050e+01  1.0984e-03
 3.3140e+01  1.1134e-03
 3.3240e+01  1.0213e-03
 3.3340e+01  1.0080e-03
 3.3440e+01  7.7269e-04
 3.3530e+01  4.6713e-04
 3.3630e+01  4.4100e-04
 3.3730e+01  6.4870e-04
 3.3830e+01  6.8457e-04
 3.3930e+01  7.0082e-04
 3.4030e+01  1.0087e-03
 3.4130e+01  1.0474e-03
 3.4230e+01  9.0244e-04
 3.4330e+01  8.9002e-04
 3.4440e+01  8.0114e-04
 3.4540e+01  7.1350e-04
 3.4640e+01  7.5053e-04
 3.4750e+01  1.0320e-03
 3.4850e+01  1.1162e-03
 3.4950e+01  1.3557e-03
 3.5060e+01  1.0527e-03
 3.5160e+01  9.3803e-04
 3.5270e+01  6.6117e-04
 3.5380e+01  1.0683e-03
 3.5480e+01  9.7566e-04
 3.5590e+01  7.3782e-04
 3.5700e+01  1.0178e-03
 3.5800e+01  1.1659e-03
 3.5910e+01  1.2841e-03
 3.6020e+01  1.4302e-03
 3.6130e+01  1.2830e-03
 3.6240e+01  9.0699e-04
 3.6350e+01  9.3577e-04
 3.6460e+01  7.8479e-04
 3.6580e+01  7.3699e-04
 3.6690e+01  1.0541e-03
 3.6800e+01  7.8231e-04
 3.6910e+01  8.7184e-04
 3.7030e+01  1.1582e-03
 3.7140e+01  9.7427e-04
 3.7260e+01  1.0387e-03
 3.7370e+01  8.3769e-04
 3.7490e+01  7.2529e-04
 3.7610e+01  8.9422e-04
 3.7720e+01  1.4917e-03
 3.7840e+01  1.3581e-03
 3.7960e+01  1.0855e-03
 3.8080e+01  1.2282e-03
 3.8200e+01  1.2352e-03
 3.8320e+01  5.5286e-04
 3.8440e+01  5.6951e-04
 3.8560e+01  8.9389e-04
 3.8680e+01  9.9947e-04
 3.8800e+01  1.1745e-03
 3.8930e+01  9.2860e-04
 3.9050e+01  8.0747e-04
 3.9170e+01  6.6767e-04
 3.9300e+01  7.4697e-04
 3.9420e+01  6.4837e-04
 3.9550e+01  7.4385e-04
 3.9680e+01  7.8405e-04
 3.9800e+01  7.8312e-04
 3.9930e+01  6.9745e-04
 4.0060e+01  6.3008e-04
 4.0190e+01  6.5778e-04
 4.0320e+01  7.7389e-04
 4.0450e+01  7.9504e-04
 4.0580e+01  1.6487e-03
 4.0710e+01  1.6078e-03
 4.0850e+01  1.3647e-03
 4.0980e+01  6.7695e-04
 4.1110e+01  9.7131e-04
 4.1250e+01  9.0522e-04
 4.1380e+01  9.1461e-04
 4.1520e+01  1.1838e-03
 4.1660e+01  1.1657e-03
 4.1800e+01  1.2189e-03
 4.1930e+01  1.0472e-03
 4.2070e+01  1.0171e-03
 4.2210e+01  8.2477e-04
 4.2350e+01  1.1044e-03
 4.2500e+01  1.1884e-03
 4.2640e+01  1.1865e-03
 4.2780e+01  1.1504e-03
 4.2920e+01  1.0616e-03
 4.3070e+01  9.6737e-04
 4.3220e+01  8.7170e-04
 4.3360e+01  8.3100e-04
 4.3510e+01  8.0801e-04
 4.3660e+01  7.9418e-04
 4.3810e+01  7.9222e-04
 4.3950e+01  1.2559e-03
 4.4110e+01  9.0690e-04
 4.4260e+01  1.2023e-03
 4.4410e+01  1.2645e-03
 4.4560e+01  1.1710e-03
 4.4720e+01  8.5825e-04
 4.4870e+01  7.9907e-04
 4.5030e+01  5.9954e-04
 4.5180e+01  8.7427e-04
 4.5340e+01  9.1591e-04
 4.5500e+01  1.6155e-03
 4.5660e+01  1.4513e-03
 4.5820e+01  1.4469e-03
 4.5980e+01  1.3800e-03
 4.6140e+01  1.1663e-03
 4.6310e+01  1.0040e-03
 4.6470e+01  1.1258e-03
 4.6640e+01  1.0653e-03
 4.6800e+01  1.0185e-03
 4.6970e+01  9.8324e-04
 4.7140e+01  9.1024e-04
 4.7310e+01  8.9754e-04
 4.7480e+01  9.3337e-04
 4.7650e+01  1.0161e-03
 4.7820e+01  1.3173e-03
 4.8000e+01  9.9201e-04
 4.8170e+01  9.1632e-04
 4.8350e+01  1.0390e-03
 4.8530e+01  9.0954e-04
 4.8700e+01  1.2662e-03
 4.8880e+01  9.9805e-04
 4.9070e+01  9.9031e-04
 4.9250e+01  8.8980e-04
 4.9430e+01  8.4943e-04
 4.9610e+01  7.3565e-04
 4.9800e+01  9.0509e-04
 4.9990e+01  9.3790e-04
 5.0180e+01  1.0632e-03
 5.0360e+01  1.0870e-03
 5.0560e+01  1.0525e-03
 5.0750e+01  9.5257e-04
 5.0940e+01  9.1694e-04
 5.1140e+01  9.2274e-04
 5.1330e+01  9.7428e-04
 5.1530e+01  1.0780e-03
 5.1730e+01  1.4349e-03
 5.1930e+01  1.5425e-03
 5.2130e+01  1.5641e-03
 5.2330e+01  1.5416e-03
 5.2540e+01  1.4747e-03
 5.2740e+01  1.3964e-03
 5.2950e+01  9.8377e-04
 5.3160e+01  1.0270e-03
 5.3370e+01  9.3616e-04
 5.3580e+01  8.9484e-04
 5.3800e+01  8.5030e-04
 5.4010e+01  8.5298e-04
 5.4230e+01  8.2425e-04
 5.4450e+01  8.4189e-04
 5.4670e+01  7.7549e-04
 5.4890e+01  8.0594e-04
 5.5110e+01  8.4649e-04
 5.5340e+01  1.2338e-03
 5.5570e+01  1.3703e-03
 5.5800e+01  1.4049e-03
 5.6030e+01  1.2923e-03
 5.6260e+01  1.0122e-03
 5.6490e+01  1.3826e-03
 5.6730e+01  1.4883e-03
 5.6970e+01  1.5684e-03
 5.7210e+01  1.5810e-03
 5.7450e+01  1.6610e-03
 5.7700e+01  1.2731e-03
 5.7940e+01  1.1261e-03
 5.8190e+01  1.1298e-03
 5.8440e+01  1.0701e-03
 5.8690e+01  1.0899e-03
 5.8950e+01  1.1496e-03
 5.9210e+01  1.3113e-03
 5.9470e+01  1.1047e-03
 5.9730e+01  1.0441e-03
 5.9990e+01  1.0176e-03
 6.0260e+01  1.0475e-03
 6.0530e+01  9.1529e-04
 6.0800e+01  1.1066e-03
 6.1070e+01  1.2083e-03
 6.1350e+01  1.3343e-03
 6.1630e+01  1.3980e-03
 6.1910e+01  1.3976e-03
 6.2200e+01  1.7035e-03
 6.2480e+01  1.5536e-03
 6.2770e+01  1.3939e-03
 6.3060e+01  1.4188e-03
 6.3360e+01  8.1850e-04
 6.3660e+01  8.7451e-04
 6.3960e+01  1.1076e-03
 6.4260e+01  1.1153e-03
 6.4570e+01  1.3639e-03
 6.4880e+01  1.6250e-03
 6.5200e+01  1.6936e-03
 6.5510e+01  1.4091e-03
 6.5830e+01  1.3136e-03
 6.6160e+01  1.4851e-03
 6.6480e+01  1.3158e-03
 6.6820e+01  1.0251e-03
 6.7150e+01  6.3180e-04
 6.7490e+01  1.1403e-03
 6.7830e+01  1.6343e-03
 6.8180e+01  1.8364e-03
 6.8530e+01  1.9781e-03
 6.8880e+01  1.1821e-03
 6.9240e+01  8.8656e-04
 6.9600e+01  8.2387e-04
