#      mass       lower
 2.1410e-01  8.0526e-05
 2.1420e-01  7.2318e-05
 2.1430e-01  4.2511e-05
 2.1450e-01  3.4575e-05
 2.1460e-01  3.0334e-05
 2.1470e-01  4.1815e-05
 2.1490e-01  6.3310e-05
 2.1500e-01  8.8403e-05
 2.1520e-01  9.8489e-05
 2.1530e-01  7.9281e-05
 2.1550e-01  7.6625e-05
 2.1560e-01  5.4932e-05
 2.1580e-01  4.9944e-05
 2.1590e-01  5.1102e-05
 2.1610e-01  5.6311e-05
 2.1620e-01  5.7756e-05
 2.1640e-01  8.3182e-05
 2.1660e-01  6.5933e-05
 2.1670e-01  6.2558e-05
 2.1690e-01  6.7907e-05
 2.1710e-01  7.4197e-05
 2.1730e-01  8.0986e-05
 2.1750e-01  9.8955e-05
 2.1770e-01  6.2036e-05
 2.1780e-01  3.9027e-05
 2.1800e-01  5.4755e-05
 2.1820e-01  3.9085e-05
 2.1840e-01  3.4380e-05
 2.1860e-01  3.3259e-05
 2.1880e-01  4.8247e-05
 2.1910e-01  6.8628e-05
 2.1930e-01  8.3167e-05
 2.1950e-01  8.9495e-05
 2.1970e-01  8.9715e-05
 2.1990e-01  8.9244e-05
 2.2010e-01  8.8488e-05
 2.2040e-01  9.2982e-05
 2.2060e-01  9.4400e-05
 2.2080e-01  8.2970e-05
 2.2110e-01  8.2635e-05
 2.2130e-01  8.0834e-05
 2.2160e-01  7.1519e-05
 2.2180e-01  4.6615e-05
 2.2200e-01  6.7896e-05
 2.2230e-01  4.9302e-05
 2.2260e-01  7.6263e-05
 2.2280e-01  7.6512e-05
 2.2310e-01  6.5363e-05
 2.2330e-01  6.2945e-05
 2.2360e-01  5.2392e-05
 2.2390e-01  4.8659e-05
 2.2410e-01  4.7543e-05
 2.2440e-01  5.5305e-05
 2.2470e-01  5.7778e-05
 2.2500e-01  7.2381e-05
 2.2530e-01  8.5685e-05
 2.2560e-01  9.4889e-05
 2.2590e-01  8.1578e-05
 2.2620e-01  6.5983e-05
 2.2650e-01  6.8710e-05
 2.2680e-01  4.6771e-05
 2.2710e-01  4.6463e-05
 2.2740e-01  5.3359e-05
 2.2770e-01  7.1711e-05
 2.2800e-01  5.8764e-05
 2.2830e-01  7.0689e-05
 2.2860e-01  9.2555e-05
 2.2900e-01  1.1032e-04
 2.2930e-01  9.4863e-05
 2.2960e-01  9.0034e-05
 2.3000e-01  8.0031e-05
 2.3030e-01  7.3744e-05
 2.3060e-01  6.9778e-05
 2.3100e-01  6.9968e-05
 2.3130e-01  7.7265e-05
 2.3170e-01  8.1273e-05
 2.3200e-01  7.5238e-05
 2.3240e-01  7.0224e-05
 2.3270e-01  4.7116e-05
 2.3310e-01  4.2391e-05
 2.3350e-01  4.3049e-05
 2.3380e-01  5.2911e-05
 2.3420e-01  6.5573e-05
 2.3460e-01  7.8315e-05
 2.3500e-01  9.6111e-05
 2.3530e-01  8.3104e-05
 2.3570e-01  8.4387e-05
 2.3610e-01  7.5042e-05
 2.3650e-01  1.0044e-04
 2.3690e-01  1.0333e-04
 2.3730e-01  9.7795e-05
 2.3770e-01  7.1841e-05
 2.3810e-01  6.9606e-05
 2.3850e-01  8.4813e-05
 2.3890e-01  9.1924e-05
 2.3930e-01  6.9726e-05
 2.3980e-01  6.1815e-05
 2.4020e-01  6.1623e-05
 2.4060e-01  6.5073e-05
 2.4100e-01  8.6281e-05
 2.4150e-01  7.9424e-05
 2.4190e-01  7.1029e-05
 2.4230e-01  4.6116e-05
 2.4280e-01  5.5854e-05
 2.4320e-01  4.9672e-05
 2.4370e-01  5.9626e-05
 2.4410e-01  8.2212e-05
 2.4460e-01  9.2757e-05
 2.4500e-01  1.1535e-04
 2.4550e-01  1.0757e-04
 2.4600e-01  1.0699e-04
 2.4640e-01  8.5675e-05
 2.4690e-01  1.0635e-04
 2.4740e-01  9.3691e-05
 2.4780e-01  6.5820e-05
 2.4830e-01  8.5138e-05
 2.4880e-01  8.6328e-05
 2.4930e-01  5.2483e-05
 2.4980e-01  4.7954e-05
 2.5030e-01  4.5921e-05
 2.5080e-01  4.8938e-05
 2.5130e-01  7.2111e-05
 2.5180e-01  7.4895e-05
 2.5230e-01  6.4212e-05
 2.5280e-01  5.7014e-05
 2.5330e-01  5.2954e-05
 2.5380e-01  6.2555e-05
 2.5430e-01  7.6282e-05
 2.5480e-01  1.0765e-04
 2.5540e-01  9.2823e-05
 2.5590e-01  8.6349e-05
 2.5640e-01  8.3256e-05
 2.5700e-01  9.1513e-05
 2.5750e-01  6.1828e-05
 2.5800e-01  8.5226e-05
 2.5860e-01  5.7230e-05
 2.5910e-01  7.2386e-05
 2.5970e-01  8.0358e-05
 2.6020e-01  8.6428e-05
 2.6080e-01  8.6063e-05
 2.6130e-01  8.3238e-05
 2.6190e-01  8.2259e-05
 2.6250e-01  1.0198e-04
 2.6300e-01  1.0087e-04
 2.6360e-01  9.8765e-05
 2.6420e-01  6.9121e-05
 2.6480e-01  4.6705e-05
 2.6530e-01  5.1591e-05
 2.6590e-01  5.4482e-05
 2.6650e-01  9.5467e-05
 2.6710e-01  1.3974e-04
 2.6770e-01  1.1612e-04
 2.6830e-01  1.0272e-04
 2.6890e-01  5.8752e-05
 2.6950e-01  5.3480e-05
 2.7010e-01  6.3246e-05
 2.7070e-01  5.2167e-05
 2.7130e-01  8.7482e-05
 2.7190e-01  9.0931e-05
 2.7260e-01  1.0093e-04
 2.7320e-01  1.0120e-04
 2.7380e-01  1.0915e-04
 2.7440e-01  8.9677e-05
 2.7510e-01  7.7494e-05
 2.7570e-01  7.2172e-05
 2.7630e-01  5.5373e-05
 2.7700e-01  4.9576e-05
 2.7760e-01  4.2551e-05
 2.7830e-01  4.0642e-05
 2.7890e-01  7.5147e-05
 2.7960e-01  9.6330e-05
 2.8020e-01  1.1412e-04
 2.8090e-01  1.5380e-04
 2.8160e-01  1.5112e-04
 2.8220e-01  1.1486e-04
 2.8290e-01  9.2993e-05
 2.8360e-01  4.7355e-05
 2.8420e-01  4.3862e-05
 2.8490e-01  5.2771e-05
 2.8560e-01  6.4824e-05
 2.8630e-01  9.1239e-05
 2.8700e-01  1.1664e-04
 2.8770e-01  1.4124e-04
 2.8830e-01  1.1306e-04
 2.8900e-01  1.1593e-04
 2.8970e-01  9.4600e-05
 2.9040e-01  1.1076e-04
 2.9120e-01  7.1739e-05
 2.9190e-01  4.2442e-05
 2.9260e-01  3.9791e-05
 2.9330e-01  4.6116e-05
 2.9400e-01  7.5764e-05
 2.9470e-01  1.2039e-04
 2.9540e-01  1.4600e-04
 2.9620e-01  1.0458e-04
 2.9690e-01  1.1572e-04
 2.9760e-01  7.9938e-05
 2.9840e-01  6.8914e-05
 2.9910e-01  5.9953e-05
 2.9990e-01  3.9767e-05
 3.0060e-01  5.3649e-05
 3.0140e-01  7.1818e-05
 3.0210e-01  1.0627e-04
 3.0290e-01  1.1939e-04
 3.0360e-01  1.2118e-04
 3.0440e-01  1.2228e-04
 3.0510e-01  1.2233e-04
 3.0590e-01  1.0506e-04
 3.0670e-01  9.8636e-05
 3.0740e-01  8.6745e-05
 3.0820e-01  7.9198e-05
 3.0900e-01  9.1558e-05
 3.0980e-01  7.4661e-05
 3.1060e-01  6.4942e-05
 3.1130e-01  7.6113e-05
 3.1210e-01  9.3363e-05
 3.1290e-01  1.0798e-04
 3.1370e-01  9.3972e-05
 3.1450e-01  5.4450e-05
 3.1530e-01  5.5329e-05
 3.1610e-01  4.7450e-05
 3.1690e-01  4.1627e-05
 3.1780e-01  9.7141e-05
 3.1860e-01  1.1699e-04
 3.1940e-01  1.3150e-04
 3.2020e-01  1.3716e-04
 3.2100e-01  1.2900e-04
 3.2190e-01  1.2718e-04
 3.2270e-01  1.2225e-04
 3.2350e-01  1.1143e-04
 3.2430e-01  7.4103e-05
 3.2520e-01  5.1737e-05
 3.2600e-01  4.6959e-05
 3.2690e-01  5.7551e-05
 3.2770e-01  7.1233e-05
 3.2860e-01  1.0081e-04
 3.2940e-01  1.2813e-04
 3.3030e-01  1.4094e-04
 3.3110e-01  1.1161e-04
 3.3200e-01  1.1817e-04
 3.3280e-01  7.7965e-05
 3.3370e-01  7.3025e-05
 3.3460e-01  7.0934e-05
 3.3550e-01  7.0096e-05
 3.3630e-01  7.2276e-05
 3.3720e-01  6.5068e-05
 3.3810e-01  7.3893e-05
 3.3900e-01  9.9113e-05
 3.3990e-01  7.7076e-05
 3.4080e-01  8.9594e-05
 3.4160e-01  9.4330e-05
 3.4250e-01  6.8040e-05
 3.4340e-01  6.0272e-05
 3.4430e-01  7.2918e-05
 3.4520e-01  6.5700e-05
 3.4620e-01  9.1862e-05
 3.4710e-01  1.0410e-04
 3.4800e-01  1.3151e-04
 3.4890e-01  1.4627e-04
 3.4980e-01  1.0844e-04
 3.5070e-01  8.5407e-05
 3.5170e-01  7.0750e-05
 3.5260e-01  6.6718e-05
 3.5350e-01  5.5787e-05
 3.5440e-01  6.4604e-05
 3.5540e-01  1.1365e-04
 3.5630e-01  1.5523e-04
 3.5730e-01  1.6518e-04
 3.5820e-01  1.8161e-04
 3.5920e-01  1.4650e-04
 3.6010e-01  1.2189e-04
 3.6110e-01  1.0072e-04
 3.6200e-01  8.6166e-05
 3.6300e-01  8.1846e-05
 3.6390e-01  7.5850e-05
 3.6490e-01  7.5045e-05
 3.6590e-01  7.5339e-05
 3.6680e-01  1.1116e-04
 3.6780e-01  9.6504e-05
 3.6880e-01  9.5380e-05
 3.6980e-01  8.2561e-05
 3.7070e-01  6.9255e-05
 3.7170e-01  7.0208e-05
 3.7270e-01  7.4549e-05
 3.7370e-01  8.4718e-05
 3.7470e-01  9.7264e-05
 3.7570e-01  9.3981e-05
 3.7670e-01  8.5552e-05
 3.7770e-01  1.0893e-04
 3.7870e-01  8.3886e-05
 3.7970e-01  1.1512e-04
 3.8070e-01  1.1669e-04
 3.8170e-01  1.6156e-04
 3.8270e-01  1.2417e-04
 3.8380e-01  1.3147e-04
 3.8480e-01  1.3106e-04
 3.8580e-01  8.0853e-05
 3.8680e-01  1.4303e-04
 3.8790e-01  1.5337e-04
 3.8890e-01  1.4187e-04
 3.8990e-01  1.4514e-04
 3.9100e-01  1.7258e-04
 3.9200e-01  1.2108e-04
 3.9310e-01  9.9595e-05
 3.9410e-01  9.1590e-05
 3.9520e-01  8.1360e-05
 3.9620e-01  7.8226e-05
 3.9730e-01  8.0236e-05
 3.9830e-01  9.7443e-05
 3.9940e-01  1.0578e-04
 4.0040e-01  1.2516e-04
 4.0150e-01  1.1693e-04
 4.0260e-01  1.1410e-04
 4.0360e-01  8.8633e-05
 4.0470e-01  1.4209e-04
 4.0580e-01  1.4562e-04
 4.0690e-01  8.7239e-05
 4.0800e-01  8.6448e-05
 4.0900e-01  1.0491e-04
 4.1010e-01  9.3844e-05
 4.1120e-01  8.4797e-05
 4.1230e-01  8.3088e-05
 4.1340e-01  9.1317e-05
 4.1450e-01  1.2506e-04
 4.1560e-01  9.9070e-05
 4.1670e-01  1.5032e-04
 4.1780e-01  9.0264e-05
 4.1890e-01  9.3201e-05
 4.2010e-01  1.0821e-04
 4.2120e-01  1.3933e-04
 4.2230e-01  1.6772e-04
 4.2340e-01  1.8780e-04
 4.2450e-01  1.9495e-04
 4.2570e-01  1.8777e-04
 4.2680e-01  1.7539e-04
 4.2790e-01  1.5310e-04
 4.2910e-01  1.2479e-04
 4.3020e-01  1.0063e-04
 4.3140e-01  7.0218e-05
 4.3250e-01  7.1781e-05
 4.3360e-01  1.2785e-04
 4.3480e-01  1.4365e-04
 4.3600e-01  1.4139e-04
 4.3710e-01  1.3614e-04
 4.3830e-01  1.6058e-04
 4.3940e-01  9.1823e-05
 4.4060e-01  7.9436e-05
 4.4180e-01  7.4049e-05
 4.4290e-01  8.8385e-05
 4.4410e-01  1.7904e-04
 4.4530e-01  1.9288e-04
 4.4650e-01  1.6189e-04
 4.4760e-01  1.7113e-04
 4.4880e-01  1.7263e-04
 4.5000e-01  1.6965e-04
 4.5120e-01  1.1112e-04
 4.5240e-01  9.8357e-05
 4.5360e-01  9.9459e-05
 4.5480e-01  1.2136e-04
 4.5600e-01  1.2647e-04
 4.5720e-01  1.3812e-04
 4.5840e-01  1.5456e-04
 4.5960e-01  1.6223e-04
 4.6080e-01  1.7495e-04
 4.6200e-01  1.6984e-04
 4.6320e-01  1.4671e-04
 4.6450e-01  1.2462e-04
 4.6570e-01  9.4905e-05
 4.6690e-01  1.4333e-04
 4.6810e-01  1.3055e-04
 4.6940e-01  1.2855e-04
 4.7060e-01  1.1783e-04
 4.7180e-01  1.4065e-04
 4.7310e-01  1.3393e-04
 4.7430e-01  1.8321e-04
 4.7560e-01  1.8476e-04
 4.7680e-01  2.0910e-04
 4.7810e-01  1.6284e-04
 4.7930e-01  1.7511e-04
 4.8060e-01  1.5831e-04
 4.8180e-01  1.1707e-04
 4.8310e-01  9.1608e-05
 4.8440e-01  8.0978e-05
 4.8560e-01  1.0666e-04
 4.8690e-01  1.7999e-04
 4.8820e-01  1.2537e-04
 4.8950e-01  1.4339e-04
 4.9070e-01  2.3861e-04
 4.9200e-01  2.2547e-04
 4.9330e-01  1.7432e-04
 4.9460e-01  1.3242e-04
 4.9590e-01  8.4209e-05
 4.9720e-01  9.6912e-05
 4.9850e-01  7.8437e-05
 4.9980e-01  8.2402e-05
 5.0110e-01  7.6294e-05
 5.0240e-01  8.3724e-05
 5.0370e-01  1.0012e-04
 5.0500e-01  1.9361e-04
 5.0630e-01  2.5143e-04
 5.0760e-01  2.4311e-04
 5.0900e-01  2.0459e-04
 5.1030e-01  8.3069e-05
 5.1160e-01  6.0933e-05
 5.1290e-01  7.4699e-05
 5.1430e-01  9.9219e-05
 5.1560e-01  1.2145e-04
 5.1690e-01  1.5371e-04
 5.1830e-01  2.2273e-04
 5.1960e-01  2.3032e-04
 5.2100e-01  1.0998e-04
 5.2230e-01  9.5925e-05
 5.2370e-01  7.5750e-05
 5.3000e-01  1.0000e+05
 5.7270e-01  1.7491e-04
 5.7420e-01  1.5470e-04
 5.7570e-01  1.8677e-04
 5.7710e-01  2.3980e-04
 5.7860e-01  2.2668e-04
 5.8010e-01  1.3632e-04
 5.8150e-01  1.2675e-04
 5.8300e-01  9.5925e-05
 5.8450e-01  9.3586e-05
 5.8590e-01  7.9835e-05
 5.8740e-01  9.5325e-05
 5.8890e-01  1.3840e-04
 5.9040e-01  1.1742e-04
 5.9190e-01  1.7918e-04
 5.9340e-01  1.5115e-04
 5.9490e-01  1.9585e-04
 5.9640e-01  2.1760e-04
 5.9790e-01  2.0482e-04
 5.9940e-01  1.7408e-04
 6.0090e-01  6.7137e-05
 6.0240e-01  5.4408e-05
 6.0390e-01  6.4832e-05
 6.0540e-01  7.1590e-05
 6.0700e-01  1.2527e-04
 6.0850e-01  1.4245e-04
 6.1000e-01  1.7243e-04
 6.1150e-01  2.0351e-04
 6.1310e-01  2.6719e-04
 6.1460e-01  2.0522e-04
 6.1610e-01  1.4291e-04
 6.1770e-01  1.0014e-04
 6.1920e-01  5.0997e-05
 6.2080e-01  4.1125e-05
 6.2230e-01  4.4355e-05
 6.2390e-01  8.0929e-05
 6.2540e-01  1.4267e-04
 6.2700e-01  2.0154e-04
 6.2850e-01  2.0912e-04
 6.3010e-01  2.2944e-04
 6.3170e-01  1.2422e-04
 6.3320e-01  8.5157e-05
 6.3480e-01  7.1797e-05
 6.3640e-01  6.2887e-05
 6.3800e-01  9.8552e-05
 6.3960e-01  1.2010e-04
 6.4110e-01  1.3029e-04
 6.4270e-01  1.4193e-04
 6.4430e-01  1.4606e-04
 6.4590e-01  7.4754e-05
 6.4750e-01  9.4940e-05
 6.4910e-01  7.8490e-05
 6.5070e-01  8.5947e-05
 6.5230e-01  1.7283e-04
 6.5390e-01  1.3785e-04
 6.5560e-01  1.0367e-04
 6.5720e-01  1.1403e-04
 6.5880e-01  9.8471e-05
 6.6040e-01  8.3426e-05
 6.6200e-01  6.6873e-05
 6.6370e-01  7.3014e-05
 6.6530e-01  9.8114e-05
 6.6690e-01  7.2035e-05
 6.6860e-01  7.9298e-05
 6.7020e-01  9.5263e-05
 6.7190e-01  1.1883e-04
 6.7350e-01  1.2329e-04
 6.7520e-01  1.1953e-04
 6.7680e-01  8.9436e-05
 6.7850e-01  1.2071e-04
 6.8010e-01  6.7550e-05
 6.8180e-01  1.1349e-04
 6.8350e-01  8.4573e-05
 6.8510e-01  1.2480e-04
 6.8680e-01  1.1486e-04
 6.8850e-01  9.9370e-05
 6.9010e-01  6.4604e-05
 6.9180e-01  5.0117e-05
 6.9350e-01  5.7204e-05
 6.9520e-01  5.2532e-05
 6.9690e-01  6.1981e-05
 6.9860e-01  6.0879e-05
 7.0030e-01  5.7001e-05
 7.0200e-01  5.1391e-05
 7.0370e-01  6.1361e-05
 7.0540e-01  7.1666e-05
 7.0710e-01  6.9731e-05
 7.0880e-01  8.3931e-05
 7.1050e-01  5.8225e-05
 7.1230e-01  6.8185e-05
 7.1400e-01  9.4138e-05
 7.1570e-01  9.0162e-05
 7.1740e-01  1.0671e-04
 7.1920e-01  6.6567e-05
 7.2090e-01  1.0710e-04
 7.2260e-01  7.8703e-05
 7.2440e-01  5.6874e-05
 7.2610e-01  4.8396e-05
 7.2790e-01  5.0082e-05
 7.2960e-01  6.0276e-05
 7.3140e-01  5.1694e-05
 7.3310e-01  8.2962e-05
 7.3490e-01  1.1612e-04
 7.3670e-01  1.1458e-04
 7.3840e-01  1.0643e-04
 7.4020e-01  1.0131e-04
 7.5000e-01  1.0000e+05
 8.2750e-01  8.0410e-05
 8.2940e-01  1.9249e-04
 8.3140e-01  1.7039e-04
 8.3330e-01  1.5170e-04
 8.3530e-01  1.0924e-04
 8.3720e-01  7.1683e-05
 8.3920e-01  6.8242e-05
 8.4110e-01  7.4138e-05
 8.4310e-01  6.5168e-05
 8.4500e-01  7.3022e-05
 8.4700e-01  1.6883e-04
 8.4890e-01  1.9158e-04
 8.5090e-01  1.9827e-04
 8.5290e-01  1.6406e-04
 8.5490e-01  1.2105e-04
 8.5680e-01  1.2763e-04
 8.5880e-01  1.5216e-04
 8.6080e-01  1.3501e-04
 8.6280e-01  1.4288e-04
 8.6480e-01  1.0680e-04
 8.6680e-01  1.6428e-04
 8.6880e-01  1.6942e-04
 8.7080e-01  1.9512e-04
 8.7280e-01  1.6587e-04
 8.7480e-01  1.2683e-04
 8.7680e-01  1.5446e-04
 8.7890e-01  9.0082e-05
 8.8090e-01  1.6019e-04
 8.8290e-01  1.1330e-04
 8.8490e-01  1.1392e-04
 8.8700e-01  1.2013e-04
 8.8900e-01  1.5951e-04
 8.9100e-01  1.4673e-04
 8.9310e-01  1.6698e-04
 8.9510e-01  1.7884e-04
 8.9720e-01  1.1424e-04
 8.9920e-01  1.2139e-04
 9.0130e-01  1.5834e-04
 9.0330e-01  9.3962e-05
 9.0540e-01  1.9276e-04
 9.0750e-01  2.5066e-04
 9.0960e-01  2.9993e-04
 9.1160e-01  2.0555e-04
 9.1370e-01  1.7920e-04
 9.1580e-01  1.0046e-04
 9.1790e-01  7.5492e-05
 9.2000e-01  2.1234e-04
 9.2210e-01  2.9555e-04
 9.2420e-01  3.2659e-04
 9.2630e-01  2.1826e-04
 9.2840e-01  2.2651e-04
 9.3050e-01  9.5241e-05
 9.3260e-01  6.3136e-05
 9.3470e-01  2.1032e-04
 9.3680e-01  2.0278e-04
 9.3890e-01  7.8405e-05
 9.4110e-01  2.0674e-04
 9.4320e-01  3.4506e-04
 9.4530e-01  3.9743e-04
 9.4750e-01  3.6490e-04
 9.4960e-01  3.1378e-04
 9.5180e-01  1.8498e-04
 9.5390e-01  1.1368e-04
 9.5610e-01  2.7915e-04
 9.5820e-01  3.0516e-04
 9.6000e-01  1.0000e+05
 1.1620e+00  3.2922e-04
 1.1650e+00  3.3795e-04
 1.1670e+00  3.6435e-04
 1.1700e+00  3.4349e-04
 1.1720e+00  3.3337e-04
 1.1750e+00  3.7468e-04
 1.1780e+00  4.4400e-04
 1.1800e+00  4.1281e-04
 1.1830e+00  3.4423e-04
 1.1850e+00  2.3491e-04
 1.1880e+00  2.3757e-04
 1.1900e+00  3.8875e-04
 1.1930e+00  4.0175e-04
 1.1950e+00  4.4120e-04
 1.1980e+00  4.4676e-04
 1.2000e+00  4.2751e-04
 1.2030e+00  3.6535e-04
 1.2060e+00  2.9530e-04
 1.2080e+00  2.4977e-04
 1.2110e+00  2.4634e-04
 1.2130e+00  3.3254e-04
 1.2160e+00  2.4757e-04
 1.2190e+00  2.3482e-04
 1.2210e+00  2.4573e-04
 1.2240e+00  3.1772e-04
 1.2260e+00  3.7470e-04
 1.2290e+00  3.3427e-04
 1.2320e+00  3.9591e-04
 1.2340e+00  2.8975e-04
 1.2370e+00  4.5020e-04
 1.2400e+00  4.0602e-04
 1.2420e+00  4.1871e-04
 1.2450e+00  4.4574e-04
 1.2470e+00  4.6038e-04
 1.2500e+00  4.7763e-04
 1.2530e+00  4.9015e-04
 1.2550e+00  4.8133e-04
 1.2580e+00  4.6541e-04
 1.2610e+00  4.6704e-04
 1.2630e+00  3.2535e-04
 1.2660e+00  2.7761e-04
 1.2690e+00  2.4416e-04
 1.2710e+00  2.1390e-04
 1.2740e+00  1.8612e-04
 1.2770e+00  2.4491e-04
 1.2800e+00  3.3658e-04
 1.2820e+00  4.0533e-04
 1.2850e+00  4.6569e-04
 1.2880e+00  5.1810e-04
 1.2900e+00  4.7441e-04
 1.2930e+00  4.2933e-04
 1.2960e+00  3.0885e-04
 1.2990e+00  2.1191e-04
 1.3010e+00  2.4085e-04
 1.3040e+00  4.8624e-04
 1.3070e+00  4.5758e-04
 1.3100e+00  4.1538e-04
 1.3120e+00  3.9378e-04
 1.3150e+00  4.4571e-04
 1.3180e+00  2.4458e-04
 1.3210e+00  2.3842e-04
 1.3230e+00  2.2337e-04
 1.3260e+00  1.7858e-04
 1.3290e+00  2.0388e-04
 1.3320e+00  2.3521e-04
 1.3350e+00  2.4273e-04
 1.3370e+00  2.7328e-04
 1.3400e+00  2.9539e-04
 1.3430e+00  3.3569e-04
 1.3460e+00  2.8436e-04
 1.3490e+00  4.2180e-04
 1.3510e+00  5.2723e-04
 1.3540e+00  3.5749e-04
 1.3570e+00  3.2553e-04
 1.3600e+00  3.2817e-04
 1.3630e+00  4.2793e-04
 1.3660e+00  3.4719e-04
 1.3680e+00  3.3400e-04
 1.3710e+00  4.8479e-04
 1.3740e+00  4.3023e-04
 1.3770e+00  5.4285e-04
 1.3800e+00  5.5073e-04
 1.3830e+00  2.1473e-04
 1.3860e+00  2.2464e-04
 1.3890e+00  2.2904e-04
 1.3910e+00  2.9476e-04
 1.3940e+00  3.3277e-04
 1.3970e+00  4.4887e-04
 1.4000e+00  4.9968e-04
 1.4030e+00  5.4329e-04
 1.4060e+00  5.4428e-04
 1.4090e+00  5.4729e-04
 1.4120e+00  3.4815e-04
 1.4150e+00  2.7640e-04
 1.4180e+00  2.9020e-04
 1.4210e+00  2.2910e-04
 1.4230e+00  3.8786e-04
 1.4260e+00  2.5426e-04
 1.4290e+00  3.4461e-04
 1.4320e+00  3.3762e-04
 1.4350e+00  3.8126e-04
 1.4380e+00  3.6997e-04
 1.4410e+00  3.2652e-04
 1.4440e+00  3.3803e-04
 1.4470e+00  3.0373e-04
 1.4500e+00  3.3048e-04
 1.4530e+00  4.2828e-04
 1.4560e+00  4.5442e-04
 1.4590e+00  5.4341e-04
 1.4620e+00  6.0407e-04
 1.4650e+00  5.7341e-04
 1.4680e+00  6.0298e-04
 1.4710e+00  4.2693e-04
 1.4740e+00  3.8463e-04
 1.4770e+00  4.4590e-04
 1.4800e+00  3.8907e-04
 1.4830e+00  4.4919e-04
 1.4860e+00  4.2569e-04
 1.4890e+00  3.1326e-04
 1.4920e+00  3.5019e-04
 1.4960e+00  3.7689e-04
 1.4990e+00  4.9156e-04
 1.5020e+00  5.0199e-04
 1.5050e+00  4.8532e-04
 1.5080e+00  4.7166e-04
 1.5110e+00  5.1713e-04
 1.5140e+00  4.7449e-04
 1.5170e+00  3.7390e-04
 1.5200e+00  2.8070e-04
 1.5230e+00  2.6971e-04
 1.5260e+00  2.7919e-04
 1.5300e+00  2.8605e-04
 1.5330e+00  3.2319e-04
 1.5360e+00  3.2046e-04
 1.5390e+00  3.9880e-04
 1.5420e+00  5.7520e-04
 1.5450e+00  6.4218e-04
 1.5480e+00  5.3468e-04
 1.5510e+00  5.5818e-04
 1.5550e+00  4.1901e-04
 1.5580e+00  4.3379e-04
 1.5610e+00  5.3998e-04
 1.5640e+00  5.2414e-04
 1.5670e+00  5.1228e-04
 1.5700e+00  4.3625e-04
 1.5740e+00  3.8996e-04
 1.5770e+00  3.2974e-04
 1.5800e+00  3.0436e-04
 1.5830e+00  3.3576e-04
 1.5860e+00  5.7134e-04
 1.5900e+00  3.3588e-04
 1.5930e+00  4.0901e-04
 1.5960e+00  6.3867e-04
 1.5990e+00  6.6954e-04
 1.6030e+00  7.3176e-04
 1.6060e+00  5.4337e-04
 1.6090e+00  4.7487e-04
 1.6120e+00  4.8442e-04
 1.6160e+00  4.9780e-04
 1.6190e+00  5.2502e-04
 1.6220e+00  5.7834e-04
 1.6250e+00  3.8850e-04
 1.6290e+00  5.1506e-04
 1.6320e+00  4.9978e-04
 1.6350e+00  5.5028e-04
 1.6390e+00  4.6101e-04
 1.6420e+00  4.2663e-04
 1.6450e+00  3.9352e-04
 1.6480e+00  3.8013e-04
 1.6520e+00  3.4294e-04
 1.6550e+00  3.3181e-04
 1.6580e+00  3.9998e-04
 1.6620e+00  4.8551e-04
 1.6650e+00  3.8014e-04
 1.6680e+00  8.3603e-04
 1.6720e+00  6.1242e-04
 1.6750e+00  7.5252e-04
 1.6790e+00  6.8822e-04
 1.6820e+00  5.2221e-04
 1.6850e+00  5.7606e-04
 1.6890e+00  4.9811e-04
 1.6920e+00  3.6601e-04
 1.6950e+00  2.9747e-04
 1.6990e+00  5.2640e-04
 1.7020e+00  4.4917e-04
 1.7060e+00  3.8347e-04
 1.7090e+00  3.6076e-04
 1.7120e+00  3.1994e-04
 1.7160e+00  4.3543e-04
 1.7190e+00  4.9859e-04
 1.7230e+00  4.2142e-04
 1.7260e+00  4.7003e-04
 1.7300e+00  6.0259e-04
 1.7330e+00  6.1935e-04
 1.7370e+00  7.2494e-04
 1.7400e+00  7.1141e-04
 1.7430e+00  2.9106e-04
 1.7470e+00  2.2073e-04
 1.7500e+00  2.0489e-04
 1.7540e+00  2.2947e-04
 1.7570e+00  7.0163e-04
 1.7610e+00  7.3493e-04
 1.7640e+00  7.4386e-04
 1.7680e+00  7.7645e-04
 1.7710e+00  6.5038e-04
 1.7750e+00  5.4524e-04
 1.7780e+00  3.4050e-04
 1.7820e+00  2.8113e-04
 1.7860e+00  3.0252e-04
 1.7890e+00  3.1165e-04
 1.7930e+00  3.4840e-04
 1.7960e+00  4.9347e-04
 1.8000e+00  4.3296e-04
 1.8030e+00  4.5144e-04
 1.8070e+00  4.7183e-04
 1.8100e+00  3.6622e-04
 1.8140e+00  2.9721e-04
 1.8180e+00  2.7084e-04
 1.8210e+00  3.2549e-04
 1.8250e+00  4.6904e-04
 1.8280e+00  6.3491e-04
 1.8320e+00  6.4368e-04
 1.8360e+00  5.3694e-04
 1.8390e+00  4.6944e-04
 1.8430e+00  3.5497e-04
 1.8470e+00  3.6266e-04
 1.8500e+00  4.5914e-04
 1.8540e+00  5.4002e-04
 1.8570e+00  5.6829e-04
 1.8610e+00  4.4828e-04
 1.8650e+00  4.1136e-04
 1.8680e+00  4.7272e-04
 1.8720e+00  4.9435e-04
 1.8760e+00  4.7261e-04
 1.8800e+00  4.9639e-04
 1.8830e+00  4.3714e-04
 1.8870e+00  4.0645e-04
 1.8910e+00  3.3901e-04
 1.8940e+00  4.0033e-04
 1.8980e+00  3.0999e-04
 1.9020e+00  5.7911e-04
 1.9060e+00  6.4334e-04
 1.9090e+00  6.3733e-04
 1.9130e+00  6.7465e-04
 1.9170e+00  6.1422e-04
 1.9210e+00  6.4258e-04
 1.9240e+00  6.5116e-04
 1.9280e+00  6.2157e-04
 1.9320e+00  6.1537e-04
 1.9360e+00  5.6933e-04
 1.9390e+00  6.0979e-04
 1.9430e+00  4.4274e-04
 1.9470e+00  4.0619e-04
 1.9510e+00  4.6512e-04
 1.9550e+00  4.8892e-04
 1.9580e+00  4.9497e-04
 1.9620e+00  5.1147e-04
 1.9660e+00  5.7594e-04
 1.9700e+00  4.7608e-04
 1.9740e+00  4.6698e-04
 1.9780e+00  5.2804e-04
 1.9820e+00  4.7674e-04
 1.9850e+00  4.1984e-04
 1.9890e+00  3.1071e-04
 1.9930e+00  4.9781e-04
 1.9970e+00  3.6746e-04
 2.0010e+00  4.9042e-04
 2.0050e+00  4.8047e-04
 2.0090e+00  4.4953e-04
 2.0130e+00  3.5293e-04
 2.0170e+00  3.5655e-04
 2.0200e+00  4.5278e-04
 2.0240e+00  6.4584e-04
 2.0280e+00  4.4352e-04
 2.0320e+00  5.8838e-04
 2.0360e+00  5.6478e-04
 2.0400e+00  5.0707e-04
 2.0440e+00  3.7725e-04
 2.0480e+00  3.3909e-04
 2.0520e+00  4.4924e-04
 2.0560e+00  4.9588e-04
 2.0600e+00  5.5836e-04
 2.0640e+00  5.7893e-04
 2.0680e+00  4.6604e-04
 2.0720e+00  5.2188e-04
 2.0760e+00  3.9545e-04
 2.0800e+00  3.8735e-04
 2.0840e+00  4.6265e-04
 2.0880e+00  3.7223e-04
 2.0920e+00  5.8940e-04
 2.0960e+00  2.9388e-04
 2.1000e+00  3.9497e-04
 2.1040e+00  3.9567e-04
 2.1080e+00  3.5908e-04
 2.1120e+00  5.4517e-04
 2.1170e+00  4.4630e-04
 2.1210e+00  6.6959e-04
 2.1250e+00  6.9679e-04
 2.1290e+00  6.8316e-04
 2.1330e+00  6.3759e-04
 2.1370e+00  4.3374e-04
 2.1410e+00  4.6346e-04
 2.1450e+00  4.4727e-04
 2.1490e+00  5.0931e-04
 2.1540e+00  6.0734e-04
 2.1580e+00  7.8209e-04
 2.1620e+00  5.4746e-04
 2.1660e+00  2.9446e-04
 2.1700e+00  3.0630e-04
 2.1740e+00  3.0022e-04
 2.1780e+00  3.5804e-04
 2.1830e+00  4.1702e-04
 2.1870e+00  6.4240e-04
 2.1910e+00  7.2901e-04
 2.1950e+00  7.5429e-04
 2.1990e+00  7.3116e-04
 2.2040e+00  6.8341e-04
 2.2080e+00  6.2392e-04
 2.2120e+00  3.4576e-04
 2.2160e+00  4.4075e-04
 2.2210e+00  4.4221e-04
 2.2250e+00  3.8165e-04
 2.2290e+00  3.8714e-04
 2.2330e+00  4.0476e-04
 2.2380e+00  4.2454e-04
 2.2420e+00  4.3518e-04
 2.2460e+00  3.8491e-04
 2.2510e+00  3.7240e-04
 2.2550e+00  5.4449e-04
 2.2590e+00  5.7234e-04
 2.2640e+00  6.0425e-04
 2.2680e+00  5.5655e-04
 2.2720e+00  5.4659e-04
 2.2770e+00  6.6914e-04
 2.2810e+00  4.6000e-04
 2.2850e+00  4.2330e-04
 2.2900e+00  6.5989e-04
 2.2940e+00  6.0922e-04
 2.2980e+00  5.8649e-04
 2.3030e+00  5.2558e-04
 2.3070e+00  3.8582e-04
 2.3110e+00  3.3977e-04
 2.3160e+00  3.5478e-04
 2.3200e+00  3.3413e-04
 2.3250e+00  3.5499e-04
 2.3290e+00  3.2970e-04
 2.3340e+00  3.6891e-04
 2.3380e+00  6.2191e-04
 2.3420e+00  4.4258e-04
 2.3470e+00  5.6065e-04
 2.3510e+00  5.4301e-04
 2.3560e+00  3.8023e-04
 2.3600e+00  3.0303e-04
 2.3650e+00  5.5287e-04
 2.3690e+00  4.2125e-04
 2.3740e+00  5.4109e-04
 2.3780e+00  6.0563e-04
 2.3830e+00  6.2613e-04
 2.3870e+00  6.1878e-04
 2.3920e+00  5.9753e-04
 2.3960e+00  5.9859e-04
 2.4010e+00  4.7910e-04
 2.4050e+00  5.8650e-04
 2.4100e+00  7.9026e-04
 2.4150e+00  5.1389e-04
 2.4190e+00  4.6034e-04
 2.4240e+00  3.6374e-04
 2.4280e+00  3.6371e-04
 2.4330e+00  4.6806e-04
 2.4380e+00  3.8629e-04
 2.4420e+00  6.9892e-04
 2.4470e+00  8.4584e-04
 2.4510e+00  5.6987e-04
 2.4560e+00  5.0794e-04
 2.4610e+00  4.3205e-04
 2.4650e+00  5.4786e-04
 2.4700e+00  3.7745e-04
 2.4750e+00  4.5512e-04
 2.4790e+00  4.9618e-04
 2.4840e+00  5.4487e-04
 2.4890e+00  4.7893e-04
 2.4930e+00  5.0273e-04
 2.4980e+00  4.7889e-04
 2.5030e+00  5.2434e-04
 2.5070e+00  5.2357e-04
 2.5120e+00  6.8479e-04
 2.5170e+00  7.2617e-04
 2.5220e+00  7.2247e-04
 2.5260e+00  7.0051e-04
 2.5310e+00  6.1004e-04
 2.5360e+00  5.1622e-04
 2.5410e+00  5.3892e-04
 2.5450e+00  3.8468e-04
 2.5500e+00  4.4658e-04
 2.5550e+00  3.6262e-04
 2.5600e+00  5.4107e-04
 2.5650e+00  4.6230e-04
 2.5690e+00  4.7107e-04
 2.5740e+00  5.5204e-04
 2.5790e+00  6.6300e-04
 2.5840e+00  7.0512e-04
 2.5890e+00  5.7948e-04
 2.5940e+00  3.7141e-04
 2.5980e+00  3.9120e-04
 2.6030e+00  6.3951e-04
 2.6080e+00  5.5820e-04
 2.6130e+00  6.5931e-04
 2.6180e+00  5.3954e-04
 2.6230e+00  6.3034e-04
 2.6280e+00  3.3727e-04
 2.6330e+00  3.5995e-04
 2.6380e+00  6.2995e-04
 2.6430e+00  3.7832e-04
 2.6480e+00  4.2301e-04
 2.6520e+00  4.2702e-04
 2.6570e+00  6.1819e-04
 2.6620e+00  6.7972e-04
 2.6670e+00  7.8370e-04
 2.6720e+00  7.9059e-04
 2.6770e+00  7.9683e-04
 2.6820e+00  6.6682e-04
 2.6870e+00  7.1515e-04
 2.6920e+00  6.5767e-04
 2.6970e+00  4.7419e-04
 2.9000e+00  1.0000e+05
 3.3000e+00  5.1332e-04
 3.3070e+00  5.3420e-04
 3.3140e+00  7.6618e-04
 3.3210e+00  7.7656e-04
 3.3290e+00  7.3062e-04
 3.3360e+00  5.6098e-04
 3.3440e+00  4.8695e-04
 3.3510e+00  4.7283e-04
 3.3580e+00  4.9801e-04
 3.3660e+00  6.2235e-04
 3.3730e+00  5.3683e-04
 3.3810e+00  4.8485e-04
 3.3880e+00  4.5957e-04
 3.3950e+00  6.2427e-04
 3.4030e+00  8.2786e-04
 3.4100e+00  7.8453e-04
 3.4180e+00  7.7974e-04
 3.4250e+00  7.6094e-04
 3.4330e+00  8.2244e-04
 3.4400e+00  5.1547e-04
 3.4480e+00  3.8791e-04
 3.4560e+00  3.3792e-04
 3.4630e+00  3.2999e-04
 3.4710e+00  7.0716e-04
 3.4780e+00  7.4093e-04
 3.4860e+00  7.0456e-04
 3.4940e+00  7.9127e-04
 3.5010e+00  8.3511e-04
 3.5090e+00  8.5194e-04
 3.5170e+00  8.0904e-04
 3.5240e+00  7.5680e-04
 3.5320e+00  9.3159e-04
 3.6000e+00  1.0000e+05
 3.9340e+00  9.2657e-04
 3.9430e+00  6.3387e-04
 3.9510e+00  5.7681e-04
 3.9600e+00  5.2977e-04
 3.9680e+00  7.2085e-04
 3.9770e+00  5.6243e-04
 3.9850e+00  4.4297e-04
 3.9940e+00  4.6925e-04
 4.0030e+00  5.6690e-04
 4.0110e+00  1.0143e-03
 4.0200e+00  8.0299e-04
 4.0280e+00  8.7080e-04
 4.0370e+00  1.0712e-03
 4.0460e+00  1.2094e-03
 4.0540e+00  9.9725e-04
 4.0630e+00  8.5932e-04
 4.0720e+00  9.1104e-04
 4.0800e+00  7.2743e-04
 4.0890e+00  6.5157e-04
 4.0980e+00  6.3689e-04
 4.1060e+00  6.3262e-04
 4.1150e+00  8.3999e-04
 4.1240e+00  1.2057e-03
 4.1330e+00  9.1403e-04
 4.1420e+00  3.9022e-04
 4.1510e+00  3.3979e-04
 4.1590e+00  3.3852e-04
 4.1680e+00  3.4142e-04
 4.1770e+00  3.5127e-04
 4.1860e+00  6.6380e-04
 4.1950e+00  8.3390e-04
 4.2040e+00  7.0636e-04
 4.2130e+00  7.0940e-04
 4.2220e+00  7.1757e-04
 4.2310e+00  6.1151e-04
 4.2400e+00  5.9180e-04
 4.2490e+00  8.4285e-04
 4.2580e+00  5.7124e-04
 4.2670e+00  6.3295e-04
 4.2760e+00  5.8559e-04
 4.2850e+00  5.9721e-04
 4.2940e+00  6.1856e-04
 4.3030e+00  6.5053e-04
 4.3120e+00  7.3220e-04
 4.3220e+00  8.2512e-04
 4.3310e+00  7.5609e-04
 4.3400e+00  7.3054e-04
 4.3490e+00  4.2103e-04
 4.3580e+00  3.5517e-04
 4.3680e+00  4.1234e-04
 4.3770e+00  5.9518e-04
 4.3860e+00  5.6753e-04
 4.3950e+00  5.4652e-04
 4.4050e+00  7.6026e-04
 4.4140e+00  8.2426e-04
 4.4230e+00  8.1796e-04
 4.4330e+00  8.5192e-04
 4.4420e+00  8.4363e-04
 4.4520e+00  9.3335e-04
 4.4610e+00  8.2285e-04
 4.4700e+00  8.5786e-04
 4.4800e+00  5.7079e-04
 4.4890e+00  5.2572e-04
 4.4990e+00  4.9020e-04
 4.5080e+00  7.2164e-04
 4.5180e+00  6.8722e-04
 4.5270e+00  7.5799e-04
 4.5370e+00  6.3898e-04
 4.5470e+00  8.3972e-04
 4.5560e+00  7.3132e-04
 4.5660e+00  7.7291e-04
 4.5750e+00  8.0514e-04
 4.5850e+00  5.5418e-04
 4.5950e+00  4.6370e-04
 4.6040e+00  3.2683e-04
 4.6140e+00  3.2772e-04
 4.6240e+00  4.6463e-04
 4.6340e+00  4.7804e-04
 4.6430e+00  6.1371e-04
 4.6530e+00  6.2637e-04
 4.6630e+00  6.4423e-04
 4.6730e+00  6.8950e-04
 4.6830e+00  7.0221e-04
 4.6920e+00  7.1622e-04
 4.7020e+00  6.0528e-04
 4.7120e+00  4.1973e-04
 4.7220e+00  5.6874e-04
 4.7320e+00  6.0208e-04
 4.7420e+00  7.6375e-04
 4.7520e+00  8.4035e-04
 4.7620e+00  9.3778e-04
 4.7720e+00  9.6254e-04
 4.7820e+00  1.0064e-03
 4.7920e+00  8.4388e-04
 4.8020e+00  3.9518e-04
 4.8120e+00  3.4285e-04
 4.8220e+00  3.5394e-04
 4.8330e+00  4.5896e-04
 4.8430e+00  5.7602e-04
 4.8530e+00  9.8098e-04
 4.8630e+00  8.5301e-04
 4.8730e+00  8.1654e-04
 4.8830e+00  8.0033e-04
 4.8940e+00  6.8468e-04
 4.9040e+00  6.3589e-04
 4.9140e+00  4.5814e-04
 4.9250e+00  4.6909e-04
 4.9350e+00  4.4920e-04
 4.9450e+00  4.2823e-04
 4.9560e+00  4.7766e-04
 4.9660e+00  5.5790e-04
 4.9760e+00  5.6745e-04
 4.9870e+00  4.5871e-04
 4.9970e+00  4.5285e-04
 5.0080e+00  3.8322e-04
 5.0180e+00  4.4425e-04
 5.0290e+00  5.3552e-04
 5.0390e+00  4.9843e-04
 5.0500e+00  6.4793e-04
 5.0600e+00  7.8621e-04
 5.0710e+00  6.8908e-04
 5.0820e+00  4.8192e-04
 5.0920e+00  4.0059e-04
 5.1030e+00  5.9645e-04
 5.1140e+00  5.1754e-04
 5.1240e+00  4.7948e-04
 5.1350e+00  5.0928e-04
 5.1460e+00  7.8118e-04
 5.1570e+00  6.5638e-04
 5.1670e+00  7.5511e-04
 5.1780e+00  7.3936e-04
 5.1890e+00  5.4351e-04
 5.2000e+00  6.2199e-04
 5.2110e+00  6.2167e-04
 5.2220e+00  6.5146e-04
 5.2320e+00  7.0463e-04
 5.2430e+00  7.2823e-04
 5.2540e+00  7.4808e-04
 5.2650e+00  7.1382e-04
 5.2760e+00  6.8635e-04
 5.2870e+00  5.3997e-04
 5.2980e+00  5.9856e-04
 5.3090e+00  5.6356e-04
 5.3210e+00  6.3523e-04
 5.3320e+00  4.8507e-04
 5.3430e+00  4.5590e-04
 5.3540e+00  4.7477e-04
 5.3650e+00  5.1108e-04
 5.3760e+00  6.3450e-04
 5.3880e+00  6.9205e-04
 5.3990e+00  6.6492e-04
 5.4100e+00  6.5055e-04
 5.4210e+00  3.6262e-04
 5.4330e+00  4.0960e-04
 5.4440e+00  7.8659e-04
 5.4550e+00  7.8414e-04
 5.4670e+00  7.1289e-04
 5.4780e+00  6.2957e-04
 5.4900e+00  5.0787e-04
 5.5010e+00  3.9652e-04
 5.5120e+00  3.6874e-04
 5.5240e+00  4.3622e-04
 5.5350e+00  4.2253e-04
 5.5470e+00  4.6946e-04
 5.5590e+00  5.4242e-04
 5.5700e+00  5.6987e-04
 5.5820e+00  5.5031e-04
 5.5930e+00  6.1955e-04
 5.6050e+00  6.2911e-04
 5.6170e+00  6.1639e-04
 5.6280e+00  7.3875e-04
 5.6400e+00  7.2399e-04
 5.6520e+00  7.5753e-04
 5.6640e+00  6.5478e-04
 5.6750e+00  7.8941e-04
 5.6870e+00  5.5742e-04
 5.6990e+00  7.9868e-04
 5.7110e+00  4.9645e-04
 5.7230e+00  7.9962e-04
 5.7350e+00  8.1336e-04
 5.7470e+00  7.7085e-04
 5.7590e+00  9.3420e-04
 5.7710e+00  7.3418e-04
 5.7830e+00  7.2284e-04
 5.7950e+00  5.0974e-04
 5.8070e+00  6.2795e-04
 5.8190e+00  6.1901e-04
 5.8310e+00  5.7274e-04
 5.8430e+00  5.6318e-04
 5.8550e+00  6.0392e-04
 5.8670e+00  5.4465e-04
 5.8800e+00  4.8400e-04
 5.8920e+00  3.6824e-04
 5.9040e+00  4.1823e-04
 5.9160e+00  4.3191e-04
 5.9290e+00  4.1138e-04
 5.9410e+00  3.8808e-04
 5.9530e+00  3.6442e-04
 5.9660e+00  4.0485e-04
 5.9780e+00  7.3091e-04
 5.9910e+00  7.8464e-04
 6.0030e+00  6.8358e-04
 6.0150e+00  6.1820e-04
 6.0280e+00  5.4181e-04
 6.0410e+00  5.4247e-04
 6.0530e+00  5.6237e-04
 6.0660e+00  4.5892e-04
 6.0780e+00  6.5548e-04
 6.0910e+00  3.9552e-04
 6.1040e+00  4.1266e-04
 6.1160e+00  5.3731e-04
 6.1290e+00  6.5098e-04
 6.1420e+00  9.3492e-04
 6.1540e+00  9.5714e-04
 6.1670e+00  9.3107e-04
 6.1800e+00  6.0265e-04
 6.1930e+00  6.6774e-04
 6.2060e+00  5.9240e-04
 6.2190e+00  3.5816e-04
 6.2320e+00  6.5363e-04
 6.2450e+00  6.1977e-04
 6.2580e+00  4.0028e-04
 6.2710e+00  4.9236e-04
 6.2840e+00  5.2560e-04
 6.2970e+00  7.0090e-04
 6.3100e+00  6.4883e-04
 6.3230e+00  6.5222e-04
 6.3360e+00  5.4338e-04
 6.3490e+00  4.5948e-04
 6.3620e+00  5.4847e-04
 6.3760e+00  5.7926e-04
 6.3890e+00  7.0425e-04
 6.4020e+00  2.9885e-04
 6.4150e+00  2.9018e-04
 6.4290e+00  4.4196e-04
 6.4420e+00  5.2997e-04
 6.4560e+00  6.1520e-04
 6.4690e+00  6.9975e-04
 6.4820e+00  9.0101e-04
 6.4960e+00  9.2229e-04
 6.5090e+00  7.1514e-04
 6.5230e+00  6.5281e-04
 6.5360e+00  4.6178e-04
 6.5500e+00  3.9162e-04
 6.5640e+00  3.4301e-04
 6.5770e+00  4.1522e-04
 6.5910e+00  4.6176e-04
 6.6050e+00  3.7754e-04
 6.6180e+00  8.0954e-04
 6.6320e+00  6.6166e-04
 6.6460e+00  6.6574e-04
 6.6600e+00  4.4666e-04
 6.6740e+00  3.9465e-04
 6.6870e+00  3.4878e-04
 6.7010e+00  3.5972e-04
 6.7150e+00  3.3681e-04
 6.7290e+00  5.7399e-04
 6.7430e+00  6.2739e-04
 6.7570e+00  4.3091e-04
 6.7710e+00  4.3123e-04
 6.7850e+00  3.5698e-04
 6.8000e+00  3.3846e-04
 6.8140e+00  3.1958e-04
 6.8280e+00  5.3079e-04
 6.8420e+00  6.4992e-04
 6.8560e+00  7.1665e-04
 6.8710e+00  7.2554e-04
 6.8850e+00  7.8128e-04
 6.8990e+00  7.6551e-04
 6.9130e+00  6.7417e-04
 6.9280e+00  6.0094e-04
 6.9420e+00  3.8601e-04
 6.9570e+00  4.2468e-04
 6.9710e+00  6.1806e-04
 6.9860e+00  7.2654e-04
 7.0000e+00  9.3492e-04
 7.0150e+00  8.5445e-04
 7.0290e+00  4.6677e-04
 7.0440e+00  3.8703e-04
 7.0590e+00  3.8770e-04
 7.0730e+00  2.9068e-04
 7.0880e+00  2.9983e-04
 7.1030e+00  4.6915e-04
 7.1180e+00  8.2159e-04
 7.1320e+00  9.6698e-04
 7.1470e+00  1.0508e-03
 7.1620e+00  6.9805e-04
 7.1770e+00  4.1233e-04
 7.1920e+00  4.2018e-04
 7.2070e+00  2.5607e-04
 7.2220e+00  5.4709e-04
 7.2370e+00  6.1487e-04
 7.2520e+00  8.1263e-04
 7.2670e+00  8.1773e-04
 7.2820e+00  7.0104e-04
 7.2980e+00  6.4086e-04
 7.3130e+00  6.8327e-04
 7.3280e+00  3.2048e-04
 7.3430e+00  6.3363e-04
 7.3590e+00  7.0170e-04
 7.3740e+00  7.7427e-04
 7.3890e+00  7.2772e-04
 7.4050e+00  7.6772e-04
 7.4200e+00  7.0885e-04
 7.4360e+00  5.7034e-04
 7.4510e+00  4.5128e-04
 7.4670e+00  3.8832e-04
 7.4820e+00  3.1458e-04
 7.4980e+00  3.3249e-04
 7.5130e+00  3.4829e-04
 7.5290e+00  5.0873e-04
 7.5450e+00  1.2059e-03
 7.5610e+00  5.7063e-04
 7.5760e+00  4.5092e-04
 7.5920e+00  3.7291e-04
 7.6080e+00  2.8870e-04
 7.6240e+00  4.5978e-04
 7.6400e+00  5.4050e-04
 7.6560e+00  7.8515e-04
 7.6720e+00  8.3201e-04
 7.6880e+00  7.7313e-04
 7.7040e+00  7.2590e-04
 7.7200e+00  6.2296e-04
 7.7360e+00  3.2910e-04
 7.7520e+00  3.6399e-04
 7.7680e+00  3.7424e-04
 7.7850e+00  4.0501e-04
 7.8010e+00  4.8064e-04
 7.8170e+00  6.5990e-04
 7.8340e+00  5.5110e-04
 7.8500e+00  5.6750e-04
 7.8660e+00  5.9422e-04
 7.8830e+00  5.7438e-04
 7.8990e+00  4.5120e-04
 7.9160e+00  6.0068e-04
 7.9320e+00  5.8288e-04
 7.9490e+00  4.9876e-04
 7.9660e+00  5.8462e-04
 7.9820e+00  4.0535e-04
 7.9990e+00  4.8402e-04
 8.0160e+00  4.1667e-04
 8.0320e+00  5.8771e-04
 8.0490e+00  6.2155e-04
 8.0660e+00  6.2052e-04
 8.0830e+00  5.5824e-04
 8.1000e+00  3.9236e-04
 8.1170e+00  4.5052e-04
 8.1340e+00  4.3170e-04
 8.1510e+00  4.5563e-04
 8.1680e+00  4.5907e-04
 8.1850e+00  5.0868e-04
 8.2020e+00  5.0593e-04
 8.2190e+00  5.3362e-04
 8.2370e+00  5.4695e-04
 8.2540e+00  6.1264e-04
 8.2710e+00  6.3011e-04
 8.2890e+00  7.3135e-04
 8.3060e+00  6.3520e-04
 8.3230e+00  6.2190e-04
 8.3410e+00  5.5350e-04
 8.3580e+00  5.9281e-04
 8.3760e+00  6.3828e-04
 8.3930e+00  8.0930e-04
 8.4110e+00  8.0217e-04
 8.4290e+00  7.7514e-04
 8.4460e+00  7.9289e-04
 8.4640e+00  5.1478e-04
 8.4820e+00  6.1675e-04
 8.5000e+00  5.2441e-04
 8.5180e+00  3.8654e-04
 8.5350e+00  3.8447e-04
 8.5530e+00  4.8917e-04
 8.5710e+00  7.0023e-04
 8.5890e+00  7.8298e-04
 8.6070e+00  8.0040e-04
 8.6260e+00  8.0619e-04
 8.6440e+00  8.2710e-04
 8.6620e+00  6.1092e-04
 8.6800e+00  6.8033e-04
 8.6980e+00  9.7515e-04
 8.7170e+00  1.2410e-03
 8.7350e+00  7.1389e-04
 8.7530e+00  3.0299e-04
 8.7720e+00  2.2712e-04
 8.7900e+00  2.4961e-04
 8.8090e+00  3.0085e-04
 8.8270e+00  9.8104e-04
 9.1000e+00  1.0000e+05
 1.0690e+01  5.8480e-04
 1.0710e+01  9.2438e-04
 1.0740e+01  7.8383e-04
 1.0760e+01  5.6486e-04
 1.0780e+01  3.7902e-04
 1.0810e+01  4.3421e-04
 1.0830e+01  4.9547e-04
 1.0850e+01  6.7874e-04
 1.0880e+01  9.3087e-04
 1.0900e+01  1.0287e-03
 1.0920e+01  8.9926e-04
 1.0950e+01  8.6514e-04
 1.0970e+01  7.1555e-04
 1.0990e+01  5.3619e-04
 1.1020e+01  5.5778e-04
 1.1040e+01  2.3088e-04
 1.1060e+01  6.4894e-04
 1.1090e+01  6.0135e-04
 1.1110e+01  6.5019e-04
 1.1140e+01  8.0374e-04
 1.1160e+01  8.9271e-04
 1.1180e+01  8.2288e-04
 1.1210e+01  5.7736e-04
 1.1230e+01  4.9063e-04
 1.1260e+01  4.5089e-04
 1.1280e+01  3.9101e-04
 1.1310e+01  5.5107e-04
 1.1330e+01  5.2851e-04
 1.1350e+01  4.5139e-04
 1.1380e+01  4.5148e-04
 1.1400e+01  3.3846e-04
 1.1430e+01  3.4862e-04
 1.1450e+01  2.8274e-04
 1.1480e+01  2.8057e-04
 1.1500e+01  6.1639e-04
 1.1530e+01  7.5345e-04
 1.1550e+01  6.7954e-04
 1.1580e+01  5.7400e-04
 1.1600e+01  3.1155e-04
 1.1630e+01  4.4006e-04
 1.1650e+01  2.5692e-04
 1.1680e+01  2.5318e-04
 1.1710e+01  3.0567e-04
 1.1730e+01  5.1163e-04
 1.1760e+01  4.4700e-04
 1.1780e+01  6.7208e-04
 1.1810e+01  5.6683e-04
 1.1830e+01  7.1287e-04
 1.1860e+01  6.5544e-04
 1.1880e+01  3.4396e-04
 1.1910e+01  3.0268e-04
 1.1940e+01  2.8577e-04
 1.1960e+01  3.2000e-04
 1.1990e+01  2.9780e-04
 1.2020e+01  3.1585e-04
 1.2040e+01  3.7474e-04
 1.2070e+01  4.9983e-04
 1.2090e+01  6.6427e-04
 1.2120e+01  8.2272e-04
 1.2150e+01  8.5548e-04
 1.2170e+01  9.7818e-04
 1.2200e+01  6.8014e-04
 1.2230e+01  4.3080e-04
 1.2250e+01  2.9081e-04
 1.2280e+01  2.9002e-04
 1.2310e+01  3.0205e-04
 1.2330e+01  3.8740e-04
 1.2360e+01  3.7739e-04
 1.2390e+01  7.8181e-04
 1.2420e+01  7.2403e-04
 1.2440e+01  5.8787e-04
 1.2470e+01  4.6150e-04
 1.2500e+01  3.5281e-04
 1.2530e+01  2.9388e-04
 1.2550e+01  2.7490e-04
 1.2580e+01  4.0921e-04
 1.2610e+01  3.4570e-04
 1.2640e+01  7.0153e-04
 1.2660e+01  6.3483e-04
 1.2690e+01  5.5181e-04
 1.2720e+01  6.4086e-04
 1.2750e+01  6.1195e-04
 1.2780e+01  6.0370e-04
 1.2800e+01  4.3448e-04
 1.2830e+01  3.2018e-04
 1.2860e+01  3.4986e-04
 1.2890e+01  5.2736e-04
 1.2920e+01  3.5795e-04
 1.2950e+01  5.6061e-04
 1.2980e+01  6.3630e-04
 1.3000e+01  6.8688e-04
 1.3030e+01  7.0478e-04
 1.3060e+01  6.2706e-04
 1.3090e+01  4.8452e-04
 1.3120e+01  3.8928e-04
 1.3150e+01  3.4188e-04
 1.3180e+01  3.5261e-04
 1.3210e+01  4.3564e-04
 1.3240e+01  3.7600e-04
 1.3270e+01  3.8148e-04
 1.3300e+01  4.0667e-04
 1.3320e+01  5.0102e-04
 1.3350e+01  4.8211e-04
 1.3380e+01  5.0727e-04
 1.3410e+01  5.0439e-04
 1.3440e+01  4.3851e-04
 1.3470e+01  5.5548e-04
 1.3500e+01  4.2806e-04
 1.3530e+01  6.5106e-04
 1.3560e+01  6.7553e-04
 1.3590e+01  7.5245e-04
 1.3620e+01  7.9554e-04
 1.3650e+01  6.1524e-04
 1.3690e+01  6.0326e-04
 1.3720e+01  6.2664e-04
 1.3750e+01  5.5086e-04
 1.3780e+01  4.9402e-04
 1.3810e+01  6.0707e-04
 1.3840e+01  3.6339e-04
 1.3870e+01  3.2229e-04
 1.3900e+01  3.8510e-04
 1.3930e+01  4.0008e-04
 1.3960e+01  6.3429e-04
 1.3990e+01  7.7081e-04
 1.4030e+01  7.4898e-04
 1.4060e+01  3.1461e-04
 1.4090e+01  3.0843e-04
 1.4120e+01  3.9992e-04
 1.4150e+01  3.6784e-04
 1.4180e+01  3.5293e-04
 1.4220e+01  3.0197e-04
 1.4250e+01  3.9091e-04
 1.4280e+01  3.6034e-04
 1.4310e+01  3.8364e-04
 1.4340e+01  5.5706e-04
 1.4380e+01  6.4659e-04
 1.4410e+01  6.4959e-04
 1.4440e+01  6.8797e-04
 1.4470e+01  7.6835e-04
 1.4510e+01  8.2024e-04
 1.4540e+01  7.4798e-04
 1.4570e+01  7.9040e-04
 1.4610e+01  6.9511e-04
 1.4640e+01  5.0121e-04
 1.4670e+01  4.3038e-04
 1.4710e+01  3.5609e-04
 1.4740e+01  3.2461e-04
 1.4770e+01  4.6955e-04
 1.4810e+01  7.0935e-04
 1.4840e+01  7.1781e-04
 1.4870e+01  6.8568e-04
 1.4910e+01  5.4683e-04
 1.4940e+01  4.6205e-04
 1.4970e+01  3.3052e-04
 1.5010e+01  3.3049e-04
 1.5040e+01  3.5778e-04
 1.5080e+01  3.9491e-04
 1.5110e+01  4.7906e-04
 1.5150e+01  9.2056e-04
 1.5180e+01  1.0069e-03
 1.5210e+01  6.9935e-04
 1.5250e+01  6.6138e-04
 1.5280e+01  5.6816e-04
 1.5320e+01  2.7429e-04
 1.5350e+01  3.9955e-04
 1.5390e+01  4.0144e-04
 1.5420e+01  4.1573e-04
 1.5460e+01  4.5092e-04
 1.5490e+01  7.0865e-04
 1.5530e+01  7.4638e-04
 1.5570e+01  5.4984e-04
 1.5600e+01  4.1004e-04
 1.5640e+01  3.1752e-04
 1.5670e+01  4.0753e-04
 1.5710e+01  4.8336e-04
 1.5740e+01  5.0940e-04
 1.5780e+01  5.3473e-04
 1.5820e+01  6.6698e-04
 1.5850e+01  7.2197e-04
 1.5890e+01  8.0853e-04
 1.5930e+01  4.3744e-04
 1.5960e+01  5.9866e-04
 1.6000e+01  3.6400e-04
 1.6040e+01  3.6682e-04
 1.6070e+01  8.2162e-04
 1.6110e+01  7.8831e-04
 1.6150e+01  7.4184e-04
 1.6190e+01  7.3861e-04
 1.6220e+01  6.5176e-04
 1.6260e+01  5.3888e-04
 1.6300e+01  4.2968e-04
 1.6340e+01  4.0516e-04
 1.6370e+01  3.9930e-04
 1.6410e+01  3.3812e-04
 1.6450e+01  6.8211e-04
 1.6490e+01  5.3254e-04
 1.6530e+01  8.6157e-04
 1.6560e+01  7.5082e-04
 1.6600e+01  8.3229e-04
 1.6640e+01  7.3774e-04
 1.6680e+01  4.6702e-04
 1.6720e+01  4.1750e-04
 1.6760e+01  2.1057e-04
 1.6800e+01  3.0450e-04
 1.6840e+01  4.4291e-04
 1.6880e+01  5.1302e-04
 1.6910e+01  9.2848e-04
 1.6950e+01  9.6347e-04
 1.6990e+01  8.0272e-04
 1.7030e+01  5.6674e-04
 1.7070e+01  4.4454e-04
 1.7110e+01  2.7776e-04
 1.7150e+01  2.8086e-04
 1.7190e+01  2.9828e-04
 1.7230e+01  3.6940e-04
 1.7270e+01  5.0821e-04
 1.7310e+01  8.2695e-04
 1.7360e+01  9.4675e-04
 1.7400e+01  9.3876e-04
 1.7440e+01  4.9767e-04
 1.7480e+01  4.3232e-04
 1.7520e+01  3.0507e-04
 1.7560e+01  2.6262e-04
 1.7600e+01  3.6213e-04
 1.7640e+01  4.5412e-04
 1.7680e+01  7.8887e-04
 1.7730e+01  7.9889e-04
 1.7770e+01  8.4005e-04
 1.7810e+01  8.6216e-04
 1.7850e+01  8.4973e-04
 1.7890e+01  7.8286e-04
 1.7940e+01  6.9728e-04
 1.7980e+01  2.9412e-04
 1.8020e+01  2.9090e-04
 1.8060e+01  4.4855e-04
 1.8110e+01  3.3225e-04
 1.8150e+01  8.2149e-04
 1.8190e+01  5.8728e-04
 1.8240e+01  7.8116e-04
 1.8280e+01  5.0386e-04
 1.8320e+01  4.6048e-04
 1.8370e+01  4.3920e-04
 1.8410e+01  4.9699e-04
 1.8450e+01  4.3303e-04
 1.8500e+01  7.0492e-04
 1.8540e+01  7.0645e-04
 1.8590e+01  7.2639e-04
 1.8630e+01  4.4013e-04
 1.8680e+01  4.7366e-04
 1.8720e+01  5.7418e-04
 1.8770e+01  5.8601e-04
 1.8810e+01  5.9930e-04
 1.8860e+01  3.6727e-04
 1.8900e+01  3.9579e-04
 1.8950e+01  5.4718e-04
 1.8990e+01  6.6134e-04
 1.9040e+01  9.8106e-04
 1.9080e+01  7.7194e-04
 1.9130e+01  6.8135e-04
 1.9170e+01  6.4198e-04
 1.9220e+01  5.3450e-04
 1.9270e+01  4.3250e-04
 1.9310e+01  4.1523e-04
 1.9360e+01  5.4681e-04
 1.9410e+01  5.8702e-04
 1.9450e+01  6.8837e-04
 1.9500e+01  6.5858e-04
 1.9550e+01  4.9205e-04
 1.9600e+01  4.3124e-04
 1.9640e+01  4.3902e-04
 1.9690e+01  4.3759e-04
 1.9740e+01  4.4460e-04
 1.9790e+01  5.4344e-04
 1.9830e+01  5.4091e-04
 1.9880e+01  4.6167e-04
 1.9930e+01  3.8170e-04
 1.9980e+01  4.1527e-04
 2.0030e+01  3.7104e-04
 2.0080e+01  6.5991e-04
 2.0130e+01  6.8168e-04
 2.0170e+01  7.5588e-04
 2.0220e+01  7.5486e-04
 2.0270e+01  7.3793e-04
 2.0320e+01  5.7785e-04
 2.0370e+01  4.8672e-04
 2.0420e+01  4.8343e-04
 2.0470e+01  5.7205e-04
 2.0520e+01  5.8756e-04
 2.0570e+01  8.5560e-04
 2.0620e+01  6.1056e-04
 2.0670e+01  6.1430e-04
 2.0720e+01  5.4531e-04
 2.0780e+01  6.0845e-04
 2.0830e+01  5.0142e-04
 2.0880e+01  4.8891e-04
 2.0930e+01  4.9151e-04
 2.0980e+01  5.2515e-04
 2.1030e+01  4.7645e-04
 2.1080e+01  6.5929e-04
 2.1140e+01  7.8936e-04
 2.1190e+01  7.5361e-04
 2.1240e+01  7.6143e-04
 2.1290e+01  7.5782e-04
 2.1350e+01  8.0217e-04
 2.1400e+01  6.8397e-04
 2.1450e+01  6.0792e-04
 2.1510e+01  5.7208e-04
 2.1560e+01  5.3110e-04
 2.1610e+01  5.0380e-04
 2.1670e+01  4.5429e-04
 2.1720e+01  6.2106e-04
 2.1780e+01  7.1281e-04
 2.1830e+01  9.5092e-04
 2.1880e+01  9.5427e-04
 2.1940e+01  5.9565e-04
 2.1990e+01  6.2932e-04
 2.2050e+01  5.8537e-04
 2.2100e+01  5.3439e-04
 2.2160e+01  3.8131e-04
 2.2210e+01  5.6477e-04
 2.2270e+01  5.5776e-04
 2.2330e+01  5.4523e-04
 2.2380e+01  3.6523e-04
 2.2440e+01  5.9895e-04
 2.2500e+01  7.5437e-04
 2.2550e+01  4.1401e-04
 2.2610e+01  4.4141e-04
 2.2670e+01  4.1366e-04
 2.2720e+01  4.3735e-04
 2.2780e+01  4.1000e-04
 2.2840e+01  5.1290e-04
 2.2900e+01  5.0922e-04
 2.2950e+01  5.1626e-04
 2.3010e+01  4.6855e-04
 2.3070e+01  5.9552e-04
 2.3130e+01  7.8653e-04
 2.3190e+01  7.7990e-04
 2.3250e+01  8.2731e-04
 2.3310e+01  8.0328e-04
 2.3370e+01  6.4302e-04
 2.3430e+01  7.2117e-04
 2.3490e+01  7.1047e-04
 2.3550e+01  7.5638e-04
 2.3610e+01  7.4825e-04
 2.3670e+01  7.5157e-04
 2.3730e+01  7.2859e-04
 2.3790e+01  7.1789e-04
 2.3850e+01  6.7685e-04
 2.3910e+01  6.2355e-04
 2.3970e+01  5.9765e-04
 2.4030e+01  7.9096e-04
 2.4090e+01  5.7401e-04
 2.4160e+01  5.1408e-04
 2.4220e+01  6.6038e-04
 2.4280e+01  5.6188e-04
 2.4340e+01  5.2968e-04
 2.4410e+01  5.3377e-04
 2.4470e+01  5.5529e-04
 2.4530e+01  6.0797e-04
 2.4600e+01  7.6176e-04
 2.4660e+01  6.8174e-04
 2.4720e+01  5.6393e-04
 2.4790e+01  5.6065e-04
 2.4850e+01  6.8375e-04
 2.4920e+01  6.7451e-04
 2.4980e+01  7.1010e-04
 2.5050e+01  7.5870e-04
 2.5110e+01  9.2333e-04
 2.5180e+01  8.7036e-04
 2.5240e+01  8.6522e-04
 2.5310e+01  8.0525e-04
 2.5380e+01  7.1041e-04
 2.5440e+01  3.6406e-04
 2.5510e+01  4.0863e-04
 2.5580e+01  5.0767e-04
 2.5640e+01  6.6311e-04
 2.5710e+01  7.5403e-04
 2.5780e+01  7.7823e-04
 2.5850e+01  1.0940e-03
 2.5920e+01  7.0934e-04
 2.5980e+01  6.5482e-04
 2.6050e+01  6.3223e-04
 2.6120e+01  6.1484e-04
 2.6190e+01  5.0057e-04
 2.6260e+01  5.0285e-04
 2.6330e+01  5.1848e-04
 2.6400e+01  4.8549e-04
 2.6470e+01  7.9432e-04
 2.6540e+01  8.1217e-04
 2.6610e+01  7.7588e-04
 2.6680e+01  8.1008e-04
 2.6750e+01  4.1547e-04
 2.6830e+01  3.8988e-04
 2.6900e+01  3.8471e-04
 2.6970e+01  5.4513e-04
 2.7040e+01  6.0644e-04
 2.7110e+01  5.0586e-04
 2.7190e+01  9.7015e-04
 2.7260e+01  7.3803e-04
 2.7330e+01  7.7298e-04
 2.7410e+01  8.6667e-04
 2.7480e+01  8.7783e-04
 2.7550e+01  8.6299e-04
 2.7630e+01  8.1214e-04
 2.7700e+01  4.6890e-04
 2.7780e+01  6.9184e-04
 2.7850e+01  7.4651e-04
 2.7930e+01  5.5299e-04
 2.8010e+01  5.3368e-04
 2.8080e+01  5.1437e-04
 2.8160e+01  5.4931e-04
 2.8230e+01  6.0693e-04
 2.8310e+01  8.0432e-04
 2.8390e+01  9.0397e-04
 2.8470e+01  9.2780e-04
 2.8540e+01  8.2931e-04
 2.8620e+01  8.4160e-04
 2.8700e+01  8.3981e-04
 2.8780e+01  7.5886e-04
 2.8860e+01  8.3473e-04
 2.8940e+01  8.4109e-04
 2.9020e+01  8.6008e-04
 2.9100e+01  7.0133e-04
 2.9180e+01  1.0044e-03
 2.9260e+01  1.0227e-03
 2.9340e+01  1.0986e-03
 2.9420e+01  9.0411e-04
 2.9500e+01  9.2648e-04
 2.9580e+01  7.4276e-04
 2.9670e+01  6.4758e-04
 2.9750e+01  5.5907e-04
 2.9830e+01  5.1000e-04
 2.9910e+01  5.2083e-04
 3.0000e+01  5.1458e-04
 3.0080e+01  5.4920e-04
 3.0170e+01  6.9806e-04
 3.0250e+01  7.6059e-04
 3.0340e+01  7.3568e-04
 3.0420e+01  1.0725e-03
 3.0510e+01  8.2877e-04
 3.0590e+01  7.6517e-04
 3.0680e+01  6.0071e-04
 3.0770e+01  5.4080e-04
 3.0850e+01  5.8548e-04
 3.0940e+01  5.5425e-04
 3.1030e+01  4.4782e-04
 3.1110e+01  6.7231e-04
 3.1200e+01  7.4382e-04
 3.1290e+01  8.5144e-04
 3.1380e+01  1.3313e-03
 3.1470e+01  1.1148e-03
 3.1560e+01  5.5633e-04
 3.1650e+01  5.4257e-04
 3.1740e+01  4.7668e-04
 3.1830e+01  4.7184e-04
 3.1920e+01  4.5845e-04
 3.2010e+01  4.8603e-04
 3.2110e+01  5.3633e-04
 3.2200e+01  6.5814e-04
 3.2290e+01  8.9320e-04
 3.2380e+01  1.0031e-03
 3.2480e+01  1.0155e-03
 3.2570e+01  9.6820e-04
 3.2670e+01  4.9696e-04
 3.2760e+01  5.4280e-04
 3.2860e+01  7.1455e-04
 3.2950e+01  8.1069e-04
 3.3050e+01  9.8584e-04
 3.3140e+01  9.9928e-04
 3.3240e+01  9.1659e-04
 3.3340e+01  9.0467e-04
 3.3440e+01  6.9343e-04
 3.3530e+01  4.1921e-04
 3.3630e+01  3.9574e-04
 3.3730e+01  5.8209e-04
 3.3830e+01  6.1422e-04
 3.3930e+01  6.2878e-04
 3.4030e+01  9.0499e-04
 3.4130e+01  9.3967e-04
 3.4230e+01  8.0960e-04
 3.4330e+01  7.9844e-04
 3.4440e+01  7.1868e-04
 3.4540e+01  6.4005e-04
 3.4640e+01  6.7326e-04
 3.4750e+01  9.2572e-04
 3.4850e+01  1.0011e-03
 3.4950e+01  1.2159e-03
 3.5060e+01  9.4415e-04
 3.5160e+01  8.4124e-04
 3.5270e+01  5.9292e-04
 3.5380e+01  9.5804e-04
 3.5480e+01  8.7490e-04
 3.5590e+01  6.6159e-04
 3.5700e+01  9.1261e-04
 3.5800e+01  1.0454e-03
 3.5910e+01  1.1513e-03
 3.6020e+01  1.2823e-03
 3.6130e+01  1.1503e-03
 3.6240e+01  8.1315e-04
 3.6350e+01  8.3893e-04
 3.6460e+01  7.0354e-04
 3.6580e+01  6.6067e-04
 3.6690e+01  9.4494e-04
 3.6800e+01  7.0131e-04
 3.6910e+01  7.8154e-04
 3.7030e+01  1.0382e-03
 3.7140e+01  8.7335e-04
 3.7260e+01  9.3113e-04
 3.7370e+01  7.5095e-04
 3.7490e+01  6.5020e-04
 3.7610e+01  8.0165e-04
 3.7720e+01  1.3373e-03
 3.7840e+01  1.2175e-03
 3.7960e+01  9.7320e-04
 3.8080e+01  1.1012e-03
 3.8200e+01  1.1074e-03
 3.8320e+01  4.9569e-04
 3.8440e+01  5.1062e-04
 3.8560e+01  8.0150e-04
 3.8680e+01  8.9620e-04
 3.8800e+01  1.0532e-03
 3.8930e+01  8.3273e-04
 3.9050e+01  7.2415e-04
 3.9170e+01  5.9881e-04
 3.9300e+01  6.6999e-04
 3.9420e+01  5.8159e-04
 3.9550e+01  6.6729e-04
 3.9680e+01  7.0340e-04
 3.9800e+01  7.0261e-04
 3.9930e+01  6.2578e-04
 4.0060e+01  5.6537e-04
 4.0190e+01  5.9028e-04
 4.0320e+01  6.9455e-04
 4.0450e+01  7.1355e-04
 4.0580e+01  1.4799e-03
 4.0710e+01  1.4432e-03
 4.0850e+01  1.2251e-03
 4.0980e+01  6.0781e-04
 4.1110e+01  8.7218e-04
 4.1250e+01  8.1290e-04
 4.1380e+01  8.2141e-04
 4.1520e+01  1.0633e-03
 4.1660e+01  1.0471e-03
 4.1800e+01  1.0951e-03
 4.1930e+01  9.4087e-04
 4.2070e+01  9.1396e-04
 4.2210e+01  7.4123e-04
 4.2350e+01  9.9263e-04
 4.2500e+01  1.0683e-03
 4.2640e+01  1.0667e-03
 4.2780e+01  1.0343e-03
 4.2920e+01  9.5460e-04
 4.3070e+01  8.7002e-04
 4.3220e+01  7.8405e-04
 4.3360e+01  7.4754e-04
 4.3510e+01  7.2698e-04
 4.3660e+01  7.1462e-04
 4.3810e+01  7.1298e-04
 4.3950e+01  1.1304e-03
 4.4110e+01  8.1644e-04
 4.4260e+01  1.0825e-03
 4.4410e+01  1.1388e-03
 4.4560e+01  1.0547e-03
 4.4720e+01  7.7315e-04
 4.4870e+01  7.1996e-04
 4.5030e+01  5.4026e-04
 4.5180e+01  7.8798e-04
 4.5340e+01  8.2566e-04
 4.5500e+01  1.4566e-03
 4.5660e+01  1.3088e-03
 4.5820e+01  1.3051e-03
 4.5980e+01  1.2451e-03
 4.6140e+01  1.0526e-03
 4.6310e+01  9.0632e-04
 4.6470e+01  1.0165e-03
 4.6640e+01  9.6210e-04
 4.6800e+01  9.2008e-04
 4.6970e+01  8.8840e-04
 4.7140e+01  8.2267e-04
 4.7310e+01  8.1139e-04
 4.7480e+01  8.4402e-04
 4.7650e+01  9.1914e-04
 4.7820e+01  1.1919e-03
 4.8000e+01  8.9787e-04
 4.8170e+01  8.2964e-04
 4.8350e+01  9.4109e-04
 4.8530e+01  8.2413e-04
 4.8700e+01  1.1477e-03
 4.8880e+01  9.0498e-04
 4.9070e+01  8.9832e-04
 4.9250e+01  8.0741e-04
 4.9430e+01  7.7104e-04
 4.9610e+01  6.6802e-04
 4.9800e+01  8.2222e-04
 4.9990e+01  8.5238e-04
 5.0180e+01  9.6668e-04
 5.0360e+01  9.8870e-04
 5.0560e+01  9.5772e-04
 5.0750e+01  8.6726e-04
 5.0940e+01  8.3524e-04
 5.1140e+01  8.4098e-04
 5.1330e+01  8.8846e-04
 5.1530e+01  9.8353e-04
 5.1730e+01  1.3098e-03
 5.1930e+01  1.4087e-03
 5.2130e+01  1.4291e-03
 5.2330e+01  1.4093e-03
 5.2540e+01  1.3489e-03
 5.2740e+01  1.2780e-03
 5.2950e+01  9.0084e-04
 5.3160e+01  9.4101e-04
 5.3370e+01  8.5835e-04
 5.3580e+01  8.2099e-04
 5.3800e+01  7.8068e-04
 5.4010e+01  7.8370e-04
 5.4230e+01  7.5792e-04
 5.4450e+01  7.7471e-04
 5.4670e+01  7.1402e-04
 5.4890e+01  7.4251e-04
 5.5110e+01  7.8035e-04
 5.5340e+01  1.1382e-03
 5.5570e+01  1.2649e-03
 5.5800e+01  1.2978e-03
 5.6030e+01  1.1946e-03
 5.6260e+01  9.3647e-04
 5.6490e+01  1.2802e-03
 5.6730e+01  1.3792e-03
 5.6970e+01  1.4547e-03
 5.7210e+01  1.4678e-03
 5.7450e+01  1.5436e-03
 5.7700e+01  1.1841e-03
 5.7940e+01  1.0481e-03
 5.8190e+01  1.0522e-03
 5.8440e+01  9.9732e-04
 5.8690e+01  1.0164e-03
 5.8950e+01  1.0730e-03
 5.9210e+01  1.2249e-03
 5.9470e+01  1.0327e-03
 5.9730e+01  9.7691e-04
 5.9990e+01  9.5301e-04
 6.0260e+01  9.8203e-04
 6.0530e+01  8.5893e-04
 6.0800e+01  1.0396e-03
 6.1070e+01  1.1364e-03
 6.1350e+01  1.2561e-03
 6.1630e+01  1.3169e-03
 6.1910e+01  1.3173e-03
 6.2200e+01  1.6067e-03
 6.2480e+01  1.4663e-03
 6.2770e+01  1.3166e-03
 6.3060e+01  1.3412e-03
 6.3360e+01  7.7437e-04
 6.3660e+01  8.2812e-04
 6.3960e+01  1.0499e-03
 6.4260e+01  1.0583e-03
 6.4570e+01  1.2956e-03
 6.4880e+01  1.5456e-03
 6.5200e+01  1.6131e-03
 6.5510e+01  1.3435e-03
 6.5830e+01  1.2531e-03
 6.6160e+01  1.4175e-03
 6.6480e+01  1.2567e-03
 6.6820e+01  9.7970e-04
 6.7150e+01  6.0430e-04
 6.7490e+01  1.0915e-03
 6.7830e+01  1.5658e-03
 6.8180e+01  1.7613e-03
 6.8530e+01  1.8994e-03
 6.8880e+01  1.1365e-03
 6.9240e+01  8.5363e-04
 6.9600e+01  7.9459e-04
