#      mass       lower       upper
 1.0300e-03  4.2320e-07  3.0364e-04
 1.0416e-03  4.1424e-07  3.6369e-04
 1.0513e-03  4.0664e-07  3.8555e-04
 1.0692e-03  3.9222e-07  3.5076e-04
 1.1016e-03  3.6460e-07  3.4768e-04
 1.1125e-03  3.5481e-07  3.1590e-04
 1.1180e-03  3.4984e-07  2.9043e-04
 1.1266e-03  3.4180e-07  2.8994e-04
 1.1807e-03  3.0585e-07  2.7476e-04
 1.1826e-03  3.0453e-07  2.7350e-04
 1.2905e-03  2.9549e-07  2.5101e-04
 1.3333e-03  2.9223e-07  2.3640e-04
 1.3578e-03  2.9036e-07  2.3020e-04
 1.4317e-03  2.8870e-07  2.0978e-04
 1.5079e-03  2.8699e-07  2.0279e-04
 1.5590e-03  2.8593e-07  1.9734e-04
 1.5728e-03  2.8589e-07  1.9567e-04
 1.7371e-03  2.8537e-07  1.7528e-04
 1.7898e-03  2.8524e-07  1.6775e-04
 1.8447e-03  2.8552e-07  1.6307e-04
 1.9001e-03  2.8578e-07  1.5810e-04
 2.0550e-03  2.8651e-07  1.4383e-04
 2.2756e-03  2.8841e-07  1.3038e-04
 2.3368e-03  2.8890e-07  1.2632e-04
 2.3482e-03  2.8899e-07  1.2531e-04
 2.3595e-03  2.8908e-07  1.2483e-04
 2.4043e-03  2.8953e-07  1.2246e-04
 2.5962e-03  2.9148e-07  1.1257e-04
 2.7092e-03  2.9257e-07  1.0628e-04
 2.7578e-03  2.9309e-07  1.0339e-04
 2.8688e-03  2.9427e-07  1.0037e-04
 2.9582e-03  2.9522e-07  9.7029e-05
 3.1105e-03  2.9676e-07  9.1035e-05
 3.2421e-03  2.9816e-07  8.5315e-05
 3.3674e-03  2.9949e-07  8.3026e-05
 3.5499e-03  3.0133e-07  7.9570e-05
 3.5713e-03  3.0155e-07  7.8982e-05
 3.6126e-03  3.0197e-07  7.8040e-05
 3.8301e-03  3.0421e-07  7.3329e-05
 4.1004e-03  3.0687e-07  6.7017e-05
 4.3584e-03  3.0942e-07  6.2995e-05
 4.4417e-03  3.1024e-07  6.1683e-05
 4.7079e-03  3.1270e-07  5.7303e-05
 4.9458e-03  3.1490e-07  5.4790e-05
 5.3852e-03  3.1884e-07  4.9829e-05
 5.4054e-03  3.1903e-07  4.9596e-05
 5.6153e-03  3.2087e-07  4.6807e-05
 5.7928e-03  3.2238e-07  4.4318e-05
 6.2063e-03  3.2587e-07  4.1918e-05
 6.3720e-03  3.2723e-07  4.0842e-05
 6.5899e-03  3.2897e-07  3.9387e-05
 7.1258e-03  3.3322e-07  3.5699e-05
 7.2272e-03  3.3400e-07  3.5249e-05
 8.1046e-03  3.4051e-07  3.1108e-05
 8.1427e-03  3.4079e-07  3.0856e-05
 8.1814e-03  3.4107e-07  3.0729e-05
 8.1940e-03  3.4116e-07  3.0679e-05
 8.3146e-03  3.4203e-07  3.0190e-05
 8.3488e-03  3.4227e-07  3.0050e-05
 9.2853e-03  3.4879e-07  2.6366e-05
 9.3937e-03  3.4953e-07  2.5908e-05
 9.5456e-03  3.5068e-07  2.5236e-05
 9.8769e-03  3.5317e-07  2.4548e-05
 1.0501e-02  3.5781e-07  2.2756e-05
 1.0785e-02  3.5990e-07  2.1893e-05
 1.1852e-02  3.6831e-07  1.9756e-05
 1.2045e-02  3.6981e-07  1.9347e-05
 1.2383e-02  3.7243e-07  1.8634e-05
 1.3234e-02  3.7898e-07  1.7243e-05
 1.3361e-02  3.7995e-07  1.7051e-05
 1.4218e-02  3.8649e-07  1.5696e-05
 1.4612e-02  3.8948e-07  1.5222e-05
 1.5046e-02  3.9276e-07  1.4709e-05
 1.6324e-02  4.0242e-07  1.3089e-05
 1.6922e-02  4.0696e-07  1.2580e-05
 1.7628e-02  4.1231e-07  1.1954e-05
 1.8743e-02  4.2072e-07  1.0940e-05
 2.0369e-02  4.3328e-07  9.9221e-06
 2.1205e-02  4.3966e-07  9.3609e-06
 2.1319e-02  4.4054e-07  9.2865e-06
 2.1520e-02  4.4210e-07  9.1553e-06
 2.1842e-02  4.4484e-07  8.9872e-06
 2.2566e-02  4.5070e-07  8.5986e-06
 2.4708e-02  4.6786e-07  7.5417e-06
 2.5349e-02  4.7330e-07  7.3005e-06
 2.6662e-02  4.8444e-07  6.8145e-06
 2.8369e-02  4.9966e-07  6.1325e-06
 2.9741e-02  5.1149e-07  5.7590e-06
 3.0092e-02  5.1474e-07  5.6599e-06
 3.2571e-02  5.3829e-07  4.9573e-06
 3.3112e-02  5.4326e-07  4.8518e-06
 3.4978e-02  5.6153e-07  4.4717e-06
 3.5565e-02  5.6773e-07  4.3464e-06
 3.7397e-02  5.8760e-07  3.9590e-06
 3.8985e-02  6.0821e-07  3.5870e-06
 4.0768e-02  6.2928e-07  3.3864e-06
 4.1667e-02  6.4122e-07  3.2808e-06
 4.2938e-02  6.6006e-07  3.0703e-06
 4.5006e-02  6.9228e-07  2.8212e-06
 4.8251e-02  7.5778e-07  2.3848e-06
 4.9299e-02  7.8342e-07  2.2381e-06
 4.9516e-02  7.8837e-07  2.2168e-06
 4.9978e-02  7.9981e-07  2.1699e-06
 5.4293e-02  1.0000e+05  1.0000e+05
 5.5221e-02  1.0525e-06  1.4792e-06
 5.6603e-02  1.0000e+05  1.0000e+05
 5.9260e-02  1.0000e+05  1.0000e+05
 6.2092e-02  1.0000e+05  1.0000e+05
 6.3467e-02  1.0000e+05  1.0000e+05
 6.4345e-02  1.0000e+05  1.0000e+05
 6.4990e-02  1.0000e+05  1.0000e+05
 6.6855e-02  1.0000e+05  1.0000e+05
 6.8927e-02  1.0000e+05  1.0000e+05
 6.9192e-02  1.0000e+05  1.0000e+05
 7.3153e-02  1.0000e+05  1.0000e+05
 7.3793e-02  1.0000e+05  1.0000e+05
 7.4618e-02  1.0000e+05  1.0000e+05
 7.4892e-02  1.0000e+05  1.0000e+05
 7.5159e-02  1.0000e+05  1.0000e+05
 7.7702e-02  1.0000e+05  1.0000e+05
 7.8907e-02  1.0000e+05  1.0000e+05
 7.8948e-02  1.0000e+05  1.0000e+05
 8.0314e-02  1.0000e+05  1.0000e+05
 8.0701e-02  1.0000e+05  1.0000e+05
