#      mass       lower       upper
 1.0300e-03  1.4400e-08  4.6800e-04
 1.0381e-03  1.4144e-08  4.2825e-04
 1.0449e-03  1.3926e-08  4.1812e-04
 1.0459e-03  1.3893e-08  4.1435e-04
 1.0573e-03  1.3543e-08  3.6876e-04
 1.0638e-03  1.3379e-08  3.4018e-04
 1.0924e-03  1.2633e-08  3.0841e-04
 1.1048e-03  1.2294e-08  2.7021e-04
 1.1276e-03  1.1646e-08  2.5294e-04
 1.1664e-03  1.0757e-08  2.2057e-04
 1.1680e-03  1.0724e-08  2.1911e-04
 1.1700e-03  1.0682e-08  2.1463e-04
 1.1826e-03  1.0416e-08  2.0597e-04
 1.2113e-03  1.0335e-08  1.9859e-04
 1.3114e-03  1.0082e-08  1.7049e-04
 1.3578e-03  9.9629e-09  1.6015e-04
 1.4255e-03  9.9192e-09  1.5168e-04
 1.5453e-03  9.8477e-09  1.3543e-04
 1.5590e-03  9.8396e-09  1.3372e-04
 1.5961e-03  9.8404e-09  1.3021e-04
 1.6445e-03  9.8409e-09  1.2602e-04
 1.7898e-03  9.8439e-09  1.1251e-04
 1.8693e-03  9.8649e-09  1.0757e-04
 1.8849e-03  9.8691e-09  1.0624e-04
 1.9606e-03  9.8884e-09  9.9462e-05
 2.0550e-03  9.9124e-09  9.5835e-05
 2.1541e-03  9.9467e-09  9.1839e-05
 2.3035e-03  9.9955e-09  8.5450e-05
 2.3595e-03  1.0014e-08  8.3017e-05
 2.4577e-03  1.0051e-08  7.9720e-05
 2.4638e-03  1.0053e-08  7.9510e-05
 2.7092e-03  1.0144e-08  7.1189e-05
 2.8003e-03  1.0180e-08  6.8992e-05
 2.8455e-03  1.0198e-08  6.7874e-05
 3.1105e-03  1.0297e-08  6.1168e-05
 3.1878e-03  1.0327e-08  5.9926e-05
 3.5391e-03  1.0456e-08  5.3913e-05
 3.5713e-03  1.0468e-08  5.3339e-05
 3.6260e-03  1.0489e-08  5.2543e-05
 3.6282e-03  1.0490e-08  5.2513e-05
 4.1004e-03  1.0657e-08  4.5588e-05
 4.3736e-03  1.0753e-08  4.2825e-05
 4.3875e-03  1.0757e-08  4.2684e-05
 4.6826e-03  1.0855e-08  3.9572e-05
 4.7079e-03  1.0863e-08  3.9293e-05
 4.7383e-03  1.0873e-08  3.8940e-05
 4.9258e-03  1.0933e-08  3.6681e-05
 5.4054e-03  1.1085e-08  3.4235e-05
 5.4412e-03  1.1096e-08  3.4018e-05
 6.0340e-03  1.1274e-08  3.0340e-05
 6.2063e-03  1.1323e-08  2.9184e-05
 6.7141e-03  1.1469e-08  2.7021e-05
 6.8441e-03  1.1505e-08  2.6455e-05
 7.1258e-03  1.1581e-08  2.5184e-05
 7.7594e-03  1.1750e-08  2.3197e-05
 7.9145e-03  1.1790e-08  2.2684e-05
 8.1814e-03  1.1857e-08  2.1827e-05
 8.3236e-03  1.1893e-08  2.1464e-05
 8.7930e-03  1.2010e-08  2.0264e-05
 9.3937e-03  1.2151e-08  1.8616e-05
 1.0197e-02  1.2335e-08  1.7176e-05
 1.0265e-02  1.2350e-08  1.7049e-05
 1.0785e-02  1.2464e-08  1.6069e-05
 1.1278e-02  1.2571e-08  1.5408e-05
 1.1802e-02  1.2679e-08  1.4671e-05
 1.2383e-02  1.2797e-08  1.3869e-05
 1.2686e-02  1.2859e-08  1.3542e-05
 1.2765e-02  1.2875e-08  1.3459e-05
 1.4218e-02  1.3154e-08  1.1824e-05
 1.5621e-02  1.3409e-08  1.0757e-05
 1.5974e-02  1.3472e-08  1.0376e-05
 1.6317e-02  1.3533e-08  1.0201e-05
 1.6324e-02  1.3535e-08  1.0198e-05
 1.6329e-02  1.3535e-08  1.0195e-05
 1.6372e-02  1.3543e-08  1.0171e-05
 1.7747e-02  1.3777e-08  9.3582e-06
 1.8456e-02  1.3895e-08  8.9450e-06
 1.8743e-02  1.3942e-08  8.7724e-06
 1.9242e-02  1.4019e-08  8.5450e-06
 2.0858e-02  1.4266e-08  7.7942e-06
 2.1520e-02  1.4363e-08  7.4645e-06
 2.2411e-02  1.4490e-08  7.1853e-06
 2.3621e-02  1.4653e-08  6.7874e-06
 2.4708e-02  1.4798e-08  6.4200e-06
 2.6631e-02  1.5048e-08  5.9459e-06
 2.7037e-02  1.5099e-08  5.8410e-06
 2.8369e-02  1.5263e-08  5.5129e-06
 2.9000e-02  1.5340e-08  5.3913e-06
 3.0072e-02  1.5469e-08  5.1866e-06
 3.2571e-02  1.5763e-08  4.6744e-06
 3.5430e-02  1.6089e-08  4.2825e-06
 3.6240e-02  1.6179e-08  4.1687e-06
 3.7397e-02  1.6300e-08  4.0005e-06
 3.8286e-02  1.6395e-08  3.8587e-06
 3.9286e-02  1.6500e-08  3.6928e-06
 4.2938e-02  1.6879e-08  3.4375e-06
 4.3162e-02  1.6902e-08  3.4192e-06
 4.3375e-02  1.6924e-08  3.4017e-06
 4.4610e-02  1.7050e-08  3.2579e-06
 4.6241e-02  1.7209e-08  3.0574e-06
 4.8630e-02  1.7442e-08  2.9341e-06
 4.9299e-02  1.7509e-08  2.8986e-06
 5.2667e-02  1.7835e-08  2.7022e-06
 5.4732e-02  1.8032e-08  2.5793e-06
 5.6603e-02  1.8213e-08  2.4628e-06
 5.8996e-02  1.8451e-08  2.2997e-06
 5.9434e-02  1.8495e-08  2.2871e-06
 6.4150e-02  1.8926e-08  2.1464e-06
 6.4990e-02  1.9002e-08  2.1095e-06
 6.9081e-02  1.9386e-08  1.9020e-06
 6.9226e-02  1.9400e-08  1.8942e-06
 7.4618e-02  1.9900e-08  1.7763e-06
 7.7465e-02  2.0165e-08  1.7054e-06
 7.7482e-02  2.0167e-08  1.7049e-06
 8.5672e-02  2.0920e-08  1.4930e-06
 9.1471e-02  2.1464e-08  1.3899e-06
 9.3375e-02  2.1641e-08  1.3543e-06
 9.5709e-02  2.1856e-08  1.2938e-06
 9.6991e-02  2.1973e-08  1.2782e-06
 9.8364e-02  2.2103e-08  1.2611e-06
 1.0832e-01  2.3009e-08  1.1342e-06
 1.1256e-01  2.3413e-08  1.0757e-06
 1.1294e-01  2.3448e-08  1.0706e-06
 1.1425e-01  2.3570e-08  1.0553e-06
 1.2076e-01  2.4169e-08  9.8850e-07
 1.2967e-01  2.5000e-08  8.8897e-07
 1.3413e-01  2.5418e-08  8.5450e-07
 1.3443e-01  2.5446e-08  8.5223e-07
 1.4888e-01  2.6819e-08  7.3643e-07
 1.4939e-01  2.6868e-08  7.3214e-07
 1.5091e-01  2.7021e-08  7.1904e-07
 1.5242e-01  2.7179e-08  7.0589e-07
 1.5914e-01  2.7872e-08  6.7874e-07
 1.6551e-01  2.8514e-08  6.4272e-07
 1.7094e-01  2.9087e-08  6.1035e-07
 1.8297e-01  3.0372e-08  5.6131e-07
 1.8808e-01  3.0944e-08  5.3913e-07
 1.9626e-01  3.1838e-08  5.0380e-07
 2.0107e-01  3.2672e-08  4.6178e-07
 2.0461e-01  3.3433e-08  4.2825e-07
 2.0739e-01  3.4018e-08  4.1299e-07
 2.1501e-01  3.5648e-08  3.6784e-07
 2.1734e-01  3.6131e-08  3.5017e-07
 2.1860e-01  3.6472e-08  3.4017e-07
 2.2534e-01  3.8238e-08  3.0464e-07
 2.3047e-01  3.9338e-08  2.8054e-07
 2.3429e-01  4.0135e-08  2.7347e-07
 2.3601e-01  4.0583e-08  2.7021e-07
 2.4492e-01  4.2826e-08  2.4792e-07
 2.5211e-01  4.4714e-08  2.2834e-07
 2.5508e-01  4.5704e-08  2.1976e-07
 2.5685e-01  4.6282e-08  2.1463e-07
 2.5872e-01  4.6890e-08  2.0920e-07
 2.7004e-01  5.0201e-08  1.8858e-07
 2.7901e-01  5.3494e-08  1.7048e-07
 2.8018e-01  5.3914e-08  1.6860e-07
 2.8761e-01  5.6867e-08  1.5651e-07
 2.9706e-01  6.2279e-08  1.3987e-07
 2.9967e-01  6.3784e-08  1.3674e-07
 3.0268e-01  6.5426e-08  1.2858e-07
 3.0494e-01  6.7353e-08  1.2211e-07
 3.0700e-01  6.9758e-08  1.1598e-07
 3.1277e-01  7.5786e-08  1.1135e-07
 3.1338e-01  7.6341e-08  1.1089e-07
 3.1532e-01  8.2290e-08  1.1033e-07
 3.1593e-01  9.0521e-08  1.1325e-07
