#      mass       lower
 2.1410e-01  1.0459e-04
 2.1420e-01  9.8506e-05
 2.1430e-01  7.3020e-05
 2.1450e-01  6.6003e-05
 2.1460e-01  6.1854e-05
 2.1470e-01  7.4042e-05
 2.1490e-01  9.4449e-05
 2.1500e-01  1.1573e-04
 2.1520e-01  1.2476e-04
 2.1530e-01  1.0967e-04
 2.1550e-01  1.0831e-04
 2.1560e-01  8.9806e-05
 2.1580e-01  8.5837e-05
 2.1590e-01  8.7264e-05
 2.1610e-01  9.2779e-05
 2.1620e-01  9.4430e-05
 2.1640e-01  1.1722e-04
 2.1660e-01  1.0308e-04
 2.1670e-01  1.0036e-04
 2.1690e-01  1.0575e-04
 2.1710e-01  1.1187e-04
 2.1730e-01  1.1830e-04
 2.1750e-01  1.3387e-04
 2.1770e-01  1.0265e-04
 2.1780e-01  7.9877e-05
 2.1800e-01  9.6480e-05
 2.1820e-01  8.0720e-05
 2.1840e-01  7.5616e-05
 2.1860e-01  7.4558e-05
 2.1880e-01  9.1660e-05
 2.1910e-01  1.1196e-04
 2.1930e-01  1.2534e-04
 2.1950e-01  1.3123e-04
 2.1970e-01  1.3186e-04
 2.1990e-01  1.3188e-04
 2.2010e-01  1.3165e-04
 2.2040e-01  1.3611e-04
 2.2060e-01  1.3772e-04
 2.2080e-01  1.2821e-04
 2.2110e-01  1.2846e-04
 2.2130e-01  1.2720e-04
 2.2160e-01  1.1922e-04
 2.2180e-01  9.4610e-05
 2.2200e-01  1.1643e-04
 2.2230e-01  9.8151e-05
 2.2260e-01  1.2512e-04
 2.2280e-01  1.2563e-04
 2.2310e-01  1.1551e-04
 2.2330e-01  1.1340e-04
 2.2360e-01  1.0297e-04
 2.2390e-01  9.9258e-05
 2.2410e-01  9.8223e-05
 2.2440e-01  1.0690e-04
 2.2470e-01  1.0978e-04
 2.2500e-01  1.2453e-04
 2.2530e-01  1.3720e-04
 2.2560e-01  1.4574e-04
 2.2590e-01  1.3412e-04
 2.2620e-01  1.1956e-04
 2.2650e-01  1.2253e-04
 2.2680e-01  9.9684e-05
 2.2710e-01  9.9548e-05
 2.2740e-01  1.0753e-04
 2.2770e-01  1.2654e-04
 2.2800e-01  1.1376e-04
 2.2830e-01  1.2605e-04
 2.2860e-01  1.4673e-04
 2.2900e-01  1.6264e-04
 2.2930e-01  1.4940e-04
 2.2960e-01  1.4530e-04
 2.3000e-01  1.3635e-04
 2.3030e-01  1.3054e-04
 2.3060e-01  1.2685e-04
 2.3100e-01  1.2730e-04
 2.3130e-01  1.3463e-04
 2.3170e-01  1.3872e-04
 2.3200e-01  1.3312e-04
 2.3240e-01  1.2843e-04
 2.3270e-01  1.0356e-04
 2.3310e-01  9.7775e-05
 2.3350e-01  9.8795e-05
 2.3380e-01  1.1085e-04
 2.3420e-01  1.2468e-04
 2.3460e-01  1.3759e-04
 2.3500e-01  1.5444e-04
 2.3530e-01  1.4254e-04
 2.3570e-01  1.4396e-04
 2.3610e-01  1.3513e-04
 2.3650e-01  1.5913e-04
 2.3690e-01  1.6192e-04
 2.3730e-01  1.5714e-04
 2.3770e-01  1.3263e-04
 2.3810e-01  1.3053e-04
 2.3850e-01  1.4563e-04
 2.3890e-01  1.5247e-04
 2.3930e-01  1.3110e-04
 2.3980e-01  1.2299e-04
 2.4020e-01  1.2291e-04
 2.4060e-01  1.2671e-04
 2.4100e-01  1.4798e-04
 2.4150e-01  1.4154e-04
 2.4190e-01  1.3329e-04
 2.4230e-01  1.0540e-04
 2.4280e-01  1.1727e-04
 2.4320e-01  1.1008e-04
 2.4370e-01  1.2172e-04
 2.4410e-01  1.4504e-04
 2.4460e-01  1.5521e-04
 2.4500e-01  1.7569e-04
 2.4550e-01  1.6896e-04
 2.4600e-01  1.6859e-04
 2.4640e-01  1.4899e-04
 2.4690e-01  1.6826e-04
 2.4740e-01  1.5682e-04
 2.4780e-01  1.2933e-04
 2.4830e-01  1.4892e-04
 2.4880e-01  1.5017e-04
 2.4930e-01  1.1464e-04
 2.4980e-01  1.0910e-04
 2.5030e-01  1.0651e-04
 2.5080e-01  1.1049e-04
 2.5130e-01  1.3654e-04
 2.5180e-01  1.3946e-04
 2.5230e-01  1.2839e-04
 2.5280e-01  1.2046e-04
 2.5330e-01  1.1577e-04
 2.5380e-01  1.2680e-04
 2.5430e-01  1.4125e-04
 2.5480e-01  1.7105e-04
 2.5540e-01  1.5751e-04
 2.5590e-01  1.5140e-04
 2.5640e-01  1.4846e-04
 2.5700e-01  1.5649e-04
 2.5750e-01  1.2644e-04
 2.5800e-01  1.5058e-04
 2.5860e-01  1.2136e-04
 2.5910e-01  1.3785e-04
 2.5970e-01  1.4598e-04
 2.6020e-01  1.5198e-04
 2.6080e-01  1.5169e-04
 2.6130e-01  1.4898e-04
 2.6190e-01  1.4807e-04
 2.6250e-01  1.6685e-04
 2.6300e-01  1.6588e-04
 2.6360e-01  1.6398e-04
 2.6420e-01  1.3487e-04
 2.6480e-01  1.0878e-04
 2.6530e-01  1.1510e-04
 2.6590e-01  1.1865e-04
 2.6650e-01  1.6112e-04
 2.6710e-01  2.0031e-04
 2.6770e-01  1.7999e-04
 2.6830e-01  1.6797e-04
 2.6890e-01  1.2378e-04
 2.6950e-01  1.1760e-04
 2.7010e-01  1.2886e-04
 2.7070e-01  1.1604e-04
 2.7130e-01  1.5377e-04
 2.7190e-01  1.5711e-04
 2.7260e-01  1.6653e-04
 2.7320e-01  1.6680e-04
 2.7380e-01  1.7407e-04
 2.7440e-01  1.5600e-04
 2.7510e-01  1.4402e-04
 2.7570e-01  1.3858e-04
 2.7630e-01  1.2006e-04
 2.7700e-01  1.1292e-04
 2.7760e-01  1.0330e-04
 2.7830e-01  1.0044e-04
 2.7890e-01  1.4171e-04
 2.7960e-01  1.6243e-04
 2.8020e-01  1.7869e-04
 2.8090e-01  2.1261e-04
 2.8160e-01  2.1040e-04
 2.8220e-01  1.7937e-04
 2.8290e-01  1.5932e-04
 2.8360e-01  1.1007e-04
 2.8420e-01  1.0524e-04
 2.8490e-01  1.1700e-04
 2.8560e-01  1.3086e-04
 2.8630e-01  1.5765e-04
 2.8700e-01  1.8096e-04
 2.8770e-01  2.0216e-04
 2.8830e-01  1.7777e-04
 2.8900e-01  1.8031e-04
 2.8970e-01  1.6083e-04
 2.9040e-01  1.7569e-04
 2.9120e-01  1.3820e-04
 2.9190e-01  1.0315e-04
 2.9260e-01  9.9118e-05
 2.9330e-01  1.0835e-04
 2.9400e-01  1.4232e-04
 2.9470e-01  1.8417e-04
 2.9540e-01  2.0606e-04
 2.9620e-01  1.7000e-04
 2.9690e-01  1.8001e-04
 2.9760e-01  1.4647e-04
 2.9840e-01  1.3512e-04
 2.9910e-01  1.2530e-04
 2.9990e-01  9.9001e-05
 3.0060e-01  1.1790e-04
 3.0140e-01  1.3810e-04
 3.0210e-01  1.7139e-04
 3.0290e-01  1.8309e-04
 3.0360e-01  1.8464e-04
 3.0440e-01  1.8557e-04
 3.0510e-01  1.8560e-04
 3.0590e-01  1.7018e-04
 3.0670e-01  1.6423e-04
 3.0740e-01  1.5292e-04
 3.0820e-01  1.4545e-04
 3.0900e-01  1.5749e-04
 3.0980e-01  1.4080e-04
 3.1060e-01  1.3053e-04
 3.1130e-01  1.4223e-04
 3.1210e-01  1.5909e-04
 3.1290e-01  1.7257e-04
 3.1370e-01  1.5961e-04
 3.1450e-01  1.1851e-04
 3.1530e-01  1.1953e-04
 3.1610e-01  1.0969e-04
 3.1690e-01  1.0152e-04
 3.1780e-01  1.6242e-04
 3.1860e-01  1.8037e-04
 3.1940e-01  1.9294e-04
 3.2020e-01  1.9771e-04
 3.2100e-01  1.9071e-04
 3.2190e-01  1.8910e-04
 3.2270e-01  1.8479e-04
 3.2350e-01  1.7521e-04
 3.2430e-01  1.3968e-04
 3.2520e-01  1.1488e-04
 3.2600e-01  1.0875e-04
 3.2690e-01  1.2172e-04
 3.2770e-01  1.3658e-04
 3.2860e-01  1.6532e-04
 3.2940e-01  1.8955e-04
 3.3030e-01  2.0038e-04
 3.3110e-01  1.7499e-04
 3.3200e-01  1.8075e-04
 3.3280e-01  1.4323e-04
 3.3370e-01  1.3817e-04
 3.3460e-01  1.3597e-04
 3.3550e-01  1.3505e-04
 3.3630e-01  1.3728e-04
 3.3720e-01  1.2965e-04
 3.3810e-01  1.3886e-04
 3.3900e-01  1.6324e-04
 3.3990e-01  1.4200e-04
 3.4080e-01  1.5421e-04
 3.4160e-01  1.5865e-04
 3.4250e-01  1.3258e-04
 3.4340e-01  1.2413e-04
 3.4430e-01  1.3757e-04
 3.4520e-01  1.2997e-04
 3.4620e-01  1.5609e-04
 3.4710e-01  1.6737e-04
 3.4800e-01  1.9140e-04
 3.4890e-01  2.0379e-04
 3.4980e-01  1.7115e-04
 3.5070e-01  1.4968e-04
 3.5170e-01  1.3498e-04
 3.5260e-01  1.3071e-04
 3.5350e-01  1.1860e-04
 3.5440e-01  1.2837e-04
 3.5540e-01  1.7548e-04
 3.5630e-01  2.1077e-04
 3.5730e-01  2.1886e-04
 3.5820e-01  2.3212e-04
 3.5920e-01  2.0336e-04
 3.6010e-01  1.8242e-04
 3.6110e-01  1.6352e-04
 3.6200e-01  1.4982e-04
 3.6300e-01  1.4558e-04
 3.6390e-01  1.3958e-04
 3.6490e-01  1.3872e-04
 3.6590e-01  1.3896e-04
 3.6680e-01  1.7261e-04
 3.6780e-01  1.5926e-04
 3.6880e-01  1.5817e-04
 3.6980e-01  1.4592e-04
 3.7070e-01  1.3250e-04
 3.7170e-01  1.3344e-04
 3.7270e-01  1.3782e-04
 3.7370e-01  1.4780e-04
 3.7470e-01  1.5958e-04
 3.7570e-01  1.5648e-04
 3.7670e-01  1.4845e-04
 3.7770e-01  1.7000e-04
 3.7870e-01  1.4673e-04
 3.7970e-01  1.7536e-04
 3.8070e-01  1.7668e-04
 3.8170e-01  2.1442e-04
 3.8270e-01  1.8306e-04
 3.8380e-01  1.8924e-04
 3.8480e-01  1.8883e-04
 3.8580e-01  1.4341e-04
 3.8680e-01  1.9881e-04
 3.8790e-01  2.0732e-04
 3.8890e-01  1.9771e-04
 3.8990e-01  2.0038e-04
 3.9100e-01  2.2286e-04
 3.9200e-01  1.7985e-04
 3.9310e-01  1.6070e-04
 3.9410e-01  1.5324e-04
 3.9520e-01  1.4341e-04
 3.9620e-01  1.4029e-04
 3.9730e-01  1.4220e-04
 3.9830e-01  1.5844e-04
 3.9940e-01  1.6594e-04
 4.0040e-01  1.8288e-04
 4.0150e-01  1.7569e-04
 4.0260e-01  1.7315e-04
 4.0360e-01  1.4995e-04
 4.0470e-01  1.9698e-04
 4.0580e-01  1.9987e-04
 4.0690e-01  1.4845e-04
 4.0800e-01  1.4764e-04
 4.0900e-01  1.6464e-04
 4.1010e-01  1.5448e-04
 4.1120e-01  1.4590e-04
 4.1230e-01  1.4420e-04
 4.1340e-01  1.5196e-04
 4.1450e-01  1.8201e-04
 4.1560e-01  1.5900e-04
 4.1670e-01  2.0318e-04
 4.1780e-01  1.5074e-04
 4.1890e-01  1.5343e-04
 4.2010e-01  1.6700e-04
 4.2120e-01  1.9377e-04
 4.2230e-01  2.1723e-04
 4.2340e-01  2.3355e-04
 4.2450e-01  2.3932e-04
 4.2570e-01  2.3343e-04
 4.2680e-01  2.2329e-04
 4.2790e-01  2.0492e-04
 4.2910e-01  1.8102e-04
 4.3020e-01  1.5968e-04
 4.3140e-01  1.3054e-04
 4.3250e-01  1.3207e-04
 4.3360e-01  1.8342e-04
 4.3480e-01  1.9673e-04
 4.3600e-01  1.9478e-04
 4.3710e-01  1.9031e-04
 4.3830e-01  2.1067e-04
 4.3940e-01  1.5114e-04
 4.4060e-01  1.3930e-04
 4.4180e-01  1.3393e-04
 4.4290e-01  1.4776e-04
 4.4410e-01  2.2568e-04
 4.4530e-01  2.3702e-04
 4.4650e-01  2.1147e-04
 4.4760e-01  2.1908e-04
 4.4880e-01  2.2029e-04
 4.5000e-01  2.1779e-04
 4.5120e-01  1.6812e-04
 4.5240e-01  1.5660e-04
 4.5360e-01  1.5755e-04
 4.5480e-01  1.7695e-04
 4.5600e-01  1.8133e-04
 4.5720e-01  1.9125e-04
 4.5840e-01  2.0506e-04
 4.5960e-01  2.1145e-04
 4.6080e-01  2.2203e-04
 4.6200e-01  2.1777e-04
 4.6320e-01  1.9837e-04
 4.6450e-01  1.7947e-04
 4.6570e-01  1.5293e-04
 4.6690e-01  1.9544e-04
 4.6810e-01  1.8450e-04
 4.6940e-01  1.8275e-04
 4.7060e-01  1.7338e-04
 4.7180e-01  1.9309e-04
 4.7310e-01  1.8732e-04
 4.7430e-01  2.2905e-04
 4.7560e-01  2.3039e-04
 4.7680e-01  2.5108e-04
 4.7810e-01  2.1193e-04
 4.7930e-01  2.2234e-04
 4.8060e-01  2.0812e-04
 4.8180e-01  1.7250e-04
 4.8310e-01  1.4934e-04
 4.8440e-01  1.3917e-04
 4.8560e-01  1.6313e-04
 4.8690e-01  2.2681e-04
 4.8820e-01  1.7976e-04
 4.8950e-01  1.9547e-04
 4.9070e-01  2.7843e-04
 4.9200e-01  2.6689e-04
 4.9330e-01  2.2230e-04
 4.9460e-01  1.8600e-04
 4.9590e-01  1.4204e-04
 4.9720e-01  1.5405e-04
 4.9850e-01  1.3637e-04
 4.9980e-01  1.4023e-04
 5.0110e-01  1.3420e-04
 5.0240e-01  1.4148e-04
 5.0370e-01  1.5700e-04
 5.0500e-01  2.4042e-04
 5.0630e-01  2.9408e-04
 5.0760e-01  2.8655e-04
 5.0900e-01  2.5103e-04
 5.1030e-01  1.4077e-04
 5.1160e-01  1.1816e-04
 5.1290e-01  1.3245e-04
 5.1430e-01  1.5625e-04
 5.1560e-01  1.7684e-04
 5.1690e-01  2.0616e-04
 5.1830e-01  2.7048e-04
 5.1960e-01  2.7831e-04
 5.2100e-01  1.6651e-04
 5.2230e-01  1.5329e-04
 5.2370e-01  1.3350e-04
 5.3000e-01  1.0000e+05
 5.7270e-01  2.5296e-04
 5.7420e-01  2.2878e-04
 5.7570e-01  2.7201e-04
 5.7710e-01  3.4922e-04
 5.7860e-01  3.3291e-04
 5.8010e-01  2.1023e-04
 5.8150e-01  1.9917e-04
 5.8300e-01  1.6228e-04
 5.8450e-01  1.6001e-04
 5.8590e-01  1.4387e-04
 5.8740e-01  1.6331e-04
 5.8890e-01  2.2091e-04
 5.9040e-01  1.9338e-04
 5.9190e-01  2.8591e-04
 5.9340e-01  2.4485e-04
 5.9490e-01  3.1829e-04
 5.9640e-01  3.5709e-04
 5.9790e-01  3.3955e-04
 5.9940e-01  2.9181e-04
 6.0090e-01  1.3196e-04
 6.0240e-01  1.1523e-04
 6.0390e-01  1.2979e-04
 6.0540e-01  1.3962e-04
 6.0700e-01  2.2347e-04
 6.0850e-01  2.5558e-04
 6.1000e-01  3.1243e-04
 6.1150e-01  3.7305e-04
 6.1310e-01  4.9617e-04
 6.1460e-01  3.8574e-04
 6.1610e-01  2.7189e-04
 6.1770e-01  1.9494e-04
 6.1920e-01  1.1453e-04
 6.2080e-01  9.9404e-05
 6.2230e-01  1.0498e-04
 6.2390e-01  1.6753e-04
 6.2540e-01  2.9352e-04
 6.2700e-01  4.2054e-04
 6.2850e-01  4.4234e-04
 6.3010e-01  4.9262e-04
 6.3170e-01  2.7060e-04
 6.3320e-01  1.8872e-04
 6.3480e-01  1.6267e-04
 6.3640e-01  1.4602e-04
 6.3800e-01  2.2774e-04
 6.3960e-01  2.8190e-04
 6.4110e-01  3.1029e-04
 6.4270e-01  3.4345e-04
 6.4430e-01  3.5906e-04
 6.4590e-01  1.8681e-04
 6.4750e-01  2.4104e-04
 6.4910e-01  2.0261e-04
 6.5070e-01  2.2549e-04
 6.5230e-01  4.6099e-04
 6.5390e-01  3.7390e-04
 6.5560e-01  2.8639e-04
 6.5720e-01  3.2050e-04
 6.5880e-01  2.8153e-04
 6.6040e-01  2.4277e-04
 6.6200e-01  1.9804e-04
 6.6370e-01  2.2030e-04
 6.6530e-01  3.0139e-04
 6.6690e-01  2.2533e-04
 6.6860e-01  2.5288e-04
 6.7020e-01  3.0941e-04
 6.7190e-01  3.9366e-04
 6.7350e-01  4.1607e-04
 6.7520e-01  4.1149e-04
 6.7680e-01  3.1381e-04
 6.7850e-01  4.3213e-04
 6.8010e-01  2.4655e-04
 6.8180e-01  4.2280e-04
 6.8350e-01  3.2164e-04
 6.8510e-01  4.8402e-04
 6.8680e-01  4.5484e-04
 6.8850e-01  4.0184e-04
 6.9010e-01  2.6651e-04
 6.9180e-01  2.1119e-04
 6.9350e-01  2.4629e-04
 6.9520e-01  2.3109e-04
 6.9690e-01  2.7860e-04
 6.9860e-01  2.7965e-04
 7.0030e-01  2.6759e-04
 7.0200e-01  2.4658e-04
 7.0370e-01  3.0096e-04
 7.0540e-01  3.5931e-04
 7.0710e-01  3.5740e-04
 7.0880e-01  4.3978e-04
 7.1050e-01  3.1188e-04
 7.1230e-01  3.7391e-04
 7.1400e-01  5.2774e-04
 7.1570e-01  5.1676e-04
 7.1740e-01  6.2523e-04
 7.1920e-01  3.9920e-04
 7.2090e-01  6.5646e-04
 7.2260e-01  4.9305e-04
 7.2440e-01  3.6457e-04
 7.2610e-01  3.1697e-04
 7.2790e-01  3.3550e-04
 7.2960e-01  4.1241e-04
 7.3140e-01  3.6160e-04
 7.3310e-01  5.9240e-04
 7.3490e-01  8.4717e-04
 7.3670e-01  8.5376e-04
 7.3840e-01  8.0870e-04
 7.4020e-01  7.8553e-04
 7.5000e-01  1.0000e+05
 8.2750e-01  7.1253e-04
 8.2940e-01  1.6949e-03
 8.3140e-01  1.4903e-03
 8.3330e-01  1.3187e-03
 8.3530e-01  9.4339e-04
 8.3720e-01  6.1531e-04
 8.3920e-01  5.8209e-04
 8.4110e-01  6.2864e-04
 8.4310e-01  5.4919e-04
 8.4500e-01  6.1184e-04
 8.4700e-01  1.4062e-03
 8.4890e-01  1.5868e-03
 8.5090e-01  1.6327e-03
 8.5290e-01  1.3433e-03
 8.5490e-01  9.8559e-04
 8.5680e-01  1.0337e-03
 8.5880e-01  1.2257e-03
 8.6080e-01  1.0818e-03
 8.6280e-01  1.1388e-03
 8.6480e-01  8.4687e-04
 8.6680e-01  1.2961e-03
 8.6880e-01  1.3300e-03
 8.7080e-01  1.5242e-03
 8.7280e-01  1.2895e-03
 8.7480e-01  9.8139e-04
 8.7680e-01  1.1897e-03
 8.7890e-01  6.9053e-04
 8.8090e-01  1.2225e-03
 8.8290e-01  8.6096e-04
 8.8490e-01  8.6201e-04
 8.8700e-01  9.0502e-04
 8.8900e-01  1.1969e-03
 8.9100e-01  1.0950e-03
 8.9310e-01  1.2431e-03
 8.9510e-01  1.3285e-03
 8.9720e-01  8.4666e-04
 8.9920e-01  8.9772e-04
 9.0130e-01  1.1685e-03
 9.0330e-01  6.9204e-04
 9.0540e-01  1.4169e-03
 9.0750e-01  1.8389e-03
 9.0960e-01  2.1963e-03
 9.1160e-01  1.5027e-03
 9.1370e-01  1.3078e-03
 9.1580e-01  7.3192e-04
 9.1790e-01  5.4916e-04
 9.2000e-01  1.5423e-03
 9.2210e-01  2.1435e-03
 9.2420e-01  2.3654e-03
 9.2630e-01  1.5786e-03
 9.2840e-01  1.6361e-03
 9.3050e-01  6.8707e-04
 9.3260e-01  4.5489e-04
 9.3470e-01  1.5135e-03
 9.3680e-01  1.4574e-03
 9.3890e-01  5.6284e-04
 9.4110e-01  1.4822e-03
 9.4320e-01  2.4708e-03
 9.4530e-01  2.8422e-03
 9.4750e-01  2.6059e-03
 9.4960e-01  2.2377e-03
 9.5180e-01  1.3172e-03
 9.5390e-01  8.0824e-04
 9.5610e-01  1.9811e-03
 9.5820e-01  2.1618e-03
 9.6000e-01  1.0000e+05
 1.1620e+00  2.9062e-03
 1.1650e+00  2.9829e-03
 1.1670e+00  3.2157e-03
 1.1700e+00  3.0315e-03
 1.1720e+00  2.9422e-03
 1.1750e+00  3.3068e-03
 1.1780e+00  3.9187e-03
 1.1800e+00  3.6436e-03
 1.1830e+00  3.0384e-03
 1.1850e+00  2.0735e-03
 1.1880e+00  2.0970e-03
 1.1900e+00  3.4315e-03
 1.1930e+00  3.5463e-03
 1.1950e+00  3.8944e-03
 1.1980e+00  3.9433e-03
 1.2000e+00  3.7733e-03
 1.2030e+00  3.2245e-03
 1.2060e+00  2.6061e-03
 1.2080e+00  2.2042e-03
 1.2110e+00  2.1738e-03
 1.2130e+00  2.9344e-03
 1.2160e+00  2.1845e-03
 1.2190e+00  2.0718e-03
 1.2210e+00  2.1681e-03
 1.2240e+00  2.8031e-03
 1.2260e+00  3.3057e-03
 1.2290e+00  2.9491e-03
 1.2320e+00  3.4929e-03
 1.2340e+00  2.5564e-03
 1.2370e+00  3.9722e-03
 1.2400e+00  3.5827e-03
 1.2420e+00  3.6950e-03
 1.2450e+00  3.9340e-03
 1.2470e+00  4.0637e-03
 1.2500e+00  4.2166e-03
 1.2530e+00  4.3279e-03
 1.2550e+00  4.2505e-03
 1.2580e+00  4.1107e-03
 1.2610e+00  4.1258e-03
 1.2630e+00  2.8745e-03
 1.2660e+00  2.4531e-03
 1.2690e+00  2.1578e-03
 1.2710e+00  1.8906e-03
 1.2740e+00  1.6453e-03
 1.2770e+00  2.1652e-03
 1.2800e+00  2.9758e-03
 1.2820e+00  3.5836e-03
 1.2850e+00  4.1172e-03
 1.2880e+00  4.5804e-03
 1.2900e+00  4.1938e-03
 1.2930e+00  3.7948e-03
 1.2960e+00  2.7293e-03
 1.2990e+00  1.8722e-03
 1.3010e+00  2.1274e-03
 1.3040e+00  4.2936e-03
 1.3070e+00  4.0390e-03
 1.3100e+00  3.6650e-03
 1.3120e+00  3.4734e-03
 1.3150e+00  3.9297e-03
 1.3180e+00  2.1553e-03
 1.3210e+00  2.0999e-03
 1.3230e+00  1.9667e-03
 1.3260e+00  1.5715e-03
 1.3290e+00  1.7930e-03
 1.3320e+00  2.0674e-03
 1.3350e+00  2.1323e-03
 1.3370e+00  2.3998e-03
 1.3400e+00  2.5925e-03
 1.3430e+00  2.9446e-03
 1.3460e+00  2.4930e-03
 1.3490e+00  3.6959e-03
 1.3510e+00  4.6181e-03
 1.3540e+00  3.1296e-03
 1.3570e+00  2.8483e-03
 1.3600e+00  2.8700e-03
 1.3630e+00  3.7404e-03
 1.3660e+00  3.0330e-03
 1.3680e+00  2.9168e-03
 1.3710e+00  4.2313e-03
 1.3740e+00  3.7530e-03
 1.3770e+00  4.7328e-03
 1.3800e+00  4.7988e-03
 1.3830e+00  1.8700e-03
 1.3860e+00  1.9550e-03
 1.3890e+00  1.9921e-03
 1.3910e+00  2.5625e-03
 1.3940e+00  2.8911e-03
 1.3970e+00  3.8970e-03
 1.4000e+00  4.3363e-03
 1.4030e+00  4.7136e-03
 1.4060e+00  4.7212e-03
 1.4090e+00  4.7463e-03
 1.4120e+00  3.0188e-03
 1.4150e+00  2.3963e-03
 1.4180e+00  2.5157e-03
 1.4210e+00  1.9858e-03
 1.4230e+00  3.3617e-03
 1.4260e+00  2.2036e-03
 1.4290e+00  2.9865e-03
 1.4320e+00  2.9258e-03
 1.4350e+00  3.3040e-03
 1.4380e+00  3.2061e-03
 1.4410e+00  2.8297e-03
 1.4440e+00  2.9295e-03
 1.4470e+00  2.6324e-03
 1.4500e+00  2.8643e-03
 1.4530e+00  3.7121e-03
 1.4560e+00  3.9389e-03
 1.4590e+00  4.7106e-03
 1.4620e+00  5.2370e-03
 1.4650e+00  4.9720e-03
 1.4680e+00  5.2295e-03
 1.4710e+00  3.7037e-03
 1.4740e+00  3.3380e-03
 1.4770e+00  3.8657e-03
 1.4800e+00  3.3641e-03
 1.4830e+00  3.8867e-03
 1.4860e+00  3.6866e-03
 1.4890e+00  2.7156e-03
 1.4920e+00  3.0393e-03
 1.4960e+00  3.2770e-03
 1.4990e+00  4.2806e-03
 1.5020e+00  4.3779e-03
 1.5050e+00  4.2389e-03
 1.5080e+00  4.1263e-03
 1.5110e+00  4.5322e-03
 1.5140e+00  4.1662e-03
 1.5170e+00  3.2895e-03
 1.5200e+00  2.4744e-03
 1.5230e+00  2.3825e-03
 1.5260e+00  2.4714e-03
 1.5300e+00  2.5392e-03
 1.5330e+00  2.8749e-03
 1.5360e+00  2.8566e-03
 1.5390e+00  3.5622e-03
 1.5420e+00  5.1482e-03
 1.5450e+00  5.7590e-03
 1.5480e+00  4.8040e-03
 1.5510e+00  5.0244e-03
 1.5550e+00  3.7805e-03
 1.5580e+00  3.9203e-03
 1.5610e+00  4.8878e-03
 1.5640e+00  4.7515e-03
 1.5670e+00  4.6506e-03
 1.5700e+00  3.9657e-03
 1.5740e+00  3.5506e-03
 1.5770e+00  3.0056e-03
 1.5800e+00  2.7771e-03
 1.5830e+00  3.0665e-03
 1.5860e+00  5.2223e-03
 1.5900e+00  3.0730e-03
 1.5930e+00  3.7442e-03
 1.5960e+00  5.8493e-03
 1.5990e+00  6.1342e-03
 1.6030e+00  6.7061e-03
 1.6060e+00  4.9800e-03
 1.6090e+00  4.3520e-03
 1.6120e+00  4.4388e-03
 1.6160e+00  4.5596e-03
 1.6190e+00  4.8070e-03
 1.6220e+00  5.2925e-03
 1.6250e+00  3.5531e-03
 1.6290e+00  4.7059e-03
 1.6320e+00  4.5624e-03
 1.6350e+00  5.0186e-03
 1.6390e+00  4.2033e-03
 1.6420e+00  3.8892e-03
 1.6450e+00  3.5867e-03
 1.6480e+00  3.4641e-03
 1.6520e+00  3.1243e-03
 1.6550e+00  3.0223e-03
 1.6580e+00  3.6425e-03
 1.6620e+00  4.4202e-03
 1.6650e+00  3.4602e-03
 1.6680e+00  7.6083e-03
 1.6720e+00  5.5718e-03
 1.6750e+00  6.8450e-03
 1.6790e+00  6.2581e-03
 1.6820e+00  4.7474e-03
 1.6850e+00  5.2356e-03
 1.6890e+00  4.5254e-03
 1.6920e+00  3.3241e-03
 1.6950e+00  2.7007e-03
 1.6990e+00  4.7764e-03
 1.7020e+00  4.0737e-03
 1.7060e+00  3.4751e-03
 1.7090e+00  3.2671e-03
 1.7120e+00  2.8972e-03
 1.7160e+00  3.9430e-03
 1.7190e+00  4.5150e-03
 1.7230e+00  3.8161e-03
 1.7260e+00  4.2563e-03
 1.7300e+00  5.4567e-03
 1.7330e+00  5.6084e-03
 1.7370e+00  6.5646e-03
 1.7400e+00  6.4421e-03
 1.7430e+00  2.6356e-03
 1.7470e+00  1.9988e-03
 1.7500e+00  1.8553e-03
 1.7540e+00  2.0779e-03
 1.7570e+00  6.3536e-03
 1.7610e+00  6.6551e-03
 1.7640e+00  6.7360e-03
 1.7680e+00  7.0311e-03
 1.7710e+00  5.8895e-03
 1.7750e+00  4.9374e-03
 1.7780e+00  3.0834e-03
 1.7820e+00  2.5457e-03
 1.7860e+00  2.7394e-03
 1.7890e+00  2.8221e-03
 1.7930e+00  3.1550e-03
 1.7960e+00  4.4686e-03
 1.8000e+00  3.9206e-03
 1.8030e+00  4.0880e-03
 1.8070e+00  4.2726e-03
 1.8100e+00  3.3162e-03
 1.8140e+00  2.6914e-03
 1.8180e+00  2.4525e-03
 1.8210e+00  2.9475e-03
 1.8250e+00  4.2473e-03
 1.8280e+00  5.7494e-03
 1.8320e+00  5.8288e-03
 1.8360e+00  4.8622e-03
 1.8390e+00  4.2510e-03
 1.8430e+00  3.2144e-03
 1.8470e+00  3.2841e-03
 1.8500e+00  4.1577e-03
 1.8540e+00  4.8901e-03
 1.8570e+00  5.1461e-03
 1.8610e+00  4.0593e-03
 1.8650e+00  3.7250e-03
 1.8680e+00  4.2806e-03
 1.8720e+00  4.4765e-03
 1.8760e+00  4.2797e-03
 1.8800e+00  4.4950e-03
 1.8830e+00  3.9585e-03
 1.8870e+00  3.6806e-03
 1.8910e+00  3.0698e-03
 1.8940e+00  3.6252e-03
 1.8980e+00  2.8071e-03
 1.9020e+00  5.2441e-03
 1.9060e+00  5.8257e-03
 1.9090e+00  5.7713e-03
 1.9130e+00  6.1092e-03
 1.9170e+00  5.5620e-03
 1.9210e+00  5.8188e-03
 1.9240e+00  5.8965e-03
 1.9280e+00  5.6285e-03
 1.9320e+00  5.5724e-03
 1.9360e+00  5.1555e-03
 1.9390e+00  5.5219e-03
 1.9430e+00  4.0092e-03
 1.9470e+00  3.6782e-03
 1.9510e+00  4.2118e-03
 1.9550e+00  4.4274e-03
 1.9580e+00  4.4822e-03
 1.9620e+00  4.6315e-03
 1.9660e+00  5.2153e-03
 1.9700e+00  4.3111e-03
 1.9740e+00  4.2287e-03
 1.9780e+00  4.7816e-03
 1.9820e+00  4.3170e-03
 1.9850e+00  3.8018e-03
 1.9890e+00  2.8136e-03
 1.9930e+00  4.5079e-03
 1.9970e+00  3.3275e-03
 2.0010e+00  4.4410e-03
 2.0050e+00  4.3508e-03
 2.0090e+00  4.0706e-03
 2.0130e+00  3.1959e-03
 2.0170e+00  3.2287e-03
 2.0200e+00  4.1001e-03
 2.0240e+00  5.8484e-03
 2.0280e+00  4.0163e-03
 2.0320e+00  5.3280e-03
 2.0360e+00  5.1143e-03
 2.0400e+00  4.5917e-03
 2.0440e+00  3.4162e-03
 2.0480e+00  3.0706e-03
 2.0520e+00  4.0681e-03
 2.0560e+00  4.4904e-03
 2.0600e+00  5.0562e-03
 2.0640e+00  5.2424e-03
 2.0680e+00  4.2202e-03
 2.0720e+00  4.7258e-03
 2.0760e+00  3.5810e-03
 2.0800e+00  3.5076e-03
 2.0840e+00  4.1895e-03
 2.0880e+00  3.3707e-03
 2.0920e+00  5.3372e-03
 2.0960e+00  2.6612e-03
 2.1000e+00  3.5766e-03
 2.1040e+00  3.5829e-03
 2.1080e+00  3.2516e-03
 2.1120e+00  4.9368e-03
 2.1170e+00  4.0415e-03
 2.1210e+00  6.0634e-03
 2.1250e+00  6.3097e-03
 2.1290e+00  6.1863e-03
 2.1330e+00  5.7736e-03
 2.1370e+00  3.9277e-03
 2.1410e+00  4.1968e-03
 2.1450e+00  4.0502e-03
 2.1490e+00  4.6120e-03
 2.1540e+00  5.4997e-03
 2.1580e+00  7.0821e-03
 2.1620e+00  4.9575e-03
 2.1660e+00  2.6664e-03
 2.1700e+00  2.7736e-03
 2.1740e+00  2.7186e-03
 2.1780e+00  3.2422e-03
 2.1830e+00  3.7763e-03
 2.1870e+00  5.8171e-03
 2.1910e+00  6.6015e-03
 2.1950e+00  6.8304e-03
 2.1990e+00  6.6210e-03
 2.2040e+00  6.1885e-03
 2.2080e+00  5.6499e-03
 2.2120e+00  3.1310e-03
 2.2160e+00  3.9912e-03
 2.2210e+00  4.0044e-03
 2.2250e+00  3.4560e-03
 2.2290e+00  3.5057e-03
 2.2330e+00  3.6653e-03
 2.2380e+00  3.8444e-03
 2.2420e+00  3.9407e-03
 2.2460e+00  3.4855e-03
 2.2510e+00  3.3723e-03
 2.2550e+00  4.9306e-03
 2.2590e+00  5.1828e-03
 2.2640e+00  5.4717e-03
 2.2680e+00  5.0398e-03
 2.2720e+00  4.9496e-03
 2.2770e+00  6.0593e-03
 2.2810e+00  4.1655e-03
 2.2850e+00  3.8331e-03
 2.2900e+00  5.9755e-03
 2.2940e+00  5.5167e-03
 2.2980e+00  5.3109e-03
 2.3030e+00  4.7594e-03
 2.3070e+00  3.4938e-03
 2.3110e+00  3.0768e-03
 2.3160e+00  3.2127e-03
 2.3200e+00  3.0257e-03
 2.3250e+00  3.2146e-03
 2.3290e+00  2.9856e-03
 2.3340e+00  3.3406e-03
 2.3380e+00  5.6316e-03
 2.3420e+00  4.0078e-03
 2.3470e+00  5.0769e-03
 2.3510e+00  4.9172e-03
 2.3560e+00  3.4431e-03
 2.3600e+00  2.7440e-03
 2.3650e+00  5.0064e-03
 2.3690e+00  3.8146e-03
 2.3740e+00  4.8998e-03
 2.3780e+00  5.4842e-03
 2.3830e+00  5.6699e-03
 2.3870e+00  5.6033e-03
 2.3920e+00  5.4109e-03
 2.3960e+00  5.4204e-03
 2.4010e+00  4.3385e-03
 2.4050e+00  5.3110e-03
 2.4100e+00  7.1561e-03
 2.4150e+00  4.6535e-03
 2.4190e+00  4.1686e-03
 2.4240e+00  3.2938e-03
 2.4280e+00  3.2935e-03
 2.4330e+00  4.2384e-03
 2.4380e+00  3.4980e-03
 2.4420e+00  6.3290e-03
 2.4470e+00  7.6594e-03
 2.4510e+00  5.1604e-03
 2.4560e+00  4.5996e-03
 2.4610e+00  3.9123e-03
 2.4650e+00  4.9611e-03
 2.4700e+00  3.4179e-03
 2.4750e+00  4.1213e-03
 2.4790e+00  4.4931e-03
 2.4840e+00  4.9340e-03
 2.4890e+00  4.3369e-03
 2.4930e+00  4.5524e-03
 2.4980e+00  4.3366e-03
 2.5030e+00  4.7481e-03
 2.5070e+00  4.7411e-03
 2.5120e+00  6.2011e-03
 2.5170e+00  6.5757e-03
 2.5220e+00  6.5423e-03
 2.5260e+00  6.3434e-03
 2.5310e+00  5.5242e-03
 2.5360e+00  4.6745e-03
 2.5410e+00  4.8801e-03
 2.5450e+00  3.4835e-03
 2.5500e+00  4.0439e-03
 2.5550e+00  3.2837e-03
 2.5600e+00  4.8996e-03
 2.5650e+00  4.1863e-03
 2.5690e+00  4.2657e-03
 2.5740e+00  4.9989e-03
 2.5790e+00  6.0038e-03
 2.5840e+00  6.3852e-03
 2.5890e+00  5.2474e-03
 2.5940e+00  3.3633e-03
 2.5980e+00  3.5424e-03
 2.6030e+00  5.7910e-03
 2.6080e+00  5.0547e-03
 2.6130e+00  5.9703e-03
 2.6180e+00  4.8857e-03
 2.6230e+00  5.7080e-03
 2.6280e+00  3.0541e-03
 2.6330e+00  3.2595e-03
 2.6380e+00  5.7044e-03
 2.6430e+00  3.4258e-03
 2.6480e+00  3.8305e-03
 2.6520e+00  3.8668e-03
 2.6570e+00  5.5980e-03
 2.6620e+00  6.1551e-03
 2.6670e+00  7.0967e-03
 2.6720e+00  7.1591e-03
 2.6770e+00  7.2156e-03
 2.6820e+00  6.0384e-03
 2.6870e+00  6.4759e-03
 2.6920e+00  5.9555e-03
 2.6970e+00  4.2939e-03
 2.9000e+00  1.0000e+05
 3.3000e+00  4.7184e-03
 3.3070e+00  4.9108e-03
 3.3140e+00  7.0442e-03
 3.3210e+00  7.1403e-03
 3.3290e+00  6.7187e-03
 3.3360e+00  5.1593e-03
 3.3440e+00  4.4790e-03
 3.3510e+00  4.3495e-03
 3.3580e+00  4.5816e-03
 3.3660e+00  5.7261e-03
 3.3730e+00  4.9396e-03
 3.3810e+00  4.4618e-03
 3.3880e+00  4.2295e-03
 3.3950e+00  5.7458e-03
 3.4030e+00  7.6203e-03
 3.4100e+00  7.2221e-03
 3.4180e+00  7.1786e-03
 3.4250e+00  7.0061e-03
 3.4330e+00  7.5731e-03
 3.4400e+00  4.7468e-03
 3.4480e+00  3.5724e-03
 3.4560e+00  3.1123e-03
 3.4630e+00  3.0395e-03
 3.4710e+00  6.5141e-03
 3.4780e+00  6.8256e-03
 3.4860e+00  6.4911e-03
 3.4940e+00  7.2905e-03
 3.5010e+00  7.6949e-03
 3.5090e+00  7.8506e-03
 3.5170e+00  7.4558e-03
 3.5240e+00  6.9747e-03
 3.5320e+00  8.5862e-03
 3.6000e+00  1.0000e+05
 3.9340e+00  8.3766e-03
 3.9430e+00  5.7296e-03
 3.9510e+00  5.2132e-03
 3.9600e+00  4.7874e-03
 3.9680e+00  6.5133e-03
 3.9770e+00  5.0812e-03
 3.9850e+00  4.0016e-03
 3.9940e+00  4.2385e-03
 4.0030e+00  5.1198e-03
 4.0110e+00  9.1594e-03
 4.0200e+00  7.2504e-03
 4.0280e+00  7.8618e-03
 4.0370e+00  9.6697e-03
 4.0460e+00  1.0917e-02
 4.0540e+00  9.0007e-03
 4.0630e+00  7.7550e-03
 4.0720e+00  8.2209e-03
 4.0800e+00  6.5635e-03
 4.0890e+00  5.8784e-03
 4.0980e+00  5.7454e-03
 4.1060e+00  5.7064e-03
 4.1150e+00  7.5762e-03
 4.1240e+00  1.0874e-02
 4.1330e+00  8.2425e-03
 4.1420e+00  3.5186e-03
 4.1510e+00  3.0636e-03
 4.1590e+00  3.0519e-03
 4.1680e+00  3.0778e-03
 4.1770e+00  3.1664e-03
 4.1860e+00  5.9831e-03
 4.1950e+00  7.5156e-03
 4.2040e+00  6.3657e-03
 4.2130e+00  6.3926e-03
 4.2220e+00  6.4657e-03
 4.2310e+00  5.5096e-03
 4.2400e+00  5.3316e-03
 4.2490e+00  7.5929e-03
 4.2580e+00  5.1457e-03
 4.2670e+00  5.7012e-03
 4.2760e+00  5.2743e-03
 4.2850e+00  5.3786e-03
 4.2940e+00  5.5705e-03
 4.3030e+00  5.8580e-03
 4.3120e+00  6.5930e-03
 4.3220e+00  7.4293e-03
 4.3310e+00  6.8072e-03
 4.3400e+00  6.5769e-03
 4.3490e+00  3.7902e-03
 4.3580e+00  3.1971e-03
 4.3680e+00  3.7115e-03
 4.3770e+00  5.3569e-03
 4.3860e+00  5.1078e-03
 4.3950e+00  4.9184e-03
 4.4050e+00  6.8416e-03
 4.4140e+00  7.4172e-03
 4.4230e+00  7.3601e-03
 4.4330e+00  7.6653e-03
 4.4420e+00  7.5903e-03
 4.4520e+00  8.3970e-03
 4.4610e+00  7.4025e-03
 4.4700e+00  7.7171e-03
 4.4800e+00  5.1345e-03
 4.4890e+00  4.7288e-03
 4.4990e+00  4.4091e-03
 4.5080e+00  6.4905e-03
 4.5180e+00  6.1806e-03
 4.5270e+00  6.8168e-03
 4.5370e+00  5.7462e-03
 4.5470e+00  7.5511e-03
 4.5560e+00  6.5760e-03
 4.5660e+00  6.9497e-03
 4.5750e+00  7.2392e-03
 4.5850e+00  4.9825e-03
 4.5950e+00  4.1689e-03
 4.6040e+00  2.9382e-03
 4.6140e+00  2.9461e-03
 4.6240e+00  4.1767e-03
 4.6340e+00  4.2971e-03
 4.6430e+00  5.5165e-03
 4.6530e+00  5.6300e-03
 4.6630e+00  5.7903e-03
 4.6730e+00  6.1969e-03
 4.6830e+00  6.3110e-03
 4.6920e+00  6.4366e-03
 4.7020e+00  5.4394e-03
 4.7120e+00  3.7718e-03
 4.7220e+00  5.1107e-03
 4.7320e+00  5.4100e-03
 4.7420e+00  6.8626e-03
 4.7520e+00  7.5506e-03
 4.7620e+00  8.4256e-03
 4.7720e+00  8.6478e-03
 4.7820e+00  9.0415e-03
 4.7920e+00  7.5813e-03
 4.8020e+00  3.5501e-03
 4.8120e+00  3.0799e-03
 4.8220e+00  3.1794e-03
 4.8330e+00  4.1226e-03
 4.8430e+00  5.1740e-03
 4.8530e+00  8.8113e-03
 4.8630e+00  7.6616e-03
 4.8730e+00  7.3338e-03
 4.8830e+00  7.1880e-03
 4.8940e+00  6.1492e-03
 4.9040e+00  5.7108e-03
 4.9140e+00  4.1143e-03
 4.9250e+00  4.2126e-03
 4.9350e+00  4.0338e-03
 4.9450e+00  3.8454e-03
 4.9560e+00  4.2891e-03
 4.9660e+00  5.0096e-03
 4.9760e+00  5.0952e-03
 4.9870e+00  4.1187e-03
 4.9970e+00  4.0659e-03
 5.0080e+00  3.4407e-03
 5.0180e+00  3.9885e-03
 5.0290e+00  4.8078e-03
 5.0390e+00  4.4747e-03
 5.0500e+00  5.8167e-03
 5.0600e+00  7.0580e-03
 5.0710e+00  6.1858e-03
 5.0820e+00  4.3261e-03
 5.0920e+00  3.5960e-03
 5.1030e+00  5.3540e-03
 5.1140e+00  4.6455e-03
 5.1240e+00  4.3038e-03
 5.1350e+00  4.5712e-03
 5.1460e+00  7.0115e-03
 5.1570e+00  5.8913e-03
 5.1670e+00  6.7772e-03
 5.1780e+00  6.6358e-03
 5.1890e+00  4.8779e-03
 5.2000e+00  5.5821e-03
 5.2110e+00  5.5791e-03
 5.2220e+00  5.8463e-03
 5.2320e+00  6.3234e-03
 5.2430e+00  6.5351e-03
 5.2540e+00  6.7131e-03
 5.2650e+00  6.4055e-03
 5.2760e+00  6.1589e-03
 5.2870e+00  4.8453e-03
 5.2980e+00  5.3709e-03
 5.3090e+00  5.0568e-03
 5.3210e+00  5.6997e-03
 5.3320e+00  4.3522e-03
 5.3430e+00  4.0905e-03
 5.3540e+00  4.2597e-03
 5.3650e+00  4.5854e-03
 5.3760e+00  5.6926e-03
 5.3880e+00  6.2088e-03
 5.3990e+00  5.9654e-03
 5.4100e+00  5.8364e-03
 5.4210e+00  3.2531e-03
 5.4330e+00  3.6745e-03
 5.4440e+00  7.0564e-03
 5.4550e+00  7.0343e-03
 5.4670e+00  6.3951e-03
 5.4780e+00  5.6476e-03
 5.4900e+00  4.5558e-03
 5.5010e+00  3.5569e-03
 5.5120e+00  3.3076e-03
 5.5240e+00  3.9129e-03
 5.5350e+00  3.7900e-03
 5.5470e+00  4.2109e-03
 5.5590e+00  4.8653e-03
 5.5700e+00  5.1114e-03
 5.5820e+00  4.9359e-03
 5.5930e+00  5.5568e-03
 5.6050e+00  5.6425e-03
 5.6170e+00  5.5284e-03
 5.6280e+00  6.6257e-03
 5.6400e+00  6.4932e-03
 5.6520e+00  6.7939e-03
 5.6640e+00  5.8723e-03
 5.6750e+00  7.0796e-03
 5.6870e+00  4.9991e-03
 5.6990e+00  7.1626e-03
 5.7110e+00  4.4521e-03
 5.7230e+00  7.1708e-03
 5.7350e+00  7.2940e-03
 5.7470e+00  6.9127e-03
 5.7590e+00  8.3774e-03
 5.7710e+00  6.5836e-03
 5.7830e+00  6.4819e-03
 5.7950e+00  4.5709e-03
 5.8070e+00  5.6309e-03
 5.8190e+00  5.5506e-03
 5.8310e+00  5.1356e-03
 5.8430e+00  5.0498e-03
 5.8550e+00  5.4151e-03
 5.8670e+00  4.8836e-03
 5.8800e+00  4.3397e-03
 5.8920e+00  3.3018e-03
 5.9040e+00  3.7499e-03
 5.9160e+00  3.8726e-03
 5.9290e+00  3.6884e-03
 5.9410e+00  3.4794e-03
 5.9530e+00  3.2673e-03
 5.9660e+00  3.6298e-03
 5.9780e+00  6.5530e-03
 5.9910e+00  7.0347e-03
 6.0030e+00  6.1285e-03
 6.0150e+00  5.5423e-03
 6.0280e+00  4.8575e-03
 6.0410e+00  4.8633e-03
 6.0530e+00  5.0416e-03
 6.0660e+00  4.1142e-03
 6.0780e+00  5.8763e-03
 6.0910e+00  3.5457e-03
 6.1040e+00  3.6994e-03
 6.1160e+00  4.8168e-03
 6.1290e+00  5.8357e-03
 6.1420e+00  8.3811e-03
 6.1540e+00  8.5802e-03
 6.1670e+00  8.3464e-03
 6.1800e+00  5.4023e-03
 6.1930e+00  5.9857e-03
 6.2060e+00  5.3103e-03
 6.2190e+00  3.2105e-03
 6.2320e+00  5.8591e-03
 6.2450e+00  5.5555e-03
 6.2580e+00  3.5880e-03
 6.2710e+00  4.4133e-03
 6.2840e+00  4.7113e-03
 6.2970e+00  6.2826e-03
 6.3100e+00  5.8157e-03
 6.3230e+00  5.8461e-03
 6.3360e+00  4.8705e-03
 6.3490e+00  4.1184e-03
 6.3620e+00  4.9160e-03
 6.3760e+00  5.1920e-03
 6.3890e+00  6.3122e-03
 6.4020e+00  2.6786e-03
 6.4150e+00  2.6008e-03
 6.4290e+00  3.9612e-03
 6.4420e+00  4.7500e-03
 6.4560e+00  5.5138e-03
 6.4690e+00  6.2716e-03
 6.4820e+00  8.0754e-03
 6.4960e+00  8.2660e-03
 6.5090e+00  6.4094e-03
 6.5230e+00  5.8507e-03
 6.5360e+00  4.1386e-03
 6.5500e+00  3.5098e-03
 6.5640e+00  3.0741e-03
 6.5770e+00  3.7213e-03
 6.5910e+00  4.1383e-03
 6.6050e+00  3.3835e-03
 6.6180e+00  7.2550e-03
 6.6320e+00  5.9297e-03
 6.6460e+00  5.9663e-03
 6.6600e+00  4.0029e-03
 6.6740e+00  3.5367e-03
 6.6870e+00  3.1257e-03
 6.7010e+00  3.2237e-03
 6.7150e+00  3.0184e-03
 6.7290e+00  5.1438e-03
 6.7430e+00  5.6223e-03
 6.7570e+00  3.8615e-03
 6.7710e+00  3.8644e-03
 6.7850e+00  3.1990e-03
 6.8000e+00  3.0330e-03
 6.8140e+00  2.8639e-03
 6.8280e+00  4.7565e-03
 6.8420e+00  5.8240e-03
 6.8560e+00  6.4220e-03
 6.8710e+00  6.5015e-03
 6.8850e+00  7.0010e-03
 6.8990e+00  6.8596e-03
 6.9130e+00  6.0412e-03
 6.9280e+00  5.3849e-03
 6.9420e+00  3.4590e-03
 6.9570e+00  3.8054e-03
 6.9710e+00  5.5382e-03
 6.9860e+00  6.5103e-03
 7.0000e+00  8.3774e-03
 7.0150e+00  7.6563e-03
 7.0290e+00  4.1825e-03
 7.0440e+00  3.4680e-03
 7.0590e+00  3.4739e-03
 7.0730e+00  2.6046e-03
 7.0880e+00  2.6866e-03
 7.1030e+00  4.2037e-03
 7.1180e+00  7.3616e-03
 7.1320e+00  8.6643e-03
 7.1470e+00  9.4151e-03
 7.1620e+00  6.2546e-03
 7.1770e+00  3.6944e-03
 7.1920e+00  3.7648e-03
 7.2070e+00  2.2944e-03
 7.2220e+00  4.9019e-03
 7.2370e+00  5.5091e-03
 7.2520e+00  7.2810e-03
 7.2670e+00  7.3267e-03
 7.2820e+00  6.2811e-03
 7.2980e+00  5.7419e-03
 7.3130e+00  6.1219e-03
 7.3280e+00  2.8714e-03
 7.3430e+00  5.6771e-03
 7.3590e+00  6.2869e-03
 7.3740e+00  6.9371e-03
 7.3890e+00  6.5200e-03
 7.4050e+00  6.8784e-03
 7.4200e+00  6.3509e-03
 7.4360e+00  5.1099e-03
 7.4510e+00  4.0432e-03
 7.4670e+00  3.4790e-03
 7.4820e+00  2.8184e-03
 7.4980e+00  2.9788e-03
 7.5130e+00  3.1204e-03
 7.5290e+00  4.5578e-03
 7.5450e+00  1.0804e-02
 7.5610e+00  5.1124e-03
 7.5760e+00  4.0398e-03
 7.5920e+00  3.3409e-03
 7.6080e+00  2.5865e-03
 7.6240e+00  4.1191e-03
 7.6400e+00  4.8423e-03
 7.6560e+00  7.0341e-03
 7.6720e+00  7.4539e-03
 7.6880e+00  6.9264e-03
 7.7040e+00  6.5032e-03
 7.7200e+00  5.5810e-03
 7.7360e+00  2.9483e-03
 7.7520e+00  3.2609e-03
 7.7680e+00  3.3527e-03
 7.7850e+00  3.6284e-03
 7.8010e+00  4.3059e-03
 7.8170e+00  5.9118e-03
 7.8340e+00  4.9371e-03
 7.8500e+00  5.0840e-03
 7.8660e+00  5.3233e-03
 7.8830e+00  5.1456e-03
 7.8990e+00  4.0421e-03
 7.9160e+00  5.3812e-03
 7.9320e+00  5.2217e-03
 7.9490e+00  4.4681e-03
 7.9660e+00  5.2373e-03
 7.9820e+00  3.6313e-03
 7.9990e+00  4.3360e-03
 8.0160e+00  3.7326e-03
 8.0320e+00  5.2648e-03
 8.0490e+00  5.5680e-03
 8.0660e+00  5.5588e-03
 8.0830e+00  5.0009e-03
 8.1000e+00  3.5149e-03
 8.1170e+00  4.0358e-03
 8.1340e+00  3.8672e-03
 8.1510e+00  4.0816e-03
 8.1680e+00  4.1124e-03
 8.1850e+00  4.5568e-03
 8.2020e+00  4.5321e-03
 8.2190e+00  4.7802e-03
 8.2370e+00  4.8996e-03
 8.2540e+00  5.4881e-03
 8.2710e+00  5.6445e-03
 8.2890e+00  6.5514e-03
 8.3060e+00  5.6901e-03
 8.3230e+00  5.5709e-03
 8.3410e+00  4.9581e-03
 8.3580e+00  5.3103e-03
 8.3760e+00  5.7176e-03
 8.3930e+00  7.2496e-03
 8.4110e+00  7.1857e-03
 8.4290e+00  6.9435e-03
 8.4460e+00  7.1026e-03
 8.4640e+00  4.6113e-03
 8.4820e+00  5.5246e-03
 8.5000e+00  4.6975e-03
 8.5180e+00  3.4625e-03
 8.5350e+00  3.4439e-03
 8.5530e+00  4.3818e-03
 8.5710e+00  6.2724e-03
 8.5890e+00  7.0136e-03
 8.6070e+00  7.1696e-03
 8.6260e+00  7.2215e-03
 8.6440e+00  7.4087e-03
 8.6620e+00  5.4723e-03
 8.6800e+00  6.0941e-03
 8.6980e+00  8.7349e-03
 8.7170e+00  1.1116e-02
 8.7350e+00  6.3946e-03
 8.7530e+00  2.7140e-03
 8.7720e+00  2.0344e-03
 8.7900e+00  2.2358e-03
 8.8090e+00  2.6949e-03
 8.8270e+00  8.7875e-03
 9.1000e+00  1.0000e+05
 1.0690e+01  5.3082e-03
 1.0710e+01  8.3912e-03
 1.0740e+01  7.1161e-03
 1.0760e+01  5.1286e-03
 1.0780e+01  3.4416e-03
 1.0810e+01  3.9431e-03
 1.0830e+01  4.4997e-03
 1.0850e+01  6.1645e-03
 1.0880e+01  8.4552e-03
 1.0900e+01  9.3444e-03
 1.0920e+01  8.1692e-03
 1.0950e+01  7.8600e-03
 1.0970e+01  6.5013e-03
 1.0990e+01  4.8720e-03
 1.1020e+01  5.0686e-03
 1.1040e+01  2.0982e-03
 1.1060e+01  5.8976e-03
 1.1090e+01  5.4657e-03
 1.1110e+01  5.9098e-03
 1.1140e+01  7.3062e-03
 1.1160e+01  8.1153e-03
 1.1180e+01  7.4809e-03
 1.1210e+01  5.2492e-03
 1.1230e+01  4.4609e-03
 1.1260e+01  4.1000e-03
 1.1280e+01  3.5556e-03
 1.1310e+01  5.0115e-03
 1.1330e+01  4.8065e-03
 1.1350e+01  4.1053e-03
 1.1380e+01  4.1064e-03
 1.1400e+01  3.0786e-03
 1.1430e+01  3.1713e-03
 1.1450e+01  2.5720e-03
 1.1480e+01  2.5525e-03
 1.1500e+01  5.6078e-03
 1.1530e+01  6.8552e-03
 1.1550e+01  6.1830e-03
 1.1580e+01  5.2230e-03
 1.1600e+01  2.8350e-03
 1.1630e+01  4.0047e-03
 1.1650e+01  2.3381e-03
 1.1680e+01  2.3042e-03
 1.1710e+01  2.7820e-03
 1.1730e+01  4.6568e-03
 1.1760e+01  4.0687e-03
 1.1780e+01  6.1177e-03
 1.1810e+01  5.1599e-03
 1.1830e+01  6.4895e-03
 1.1860e+01  5.9670e-03
 1.1880e+01  3.1315e-03
 1.1910e+01  2.7558e-03
 1.1940e+01  2.6020e-03
 1.1960e+01  2.9137e-03
 1.1990e+01  2.7117e-03
 1.2020e+01  2.8762e-03
 1.2040e+01  3.4126e-03
 1.2070e+01  4.5519e-03
 1.2090e+01  6.0496e-03
 1.2120e+01  7.4929e-03
 1.2150e+01  7.7916e-03
 1.2170e+01  8.9093e-03
 1.2200e+01  6.1950e-03
 1.2230e+01  3.9241e-03
 1.2250e+01  2.6490e-03
 1.2280e+01  2.6419e-03
 1.2310e+01  2.7516e-03
 1.2330e+01  3.5292e-03
 1.2360e+01  3.4381e-03
 1.2390e+01  7.1228e-03
 1.2420e+01  6.5966e-03
 1.2440e+01  5.3562e-03
 1.2470e+01  4.2050e-03
 1.2500e+01  3.2147e-03
 1.2530e+01  2.6778e-03
 1.2550e+01  2.5050e-03
 1.2580e+01  3.7290e-03
 1.2610e+01  3.1504e-03
 1.2640e+01  6.3932e-03
 1.2660e+01  5.7855e-03
 1.2690e+01  5.0290e-03
 1.2720e+01  5.8407e-03
 1.2750e+01  5.5775e-03
 1.2780e+01  5.5024e-03
 1.2800e+01  3.9601e-03
 1.2830e+01  2.9184e-03
 1.2860e+01  3.1890e-03
 1.2890e+01  4.8071e-03
 1.2920e+01  3.2629e-03
 1.2950e+01  5.1105e-03
 1.2980e+01  5.8006e-03
 1.3000e+01  6.2618e-03
 1.3030e+01  6.4252e-03
 1.3060e+01  5.7168e-03
 1.3090e+01  4.4173e-03
 1.3120e+01  3.5492e-03
 1.3150e+01  3.1171e-03
 1.3180e+01  3.2150e-03
 1.3210e+01  3.9721e-03
 1.3240e+01  3.4284e-03
 1.3270e+01  3.4785e-03
 1.3300e+01  3.7082e-03
 1.3320e+01  4.5686e-03
 1.3350e+01  4.3963e-03
 1.3380e+01  4.6258e-03
 1.3410e+01  4.5997e-03
 1.3440e+01  3.9990e-03
 1.3470e+01  5.0658e-03
 1.3500e+01  3.9038e-03
 1.3530e+01  5.9377e-03
 1.3560e+01  6.1609e-03
 1.3590e+01  6.8626e-03
 1.3620e+01  7.2557e-03
 1.3650e+01  5.6114e-03
 1.3690e+01  5.5023e-03
 1.3720e+01  5.7156e-03
 1.3750e+01  5.0246e-03
 1.3780e+01  4.5062e-03
 1.3810e+01  5.5375e-03
 1.3840e+01  3.3148e-03
 1.3870e+01  2.9399e-03
 1.3900e+01  3.5129e-03
 1.3930e+01  3.6496e-03
 1.3960e+01  5.7863e-03
 1.3990e+01  7.0317e-03
 1.4030e+01  6.8328e-03
 1.4060e+01  2.8702e-03
 1.4090e+01  2.8138e-03
 1.4120e+01  3.6486e-03
 1.4150e+01  3.3559e-03
 1.4180e+01  3.2200e-03
 1.4220e+01  2.7551e-03
 1.4250e+01  3.5666e-03
 1.4280e+01  3.2877e-03
 1.4310e+01  3.5004e-03
 1.4340e+01  5.0828e-03
 1.4380e+01  5.8998e-03
 1.4410e+01  5.9272e-03
 1.4440e+01  6.2775e-03
 1.4470e+01  7.0110e-03
 1.4510e+01  7.4847e-03
 1.4540e+01  6.8254e-03
 1.4570e+01  7.2126e-03
 1.4610e+01  6.3431e-03
 1.4640e+01  4.5737e-03
 1.4670e+01  3.9275e-03
 1.4710e+01  3.2496e-03
 1.4740e+01  2.9624e-03
 1.4770e+01  4.2850e-03
 1.4810e+01  6.4736e-03
 1.4840e+01  6.5509e-03
 1.4870e+01  6.2577e-03
 1.4910e+01  4.9906e-03
 1.4940e+01  4.2169e-03
 1.4970e+01  3.0165e-03
 1.5010e+01  3.0163e-03
 1.5040e+01  3.2654e-03
 1.5080e+01  3.6043e-03
 1.5110e+01  4.3724e-03
 1.5150e+01  8.4021e-03
 1.5180e+01  9.1904e-03
 1.5210e+01  6.3832e-03
 1.5250e+01  6.0368e-03
 1.5280e+01  5.1859e-03
 1.5320e+01  2.5036e-03
 1.5350e+01  3.6471e-03
 1.5390e+01  3.6643e-03
 1.5420e+01  3.7948e-03
 1.5460e+01  4.1160e-03
 1.5490e+01  6.4687e-03
 1.5530e+01  6.8132e-03
 1.5570e+01  5.0192e-03
 1.5600e+01  3.7431e-03
 1.5640e+01  2.8985e-03
 1.5670e+01  3.7203e-03
 1.5710e+01  4.4124e-03
 1.5740e+01  4.6502e-03
 1.5780e+01  4.8816e-03
 1.5820e+01  6.0889e-03
 1.5850e+01  6.5910e-03
 1.5890e+01  7.3812e-03
 1.5930e+01  3.9936e-03
 1.5960e+01  5.4654e-03
 1.6000e+01  3.3231e-03
 1.6040e+01  3.3489e-03
 1.6070e+01  7.5011e-03
 1.6110e+01  7.1971e-03
 1.6150e+01  6.7728e-03
 1.6190e+01  6.7434e-03
 1.6220e+01  5.9506e-03
 1.6260e+01  4.9200e-03
 1.6300e+01  3.9230e-03
 1.6340e+01  3.6992e-03
 1.6370e+01  3.6457e-03
 1.6410e+01  3.0872e-03
 1.6450e+01  6.2280e-03
 1.6490e+01  4.8624e-03
 1.6530e+01  7.8667e-03
 1.6560e+01  6.8555e-03
 1.6600e+01  7.5994e-03
 1.6640e+01  6.7362e-03
 1.6680e+01  4.2643e-03
 1.6720e+01  3.8122e-03
 1.6760e+01  1.9227e-03
 1.6800e+01  2.7804e-03
 1.6840e+01  4.0443e-03
 1.6880e+01  4.6845e-03
 1.6910e+01  8.4782e-03
 1.6950e+01  8.7978e-03
 1.6990e+01  7.3300e-03
 1.7030e+01  5.1752e-03
 1.7070e+01  4.0593e-03
 1.7110e+01  2.5364e-03
 1.7150e+01  2.5647e-03
 1.7190e+01  2.7238e-03
 1.7230e+01  3.3733e-03
 1.7270e+01  4.6409e-03
 1.7310e+01  7.5516e-03
 1.7360e+01  8.6457e-03
 1.7400e+01  8.5727e-03
 1.7440e+01  4.5447e-03
 1.7480e+01  3.9480e-03
 1.7520e+01  2.7860e-03
 1.7560e+01  2.3983e-03
 1.7600e+01  3.3070e-03
 1.7640e+01  4.1472e-03
 1.7680e+01  7.2043e-03
 1.7730e+01  7.2958e-03
 1.7770e+01  7.6718e-03
 1.7810e+01  7.8737e-03
 1.7850e+01  7.7603e-03
 1.7890e+01  7.1496e-03
 1.7940e+01  6.3681e-03
 1.7980e+01  2.6861e-03
 1.8020e+01  2.6568e-03
 1.8060e+01  4.0966e-03
 1.8110e+01  3.0344e-03
 1.8150e+01  7.5027e-03
 1.8190e+01  5.3637e-03
 1.8240e+01  7.1344e-03
 1.8280e+01  4.6018e-03
 1.8320e+01  4.2057e-03
 1.8370e+01  4.0113e-03
 1.8410e+01  4.5392e-03
 1.8450e+01  3.9550e-03
 1.8500e+01  6.4383e-03
 1.8540e+01  6.4523e-03
 1.8590e+01  6.6345e-03
 1.8630e+01  4.0199e-03
 1.8680e+01  4.3262e-03
 1.8720e+01  5.2443e-03
 1.8770e+01  5.3524e-03
 1.8810e+01  5.4738e-03
 1.8860e+01  3.3546e-03
 1.8900e+01  3.6151e-03
 1.8950e+01  4.9978e-03
 1.8990e+01  6.0406e-03
 1.9040e+01  8.9609e-03
 1.9080e+01  7.0508e-03
 1.9130e+01  6.2235e-03
 1.9170e+01  5.8639e-03
 1.9220e+01  4.8821e-03
 1.9270e+01  3.9505e-03
 1.9310e+01  3.7927e-03
 1.9360e+01  4.9946e-03
 1.9410e+01  5.3620e-03
 1.9450e+01  6.2877e-03
 1.9500e+01  6.0156e-03
 1.9550e+01  4.4945e-03
 1.9600e+01  3.9391e-03
 1.9640e+01  4.0102e-03
 1.9690e+01  3.9971e-03
 1.9740e+01  4.0612e-03
 1.9790e+01  4.9641e-03
 1.9830e+01  4.9409e-03
 1.9880e+01  4.2171e-03
 1.9930e+01  3.4866e-03
 1.9980e+01  3.7933e-03
 2.0030e+01  3.3893e-03
 2.0080e+01  6.0281e-03
 2.0130e+01  6.2270e-03
 2.0170e+01  6.9048e-03
 2.0220e+01  6.8955e-03
 2.0270e+01  6.7408e-03
 2.0320e+01  5.2786e-03
 2.0370e+01  4.4461e-03
 2.0420e+01  4.4161e-03
 2.0470e+01  5.2256e-03
 2.0520e+01  5.3674e-03
 2.0570e+01  7.8159e-03
 2.0620e+01  5.5775e-03
 2.0670e+01  5.6117e-03
 2.0720e+01  4.9815e-03
 2.0780e+01  5.5583e-03
 2.0830e+01  4.5806e-03
 2.0880e+01  4.4663e-03
 2.0930e+01  4.4900e-03
 2.0980e+01  4.7974e-03
 2.1030e+01  4.3524e-03
 2.1080e+01  6.0228e-03
 2.1140e+01  7.2111e-03
 2.1190e+01  6.8845e-03
 2.1240e+01  6.9559e-03
 2.1290e+01  6.9230e-03
 2.1350e+01  7.3282e-03
 2.1400e+01  6.2484e-03
 2.1450e+01  5.5536e-03
 2.1510e+01  5.2262e-03
 2.1560e+01  4.8519e-03
 2.1610e+01  4.6025e-03
 2.1670e+01  4.1501e-03
 2.1720e+01  5.6737e-03
 2.1780e+01  6.5119e-03
 2.1830e+01  8.6872e-03
 2.1880e+01  8.7178e-03
 2.1940e+01  5.4417e-03
 2.1990e+01  5.7492e-03
 2.2050e+01  5.3478e-03
 2.2100e+01  4.8821e-03
 2.2160e+01  3.4835e-03
 2.2210e+01  5.1596e-03
 2.2270e+01  5.0956e-03
 2.2330e+01  4.9811e-03
 2.2380e+01  3.3367e-03
 2.2440e+01  5.4719e-03
 2.2500e+01  6.8918e-03
 2.2550e+01  3.7824e-03
 2.2610e+01  4.0327e-03
 2.2670e+01  3.7792e-03
 2.2720e+01  3.9956e-03
 2.2780e+01  3.7457e-03
 2.2840e+01  4.6858e-03
 2.2900e+01  4.6522e-03
 2.2950e+01  4.7166e-03
 2.3010e+01  4.2807e-03
 2.3070e+01  5.4407e-03
 2.3130e+01  7.1858e-03
 2.3190e+01  7.1253e-03
 2.3250e+01  7.5584e-03
 2.3310e+01  7.3389e-03
 2.3370e+01  5.8748e-03
 2.3430e+01  6.5887e-03
 2.3490e+01  6.4910e-03
 2.3550e+01  6.9105e-03
 2.3610e+01  6.8362e-03
 2.3670e+01  6.8665e-03
 2.3730e+01  6.6566e-03
 2.3790e+01  6.5589e-03
 2.3850e+01  6.1839e-03
 2.3910e+01  5.6970e-03
 2.3970e+01  5.4603e-03
 2.4030e+01  7.2265e-03
 2.4090e+01  5.2444e-03
 2.4160e+01  4.6968e-03
 2.4220e+01  6.0335e-03
 2.4280e+01  5.1335e-03
 2.4340e+01  4.8393e-03
 2.4410e+01  4.8767e-03
 2.4470e+01  5.0734e-03
 2.4530e+01  5.5547e-03
 2.4600e+01  6.9598e-03
 2.4660e+01  6.2287e-03
 2.4720e+01  5.1523e-03
 2.4790e+01  5.1224e-03
 2.4850e+01  6.2471e-03
 2.4920e+01  6.1627e-03
 2.4980e+01  6.4878e-03
 2.5050e+01  6.9319e-03
 2.5110e+01  8.4361e-03
 2.5180e+01  7.9521e-03
 2.5240e+01  7.9052e-03
 2.5310e+01  7.3573e-03
 2.5380e+01  6.4907e-03
 2.5440e+01  3.3263e-03
 2.5510e+01  3.7335e-03
 2.5580e+01  4.6385e-03
 2.5640e+01  6.0586e-03
 2.5710e+01  6.8893e-03
 2.5780e+01  7.1104e-03
 2.5850e+01  9.9953e-03
 2.5920e+01  6.4811e-03
 2.5980e+01  5.9829e-03
 2.6050e+01  5.7765e-03
 2.6120e+01  5.6177e-03
 2.6190e+01  4.5736e-03
 2.6260e+01  4.5945e-03
 2.6330e+01  4.7373e-03
 2.6400e+01  4.4359e-03
 2.6470e+01  7.2576e-03
 2.6540e+01  7.4207e-03
 2.6610e+01  7.0891e-03
 2.6680e+01  7.4016e-03
 2.6750e+01  3.7961e-03
 2.6830e+01  3.5623e-03
 2.6900e+01  3.5151e-03
 2.6970e+01  4.9808e-03
 2.7040e+01  5.5410e-03
 2.7110e+01  4.6220e-03
 2.7190e+01  8.8642e-03
 2.7260e+01  6.7433e-03
 2.7330e+01  7.0627e-03
 2.7410e+01  7.9187e-03
 2.7480e+01  8.0207e-03
 2.7550e+01  7.8851e-03
 2.7630e+01  7.4205e-03
 2.7700e+01  4.2843e-03
 2.7780e+01  6.3214e-03
 2.7850e+01  6.8209e-03
 2.7930e+01  5.0527e-03
 2.8010e+01  4.8763e-03
 2.8080e+01  4.6999e-03
 2.8160e+01  5.0191e-03
 2.8230e+01  5.5456e-03
 2.8310e+01  7.3491e-03
 2.8390e+01  8.2597e-03
 2.8470e+01  8.4774e-03
 2.8540e+01  7.5775e-03
 2.8620e+01  7.6898e-03
 2.8700e+01  7.6735e-03
 2.8780e+01  6.9338e-03
 2.8860e+01  7.6271e-03
 2.8940e+01  7.6852e-03
 2.9020e+01  7.8587e-03
 2.9100e+01  6.4082e-03
 2.9180e+01  9.1777e-03
 2.9260e+01  9.3445e-03
 2.9340e+01  1.0038e-02
 2.9420e+01  8.2611e-03
 2.9500e+01  8.4654e-03
 2.9580e+01  6.7868e-03
 2.9670e+01  5.9170e-03
 2.9750e+01  5.1083e-03
 2.9830e+01  4.6600e-03
 2.9910e+01  4.7590e-03
 3.0000e+01  4.7018e-03
 3.0080e+01  5.0182e-03
 3.0170e+01  6.3783e-03
 3.0250e+01  6.9497e-03
 3.0340e+01  6.7221e-03
 3.0420e+01  9.7996e-03
 3.0510e+01  7.5727e-03
 3.0590e+01  6.9916e-03
 3.0680e+01  5.4889e-03
 3.0770e+01  4.9415e-03
 3.0850e+01  5.3497e-03
 3.0940e+01  5.0644e-03
 3.1030e+01  4.0919e-03
 3.1110e+01  6.1431e-03
 3.1200e+01  6.7966e-03
 3.1290e+01  7.7799e-03
 3.1380e+01  1.2165e-02
 3.1470e+01  1.0186e-02
 3.1560e+01  5.0834e-03
 3.1650e+01  4.9576e-03
 3.1740e+01  4.3556e-03
 3.1830e+01  4.3114e-03
 3.1920e+01  4.1890e-03
 3.2010e+01  4.4410e-03
 3.2110e+01  4.9006e-03
 3.2200e+01  6.0136e-03
 3.2290e+01  8.1616e-03
 3.2380e+01  9.1662e-03
 3.2480e+01  9.2788e-03
 3.2570e+01  8.8469e-03
 3.2670e+01  4.5409e-03
 3.2760e+01  4.9597e-03
 3.2860e+01  6.5291e-03
 3.2950e+01  7.4076e-03
 3.3050e+01  9.0080e-03
 3.3140e+01  9.1309e-03
 3.3240e+01  8.3753e-03
 3.3340e+01  8.2664e-03
 3.3440e+01  6.3362e-03
 3.3530e+01  3.8305e-03
 3.3630e+01  3.6161e-03
 3.3730e+01  5.3189e-03
 3.3830e+01  5.6124e-03
 3.3930e+01  5.7454e-03
 3.4030e+01  8.2693e-03
 3.4130e+01  8.5862e-03
 3.4230e+01  7.3977e-03
 3.4330e+01  7.2957e-03
 3.4440e+01  6.5669e-03
 3.4540e+01  5.8485e-03
 3.4640e+01  6.1519e-03
 3.4750e+01  8.4587e-03
 3.4850e+01  9.1477e-03
 3.4950e+01  1.1110e-02
 3.5060e+01  8.6272e-03
 3.5160e+01  7.6869e-03
 3.5270e+01  5.4178e-03
 3.5380e+01  8.7541e-03
 3.5480e+01  7.9944e-03
 3.5590e+01  6.0453e-03
 3.5700e+01  8.3390e-03
 3.5800e+01  9.5525e-03
 3.5910e+01  1.0520e-02
 3.6020e+01  1.1717e-02
 3.6130e+01  1.0511e-02
 3.6240e+01  7.4302e-03
 3.6350e+01  7.6658e-03
 3.6460e+01  6.4287e-03
 3.6580e+01  6.0369e-03
 3.6690e+01  8.6345e-03
 3.6800e+01  6.4082e-03
 3.6910e+01  7.1414e-03
 3.7030e+01  9.4871e-03
 3.7140e+01  7.9803e-03
 3.7260e+01  8.5083e-03
 3.7370e+01  6.8619e-03
 3.7490e+01  5.9413e-03
 3.7610e+01  7.3252e-03
 3.7720e+01  1.2219e-02
 3.7840e+01  1.1125e-02
 3.7960e+01  8.8927e-03
 3.8080e+01  1.0062e-02
 3.8200e+01  1.0119e-02
 3.8320e+01  4.5294e-03
 3.8440e+01  4.6658e-03
 3.8560e+01  7.3238e-03
 3.8680e+01  8.1891e-03
 3.8800e+01  9.6238e-03
 3.8930e+01  7.6092e-03
 3.9050e+01  6.6170e-03
 3.9170e+01  5.4717e-03
 3.9300e+01  6.1221e-03
 3.9420e+01  5.3144e-03
 3.9550e+01  6.0974e-03
 3.9680e+01  6.4274e-03
 3.9800e+01  6.4202e-03
 3.9930e+01  5.7182e-03
 4.0060e+01  5.1662e-03
 4.0190e+01  5.3938e-03
 4.0320e+01  6.3465e-03
 4.0450e+01  6.5201e-03
 4.0580e+01  1.3523e-02
 4.0710e+01  1.3188e-02
 4.0850e+01  1.1195e-02
 4.0980e+01  5.5540e-03
 4.1110e+01  7.9697e-03
 4.1250e+01  7.4280e-03
 4.1380e+01  7.5058e-03
 4.1520e+01  9.7162e-03
 4.1660e+01  9.5684e-03
 4.1800e+01  1.0006e-02
 4.1930e+01  8.5974e-03
 4.2070e+01  8.3514e-03
 4.2210e+01  6.7731e-03
 4.2350e+01  9.0704e-03
 4.2500e+01  9.7619e-03
 4.2640e+01  9.7475e-03
 4.2780e+01  9.4511e-03
 4.2920e+01  8.7229e-03
 4.3070e+01  7.9500e-03
 4.3220e+01  7.1645e-03
 4.3360e+01  6.8307e-03
 4.3510e+01  6.6429e-03
 4.3660e+01  6.5300e-03
 4.3810e+01  6.5150e-03
 4.3950e+01  1.0330e-02
 4.4110e+01  7.4603e-03
 4.4260e+01  9.8920e-03
 4.4410e+01  1.0406e-02
 4.4560e+01  9.6378e-03
 4.4720e+01  7.0648e-03
 4.4870e+01  6.5788e-03
 4.5030e+01  4.9368e-03
 4.5180e+01  7.2003e-03
 4.5340e+01  7.5447e-03
 4.5500e+01  1.3310e-02
 4.5660e+01  1.1959e-02
 4.5820e+01  1.1926e-02
 4.5980e+01  1.1377e-02
 4.6140e+01  9.6179e-03
 4.6310e+01  8.2817e-03
 4.6470e+01  9.2882e-03
 4.6640e+01  8.7914e-03
 4.6800e+01  8.4075e-03
 4.6970e+01  8.1180e-03
 4.7140e+01  7.5174e-03
 4.7310e+01  7.4143e-03
 4.7480e+01  7.7125e-03
 4.7650e+01  8.3989e-03
 4.7820e+01  1.0891e-02
 4.8000e+01  8.2045e-03
 4.8170e+01  7.5811e-03
 4.8350e+01  8.5994e-03
 4.8530e+01  7.5307e-03
 4.8700e+01  1.0487e-02
 4.8880e+01  8.2695e-03
 4.9070e+01  8.2086e-03
 4.9250e+01  7.3779e-03
 4.9430e+01  7.0456e-03
 4.9610e+01  6.1042e-03
 4.9800e+01  7.5133e-03
 4.9990e+01  7.7889e-03
 5.0180e+01  8.8333e-03
 5.0360e+01  9.0345e-03
 5.0560e+01  8.7514e-03
 5.0750e+01  7.9248e-03
 5.0940e+01  7.6322e-03
 5.1140e+01  7.6847e-03
 5.1330e+01  8.1185e-03
 5.1530e+01  8.9873e-03
 5.1730e+01  1.1969e-02
 5.1930e+01  1.2872e-02
 5.2130e+01  1.3059e-02
 5.2330e+01  1.2878e-02
 5.2540e+01  1.2325e-02
 5.2740e+01  1.1678e-02
 5.2950e+01  8.2316e-03
 5.3160e+01  8.5988e-03
 5.3370e+01  7.8434e-03
 5.3580e+01  7.5020e-03
 5.3800e+01  7.1337e-03
 5.4010e+01  7.1612e-03
 5.4230e+01  6.9257e-03
 5.4450e+01  7.0791e-03
 5.4670e+01  6.5245e-03
 5.4890e+01  6.7849e-03
 5.5110e+01  7.1307e-03
 5.5340e+01  1.0400e-02
 5.5570e+01  1.1558e-02
 5.5800e+01  1.1859e-02
 5.6030e+01  1.0916e-02
 5.6260e+01  8.5573e-03
 5.6490e+01  1.1698e-02
 5.6730e+01  1.2603e-02
 5.6970e+01  1.3293e-02
 5.7210e+01  1.3413e-02
 5.7450e+01  1.4105e-02
 5.7700e+01  1.0820e-02
 5.7940e+01  9.5769e-03
 5.8190e+01  9.6148e-03
 5.8440e+01  9.1133e-03
 5.8690e+01  9.2881e-03
 5.8950e+01  9.8047e-03
 5.9210e+01  1.1192e-02
 5.9470e+01  9.4370e-03
 5.9730e+01  8.9268e-03
 5.9990e+01  8.7084e-03
 6.0260e+01  8.9736e-03
 6.0530e+01  7.8487e-03
 6.0800e+01  9.4997e-03
 6.1070e+01  1.0384e-02
 6.1350e+01  1.1478e-02
 6.1630e+01  1.2034e-02
 6.1910e+01  1.2037e-02
 6.2200e+01  1.4681e-02
 6.2480e+01  1.3399e-02
 6.2770e+01  1.2031e-02
 6.3060e+01  1.2256e-02
 6.3360e+01  7.0761e-03
 6.3660e+01  7.5672e-03
 6.3960e+01  9.5940e-03
 6.4260e+01  9.6702e-03
 6.4570e+01  1.1839e-02
 6.4880e+01  1.4124e-02
 6.5200e+01  1.4740e-02
 6.5510e+01  1.2277e-02
 6.5830e+01  1.1451e-02
 6.6160e+01  1.2953e-02
 6.6480e+01  1.1484e-02
 6.6820e+01  8.9523e-03
 6.7150e+01  5.5219e-03
 6.7490e+01  9.9743e-03
 6.7830e+01  1.4308e-02
 6.8180e+01  1.6094e-02
 6.8530e+01  1.7357e-02
 6.8880e+01  1.0385e-02
 6.9240e+01  7.8003e-03
 6.9600e+01  7.2608e-03
