#      mass       lower
 2.1410e-01  9.6104e-04
 2.1420e-01  9.1531e-04
 2.1430e-01  7.0151e-04
 2.1450e-01  6.3974e-04
 2.1460e-01  6.0218e-04
 2.1470e-01  7.1335e-04
 2.1490e-01  8.9203e-04
 2.1500e-01  1.0657e-03
 2.1520e-01  1.1388e-03
 2.1530e-01  1.0224e-03
 2.1550e-01  1.0139e-03
 2.1560e-01  8.5842e-04
 2.1580e-01  8.2479e-04
 2.1590e-01  8.3797e-04
 2.1610e-01  8.8765e-04
 2.1620e-01  9.0269e-04
 2.1640e-01  1.0969e-03
 2.1660e-01  9.8015e-04
 2.1670e-01  9.5737e-04
 2.1690e-01  1.0051e-03
 2.1710e-01  1.0586e-03
 2.1730e-01  1.1141e-03
 2.1750e-01  1.2429e-03
 2.1770e-01  9.8275e-04
 2.1780e-01  7.7803e-04
 2.1800e-01  9.2947e-04
 2.1820e-01  7.8670e-04
 2.1840e-01  7.3960e-04
 2.1860e-01  7.3000e-04
 2.1880e-01  8.8851e-04
 2.1910e-01  1.0706e-03
 2.1930e-01  1.1866e-03
 2.1950e-01  1.2373e-03
 2.1970e-01  1.2437e-03
 2.1990e-01  1.2451e-03
 2.2010e-01  1.2442e-03
 2.2040e-01  1.2833e-03
 2.2060e-01  1.2978e-03
 2.2080e-01  1.2184e-03
 2.2110e-01  1.2218e-03
 2.2130e-01  1.2118e-03
 2.2160e-01  1.1432e-03
 2.2180e-01  9.2154e-04
 2.2200e-01  1.1197e-03
 2.2230e-01  9.5496e-04
 2.2260e-01  1.1981e-03
 2.2280e-01  1.2032e-03
 2.2310e-01  1.1142e-03
 2.2330e-01  1.0956e-03
 2.2360e-01  1.0013e-03
 2.2390e-01  9.6742e-04
 2.2410e-01  9.5808e-04
 2.2440e-01  1.0385e-03
 2.2470e-01  1.0652e-03
 2.2500e-01  1.1989e-03
 2.2530e-01  1.3112e-03
 2.2560e-01  1.3859e-03
 2.2590e-01  1.2857e-03
 2.2620e-01  1.1564e-03
 2.2650e-01  1.1837e-03
 2.2680e-01  9.7444e-04
 2.2710e-01  9.7343e-04
 2.2740e-01  1.0479e-03
 2.2770e-01  1.2217e-03
 2.2800e-01  1.1060e-03
 2.2830e-01  1.2182e-03
 2.2860e-01  1.4021e-03
 2.2900e-01  1.5398e-03
 2.2930e-01  1.4269e-03
 2.2960e-01  1.3917e-03
 2.3000e-01  1.3132e-03
 2.3030e-01  1.2616e-03
 2.3060e-01  1.2286e-03
 2.3100e-01  1.2332e-03
 2.3130e-01  1.2998e-03
 2.3170e-01  1.3369e-03
 2.3200e-01  1.2871e-03
 2.3240e-01  1.2450e-03
 2.3270e-01  1.0150e-03
 2.3310e-01  9.6052e-04
 2.3350e-01  9.7038e-04
 2.3380e-01  1.0840e-03
 2.3420e-01  1.2125e-03
 2.3460e-01  1.3305e-03
 2.3500e-01  1.4814e-03
 2.3530e-01  1.3760e-03
 2.3570e-01  1.3892e-03
 2.3610e-01  1.3098e-03
 2.3650e-01  1.5250e-03
 2.3690e-01  1.5501e-03
 2.3730e-01  1.5086e-03
 2.3770e-01  1.2885e-03
 2.3810e-01  1.2696e-03
 2.3850e-01  1.4074e-03
 2.3890e-01  1.4693e-03
 2.3930e-01  1.2758e-03
 2.3980e-01  1.2011e-03
 2.4020e-01  1.2006e-03
 2.4060e-01  1.2362e-03
 2.4100e-01  1.4313e-03
 2.4150e-01  1.3733e-03
 2.4190e-01  1.2979e-03
 2.4230e-01  1.0367e-03
 2.4280e-01  1.1492e-03
 2.4320e-01  1.0815e-03
 2.4370e-01  1.1915e-03
 2.4410e-01  1.4076e-03
 2.4460e-01  1.5003e-03
 2.4500e-01  1.6830e-03
 2.4550e-01  1.6244e-03
 2.4600e-01  1.6217e-03
 2.4640e-01  1.4456e-03
 2.4690e-01  1.6199e-03
 2.4740e-01  1.5177e-03
 2.4780e-01  1.2650e-03
 2.4830e-01  1.4466e-03
 2.4880e-01  1.4585e-03
 2.4930e-01  1.1272e-03
 2.4980e-01  1.0746e-03
 2.5030e-01  1.0500e-03
 2.5080e-01  1.0883e-03
 2.5130e-01  1.3345e-03
 2.5180e-01  1.3620e-03
 2.5230e-01  1.2586e-03
 2.5280e-01  1.1840e-03
 2.5330e-01  1.1395e-03
 2.5380e-01  1.2444e-03
 2.5430e-01  1.3804e-03
 2.5480e-01  1.6546e-03
 2.5540e-01  1.5318e-03
 2.5590e-01  1.4759e-03
 2.5640e-01  1.4490e-03
 2.5700e-01  1.5238e-03
 2.5750e-01  1.2428e-03
 2.5800e-01  1.4700e-03
 2.5860e-01  1.1950e-03
 2.5910e-01  1.3517e-03
 2.5970e-01  1.4284e-03
 2.6020e-01  1.4849e-03
 2.6080e-01  1.4826e-03
 2.6130e-01  1.4577e-03
 2.6190e-01  1.4497e-03
 2.6250e-01  1.6249e-03
 2.6300e-01  1.6165e-03
 2.6360e-01  1.5996e-03
 2.6420e-01  1.3266e-03
 2.6480e-01  1.0763e-03
 2.6530e-01  1.1376e-03
 2.6590e-01  1.1721e-03
 2.6650e-01  1.5760e-03
 2.6710e-01  1.9370e-03
 2.6770e-01  1.7526e-03
 2.6830e-01  1.6419e-03
 2.6890e-01  1.2229e-03
 2.6950e-01  1.1635e-03
 2.7010e-01  1.2725e-03
 2.7070e-01  1.1488e-03
 2.7130e-01  1.5114e-03
 2.7190e-01  1.5437e-03
 2.7260e-01  1.6335e-03
 2.7320e-01  1.6368e-03
 2.7380e-01  1.7061e-03
 2.7440e-01  1.5356e-03
 2.7510e-01  1.4216e-03
 2.7570e-01  1.3696e-03
 2.7630e-01  1.1904e-03
 2.7700e-01  1.1210e-03
 2.7760e-01  1.0269e-03
 2.7830e-01  9.9896e-04
 2.7890e-01  1.4023e-03
 2.7960e-01  1.6029e-03
 2.8020e-01  1.7593e-03
 2.8090e-01  2.0816e-03
 2.8160e-01  2.0627e-03
 2.8220e-01  1.7692e-03
 2.8290e-01  1.5769e-03
 2.8360e-01  1.0956e-03
 2.8420e-01  1.0482e-03
 2.8490e-01  1.1645e-03
 2.8560e-01  1.3015e-03
 2.8630e-01  1.5648e-03
 2.8700e-01  1.7931e-03
 2.8770e-01  2.0004e-03
 2.8830e-01  1.7644e-03
 2.8900e-01  1.7906e-03
 2.8970e-01  1.6004e-03
 2.9040e-01  1.7478e-03
 2.9120e-01  1.3783e-03
 2.9190e-01  1.0302e-03
 2.9260e-01  9.9030e-04
 2.9330e-01  1.0826e-03
 2.9400e-01  1.4220e-03
 2.9470e-01  1.8406e-03
 2.9540e-01  2.0613e-03
 2.9620e-01  1.7018e-03
 2.9690e-01  1.8038e-03
 2.9760e-01  1.4675e-03
 2.9840e-01  1.3541e-03
 2.9910e-01  1.2559e-03
 2.9990e-01  9.9171e-04
 3.0060e-01  1.1824e-03
 3.0140e-01  1.3872e-03
 3.0210e-01  1.7275e-03
 3.0290e-01  1.8496e-03
 3.0360e-01  1.8674e-03
 3.0440e-01  1.8793e-03
 3.0510e-01  1.8816e-03
 3.0590e-01  1.7231e-03
 3.0670e-01  1.6630e-03
 3.0740e-01  1.5469e-03
 3.0820e-01  1.4707e-03
 3.0900e-01  1.5972e-03
 3.0980e-01  1.4248e-03
 3.1060e-01  1.3195e-03
 3.1130e-01  1.4417e-03
 3.1210e-01  1.6199e-03
 3.1290e-01  1.7652e-03
 3.1370e-01  1.6286e-03
 3.1450e-01  1.1987e-03
 3.1530e-01  1.2100e-03
 3.1610e-01  1.1087e-03
 3.1690e-01  1.0249e-03
 3.1780e-01  1.6680e-03
 3.1860e-01  1.8674e-03
 3.1940e-01  2.0117e-03
 3.2020e-01  2.0699e-03
 3.2100e-01  1.9932e-03
 3.2190e-01  1.9786e-03
 3.2270e-01  1.9324e-03
 3.2350e-01  1.8261e-03
 3.2430e-01  1.4343e-03
 3.2520e-01  1.1699e-03
 3.2600e-01  1.1060e-03
 3.2690e-01  1.2444e-03
 3.2770e-01  1.4061e-03
 3.2860e-01  1.7300e-03
 3.2940e-01  2.0189e-03
 3.3030e-01  2.1575e-03
 3.3110e-01  1.8518e-03
 3.3200e-01  1.9248e-03
 3.3280e-01  1.4894e-03
 3.3370e-01  1.4344e-03
 3.3460e-01  1.4114e-03
 3.3550e-01  1.4028e-03
 3.3630e-01  1.4294e-03
 3.3720e-01  1.3452e-03
 3.3810e-01  1.4511e-03
 3.3900e-01  1.7411e-03
 3.3990e-01  1.4913e-03
 3.4080e-01  1.6381e-03
 3.4160e-01  1.6946e-03
 3.4250e-01  1.3880e-03
 3.4340e-01  1.2932e-03
 3.4430e-01  1.4499e-03
 3.4520e-01  1.3632e-03
 3.4620e-01  1.6798e-03
 3.4710e-01  1.8280e-03
 3.4800e-01  2.1638e-03
 3.4890e-01  2.3566e-03
 3.4980e-01  1.8924e-03
 3.5070e-01  1.6156e-03
 3.5170e-01  1.4369e-03
 3.5260e-01  1.3876e-03
 3.5350e-01  1.2463e-03
 3.5440e-01  1.3636e-03
 3.5540e-01  1.9886e-03
 3.5630e-01  2.5602e-03
 3.5730e-01  2.7188e-03
 3.5820e-01  2.9825e-03
 3.5920e-01  2.4707e-03
 3.6010e-01  2.1319e-03
 3.6110e-01  1.8520e-03
 3.6200e-01  1.6630e-03
 3.6300e-01  1.6094e-03
 3.6390e-01  1.5323e-03
 3.6490e-01  1.5245e-03
 3.6590e-01  1.5315e-03
 3.6680e-01  2.0337e-03
 3.6780e-01  1.8312e-03
 3.6880e-01  1.8210e-03
 3.6980e-01  1.6450e-03
 3.7070e-01  1.4618e-03
 3.7170e-01  1.4781e-03
 3.7270e-01  1.5429e-03
 3.7370e-01  1.6934e-03
 3.7470e-01  1.8855e-03
 3.7570e-01  1.8422e-03
 3.7670e-01  1.7209e-03
 3.7770e-01  2.0931e-03
 3.7870e-01  1.7063e-03
 3.7970e-01  2.2168e-03
 3.8070e-01  2.2552e-03
 3.8170e-01  3.0933e-03
 3.8270e-01  2.4131e-03
 3.8380e-01  2.5633e-03
 3.8480e-01  2.5711e-03
 3.8580e-01  1.6980e-03
 3.8680e-01  2.8344e-03
 3.8790e-01  3.0586e-03
 3.8890e-01  2.8496e-03
 3.8990e-01  2.9335e-03
 3.9100e-01  3.5110e-03
 3.9200e-01  2.4885e-03
 3.9310e-01  2.0854e-03
 3.9410e-01  1.9455e-03
 3.9520e-01  1.7678e-03
 3.9620e-01  1.7185e-03
 3.9730e-01  1.7627e-03
 3.9830e-01  2.1013e-03
 3.9940e-01  2.2840e-03
 4.0040e-01  2.7085e-03
 4.0150e-01  2.5501e-03
 4.0260e-01  2.5064e-03
 4.0360e-01  1.9813e-03
 4.0470e-01  3.1593e-03
 4.0580e-01  3.2607e-03
 4.0690e-01  1.9872e-03
 4.0800e-01  1.9822e-03
 4.0900e-01  2.4010e-03
 4.1010e-01  2.1681e-03
 4.1120e-01  1.9813e-03
 4.1230e-01  1.9556e-03
 4.1340e-01  2.1532e-03
 4.1450e-01  2.9601e-03
 4.1560e-01  2.3635e-03
 4.1670e-01  3.6078e-03
 4.1780e-01  2.1858e-03
 4.1890e-01  2.2708e-03
 4.2010e-01  2.6539e-03
 4.2120e-01  3.4412e-03
 4.2230e-01  4.1723e-03
 4.2340e-01  4.7061e-03
 4.2450e-01  4.9214e-03
 4.2570e-01  4.7790e-03
 4.2680e-01  4.4978e-03
 4.2790e-01  3.9564e-03
 4.2910e-01  3.2522e-03
 4.3020e-01  2.6434e-03
 4.3140e-01  1.8668e-03
 4.3250e-01  1.9215e-03
 4.3360e-01  3.4421e-03
 4.3480e-01  3.9021e-03
 4.3600e-01  3.8754e-03
 4.3710e-01  3.7626e-03
 4.3830e-01  4.4789e-03
 4.3940e-01  2.5828e-03
 4.4060e-01  2.2555e-03
 4.4180e-01  2.1226e-03
 4.4290e-01  2.5550e-03
 4.4410e-01  5.2250e-03
 4.4530e-01  5.6832e-03
 4.4650e-01  4.8162e-03
 4.4760e-01  5.1367e-03
 4.4880e-01  5.2326e-03
 4.5000e-01  5.1930e-03
 4.5120e-01  3.4354e-03
 4.5240e-01  3.0712e-03
 4.5360e-01  3.1368e-03
 4.5480e-01  3.8664e-03
 4.5600e-01  4.0702e-03
 4.5720e-01  4.4908e-03
 4.5840e-01  5.0766e-03
 4.5960e-01  5.3838e-03
 4.6080e-01  5.8664e-03
 4.6200e-01  5.7546e-03
 4.6320e-01  5.0230e-03
 4.6450e-01  4.3152e-03
 4.6570e-01  3.3211e-03
 4.6690e-01  5.0689e-03
 4.6810e-01  4.6664e-03
 4.6940e-01  4.6482e-03
 4.7060e-01  4.3061e-03
 4.7180e-01  5.1958e-03
 4.7310e-01  5.0057e-03
 4.7430e-01  6.9219e-03
 4.7560e-01  7.0629e-03
 4.7680e-01  8.0808e-03
 4.7810e-01  6.3678e-03
 4.7930e-01  6.9229e-03
 4.8060e-01  6.3338e-03
 4.8180e-01  4.7358e-03
 4.8310e-01  3.7503e-03
 4.8440e-01  3.3551e-03
 4.8560e-01  4.4684e-03
 4.8690e-01  7.6325e-03
 4.8820e-01  5.3807e-03
 4.8950e-01  6.2293e-03
 4.9070e-01  1.0483e-02
 4.9200e-01  1.0027e-02
 4.9330e-01  7.8478e-03
 4.9460e-01  6.0350e-03
 4.9590e-01  3.8850e-03
 4.9720e-01  4.5265e-03
 4.9850e-01  3.7089e-03
 4.9980e-01  3.9449e-03
 5.0110e-01  3.6979e-03
 5.0240e-01  4.1087e-03
 5.0370e-01  4.9745e-03
 5.0500e-01  9.7404e-03
 5.0630e-01  1.2809e-02
 5.0760e-01  1.2540e-02
 5.0900e-01  1.0696e-02
 5.1030e-01  4.3980e-03
 5.1160e-01  3.2665e-03
 5.1290e-01  4.0556e-03
 5.1430e-01  5.4606e-03
 5.1560e-01  6.7691e-03
 5.1690e-01  8.6763e-03
 5.1830e-01  1.2745e-02
 5.1960e-01  1.3348e-02
 5.2100e-01  6.4620e-03
 5.2230e-01  5.7084e-03
 5.2370e-01  4.5702e-03
 5.3000e-01  1.0000e+05
 5.7270e-01  1.7726e-02
 5.7420e-01  1.5941e-02
 5.7570e-01  1.9527e-02
 5.7710e-01  2.5488e-02
 5.7860e-01  2.4460e-02
 5.8010e-01  1.4937e-02
 5.8150e-01  1.4098e-02
 5.8300e-01  1.0841e-02
 5.8450e-01  1.0750e-02
 5.8590e-01  9.3144e-03
 5.8740e-01  1.1309e-02
 5.8890e-01  1.6691e-02
 5.9040e-01  1.4373e-02
 5.9190e-01  2.2320e-02
 5.9340e-01  1.9112e-02
 5.9490e-01  2.5201e-02
 5.9640e-01  2.8454e-02
 5.9790e-01  2.7215e-02
 5.9940e-01  2.3510e-02
 6.0090e-01  9.2181e-03
 6.0240e-01  7.5962e-03
 6.0390e-01  9.2096e-03
 6.0540e-01  1.0327e-02
 6.0700e-01  1.8415e-02
 6.0850e-01  2.1279e-02
 6.1000e-01  2.6183e-02
 6.1150e-01  3.1424e-02
 6.1310e-01  4.2020e-02
 6.1460e-01  3.2827e-02
 6.1610e-01  2.3238e-02
 6.1770e-01  1.6591e-02
 6.1920e-01  8.5888e-03
 6.2080e-01  7.0258e-03
 6.2230e-01  7.7292e-03
 6.2390e-01  1.4380e-02
 6.2540e-01  2.5781e-02
 6.2700e-01  3.7097e-02
 6.2850e-01  3.9176e-02
 6.3010e-01  4.3813e-02
 6.3170e-01  2.4161e-02
 6.3320e-01  1.6858e-02
 6.3480e-01  1.4480e-02
 6.3640e-01  1.2919e-02
 6.3800e-01  2.0632e-02
 6.3960e-01  2.5633e-02
 6.4110e-01  2.8303e-02
 6.4270e-01  3.1433e-02
 6.4430e-01  3.2966e-02
 6.4590e-01  1.7191e-02
 6.4750e-01  2.2267e-02
 6.4910e-01  1.8770e-02
 6.5070e-01  2.0952e-02
 6.5230e-01  4.2952e-02
 6.5390e-01  3.4931e-02
 6.5560e-01  2.6832e-02
 6.5720e-01  3.0104e-02
 6.5880e-01  2.6508e-02
 6.6040e-01  2.2914e-02
 6.6200e-01  1.8735e-02
 6.6370e-01  2.0890e-02
 6.6530e-01  2.8641e-02
 6.6690e-01  2.1458e-02
 6.6860e-01  2.4133e-02
 6.7020e-01  2.9586e-02
 6.7190e-01  3.7719e-02
 6.7350e-01  3.9939e-02
 6.7520e-01  3.9573e-02
 6.7680e-01  3.0231e-02
 6.7850e-01  4.1702e-02
 6.8010e-01  2.3831e-02
 6.8180e-01  4.0934e-02
 6.8350e-01  3.1189e-02
 6.8510e-01  4.7001e-02
 6.8680e-01  4.4232e-02
 6.8850e-01  3.9132e-02
 6.9010e-01  2.5986e-02
 6.9180e-01  2.0619e-02
 6.9350e-01  2.4076e-02
 6.9520e-01  2.2617e-02
 6.9690e-01  2.7298e-02
 6.9860e-01  2.7432e-02
 7.0030e-01  2.6277e-02
 7.0200e-01  2.4238e-02
 7.0370e-01  2.9613e-02
 7.0540e-01  3.5387e-02
 7.0710e-01  3.5230e-02
 7.0880e-01  4.3387e-02
 7.1050e-01  3.0794e-02
 7.1230e-01  3.6949e-02
 7.1400e-01  5.2189e-02
 7.1570e-01  5.1139e-02
 7.1740e-01  6.1916e-02
 7.1920e-01  3.9559e-02
 7.2090e-01  6.5093e-02
 7.2260e-01  4.8918e-02
 7.2440e-01  3.6192e-02
 7.2610e-01  3.1483e-02
 7.2790e-01  3.3341e-02
 7.2960e-01  4.1004e-02
 7.3140e-01  3.5969e-02
 7.3310e-01  5.8952e-02
 7.3490e-01  8.4340e-02
 7.3670e-01  8.5030e-02
 7.3840e-01  8.0571e-02
 7.4020e-01  7.8289e-02
 7.5000e-01  1.0000e+05
 8.2750e-01  7.1155e-02
 8.2940e-01  1.6924e-01
 8.3140e-01  1.4880e-01
 8.3330e-01  1.3165e-01
 8.3530e-01  9.4176e-02
 8.3720e-01  6.1420e-02
 8.3920e-01  5.8099e-02
 8.4110e-01  6.2740e-02
 8.4310e-01  5.4806e-02
 8.4500e-01  6.1053e-02
 8.4700e-01  1.4030e-01
 8.4890e-01  1.5831e-01
 8.5090e-01  1.6287e-01
 8.5290e-01  1.3399e-01
 8.5490e-01  9.8306e-02
 8.5680e-01  1.0310e-01
 8.5880e-01  1.2224e-01
 8.6080e-01  1.0787e-01
 8.6280e-01  1.1355e-01
 8.6480e-01  8.4434e-02
 8.6680e-01  1.2921e-01
 8.6880e-01  1.3258e-01
 8.7080e-01  1.5193e-01
 8.7280e-01  1.2853e-01
 8.7480e-01  9.7806e-02
 8.7680e-01  1.1855e-01
 8.7890e-01  6.8808e-02
 8.8090e-01  1.2181e-01
 8.8290e-01  8.5778e-02
 8.8490e-01  8.5875e-02
 8.8700e-01  9.0153e-02
 8.8900e-01  1.1922e-01
 8.9100e-01  1.0906e-01
 8.9310e-01  1.2381e-01
 8.9510e-01  1.3230e-01
 8.9720e-01  8.4315e-02
 8.9920e-01  8.9396e-02
 9.0130e-01  1.1636e-01
 9.0330e-01  6.8908e-02
 9.0540e-01  1.4108e-01
 9.0750e-01  1.8309e-01
 9.0960e-01  2.1867e-01
 9.1160e-01  1.4961e-01
 9.1370e-01  1.3020e-01
 9.1580e-01  7.2864e-02
 9.1790e-01  5.4669e-02
 9.2000e-01  1.5353e-01
 9.2210e-01  2.1338e-01
 9.2420e-01  2.3545e-01
 9.2630e-01  1.5714e-01
 9.2840e-01  1.6285e-01
 9.3050e-01  6.8386e-02
 9.3260e-01  4.5276e-02
 9.3470e-01  1.5063e-01
 9.3680e-01  1.4505e-01
 9.3890e-01  5.6016e-02
 9.4110e-01  1.4751e-01
 9.4320e-01  2.4589e-01
 9.4530e-01  2.8284e-01
 9.4750e-01  2.5933e-01
 9.4960e-01  2.2268e-01
 9.5180e-01  1.3107e-01
 9.5390e-01  8.0424e-02
 9.5610e-01  1.9713e-01
 9.5820e-01  2.1509e-01
 9.6000e-01  1.0000e+05
 1.1620e+00  2.9020e-01
 1.1650e+00  2.9786e-01
 1.1670e+00  3.2111e-01
 1.1700e+00  3.0272e-01
 1.1720e+00  2.9380e-01
 1.1750e+00  3.3021e-01
 1.1780e+00  3.9131e-01
 1.1800e+00  3.6384e-01
 1.1830e+00  3.0340e-01
 1.1850e+00  2.0705e-01
 1.1880e+00  2.0940e-01
 1.1900e+00  3.4266e-01
 1.1930e+00  3.5412e-01
 1.1950e+00  3.8888e-01
 1.1980e+00  3.9377e-01
 1.2000e+00  3.7679e-01
 1.2030e+00  3.2198e-01
 1.2060e+00  2.6023e-01
 1.2080e+00  2.2010e-01
 1.2110e+00  2.1707e-01
 1.2130e+00  2.9302e-01
 1.2160e+00  2.1813e-01
 1.2190e+00  2.0689e-01
 1.2210e+00  2.1650e-01
 1.2240e+00  2.7991e-01
 1.2260e+00  3.3010e-01
 1.2290e+00  2.9448e-01
 1.2320e+00  3.4879e-01
 1.2340e+00  2.5527e-01
 1.2370e+00  3.9665e-01
 1.2400e+00  3.5776e-01
 1.2420e+00  3.6897e-01
 1.2450e+00  3.9284e-01
 1.2470e+00  4.0579e-01
 1.2500e+00  4.2105e-01
 1.2530e+00  4.3217e-01
 1.2550e+00  4.2444e-01
 1.2580e+00  4.1048e-01
 1.2610e+00  4.1199e-01
 1.2630e+00  2.8704e-01
 1.2660e+00  2.4496e-01
 1.2690e+00  2.1548e-01
 1.2710e+00  1.8879e-01
 1.2740e+00  1.6429e-01
 1.2770e+00  2.1621e-01
 1.2800e+00  2.9716e-01
 1.2820e+00  3.5786e-01
 1.2850e+00  4.1114e-01
 1.2880e+00  4.5739e-01
 1.2900e+00  4.1878e-01
 1.2930e+00  3.7894e-01
 1.2960e+00  2.7255e-01
 1.2990e+00  1.8695e-01
 1.3010e+00  2.1244e-01
 1.3040e+00  4.2874e-01
 1.3070e+00  4.0333e-01
 1.3100e+00  3.6598e-01
 1.3120e+00  3.4684e-01
 1.3150e+00  3.9240e-01
 1.3180e+00  2.1521e-01
 1.3210e+00  2.0969e-01
 1.3230e+00  1.9638e-01
 1.3260e+00  1.5692e-01
 1.3290e+00  1.7904e-01
 1.3320e+00  2.0643e-01
 1.3350e+00  2.1291e-01
 1.3370e+00  2.3962e-01
 1.3400e+00  2.5886e-01
 1.3430e+00  2.9401e-01
 1.3460e+00  2.4892e-01
 1.3490e+00  3.6902e-01
 1.3510e+00  4.6110e-01
 1.3540e+00  3.1248e-01
 1.3570e+00  2.8439e-01
 1.3600e+00  2.8655e-01
 1.3630e+00  3.7346e-01
 1.3660e+00  3.0283e-01
 1.3680e+00  2.9122e-01
 1.3710e+00  4.2246e-01
 1.3740e+00  3.7471e-01
 1.3770e+00  4.7252e-01
 1.3800e+00  4.7911e-01
 1.3830e+00  1.8670e-01
 1.3860e+00  1.9519e-01
 1.3890e+00  1.9888e-01
 1.3910e+00  2.5583e-01
 1.3940e+00  2.8864e-01
 1.3970e+00  3.8906e-01
 1.4000e+00  4.3291e-01
 1.4030e+00  4.7058e-01
 1.4060e+00  4.7134e-01
 1.4090e+00  4.7384e-01
 1.4120e+00  3.0138e-01
 1.4150e+00  2.3923e-01
 1.4180e+00  2.5115e-01
 1.4210e+00  1.9825e-01
 1.4230e+00  3.3561e-01
 1.4260e+00  2.1999e-01
 1.4290e+00  2.9815e-01
 1.4320e+00  2.9209e-01
 1.4350e+00  3.2984e-01
 1.4380e+00  3.2007e-01
 1.4410e+00  2.8250e-01
 1.4440e+00  2.9246e-01
 1.4470e+00  2.6280e-01
 1.4500e+00  2.8595e-01
 1.4530e+00  3.7059e-01
 1.4560e+00  3.9323e-01
 1.4590e+00  4.7027e-01
 1.4620e+00  5.2282e-01
 1.4650e+00  4.9637e-01
 1.4680e+00  5.2208e-01
 1.4710e+00  3.6975e-01
 1.4740e+00  3.3325e-01
 1.4770e+00  3.8592e-01
 1.4800e+00  3.3584e-01
 1.4830e+00  3.8801e-01
 1.4860e+00  3.6804e-01
 1.4890e+00  2.7111e-01
 1.4920e+00  3.0343e-01
 1.4960e+00  3.2716e-01
 1.4990e+00  4.2737e-01
 1.5020e+00  4.3709e-01
 1.5050e+00  4.2322e-01
 1.5080e+00  4.1199e-01
 1.5110e+00  4.5253e-01
 1.5140e+00  4.1600e-01
 1.5170e+00  3.2846e-01
 1.5200e+00  2.4709e-01
 1.5230e+00  2.3791e-01
 1.5260e+00  2.4680e-01
 1.5300e+00  2.5358e-01
 1.5330e+00  2.8711e-01
 1.5360e+00  2.8529e-01
 1.5390e+00  3.5577e-01
 1.5420e+00  5.1417e-01
 1.5450e+00  5.7519e-01
 1.5480e+00  4.7982e-01
 1.5510e+00  5.0184e-01
 1.5550e+00  3.7761e-01
 1.5580e+00  3.9159e-01
 1.5610e+00  4.8823e-01
 1.5640e+00  4.7463e-01
 1.5670e+00  4.6456e-01
 1.5700e+00  3.9615e-01
 1.5740e+00  3.5469e-01
 1.5770e+00  3.0025e-01
 1.5800e+00  2.7743e-01
 1.5830e+00  3.0634e-01
 1.5860e+00  5.2171e-01
 1.5900e+00  3.0700e-01
 1.5930e+00  3.7405e-01
 1.5960e+00  5.8436e-01
 1.5990e+00  6.1282e-01
 1.6030e+00  6.6997e-01
 1.6060e+00  4.9752e-01
 1.6090e+00  4.3478e-01
 1.6120e+00  4.4345e-01
 1.6160e+00  4.5552e-01
 1.6190e+00  4.8023e-01
 1.6220e+00  5.2873e-01
 1.6250e+00  3.5496e-01
 1.6290e+00  4.7012e-01
 1.6320e+00  4.5578e-01
 1.6350e+00  5.0135e-01
 1.6390e+00  4.1990e-01
 1.6420e+00  3.8852e-01
 1.6450e+00  3.5830e-01
 1.6480e+00  3.4605e-01
 1.6520e+00  3.1211e-01
 1.6550e+00  3.0192e-01
 1.6580e+00  3.6388e-01
 1.6620e+00  4.4156e-01
 1.6650e+00  3.4566e-01
 1.6680e+00  7.6004e-01
 1.6720e+00  5.5659e-01
 1.6750e+00  6.8377e-01
 1.6790e+00  6.2515e-01
 1.6820e+00  4.7424e-01
 1.6850e+00  5.2300e-01
 1.6890e+00  4.5206e-01
 1.6920e+00  3.3206e-01
 1.6950e+00  2.6978e-01
 1.6990e+00  4.7712e-01
 1.7020e+00  4.0693e-01
 1.7060e+00  3.4713e-01
 1.7090e+00  3.2635e-01
 1.7120e+00  2.8940e-01
 1.7160e+00  3.9386e-01
 1.7190e+00  4.5099e-01
 1.7230e+00  3.8119e-01
 1.7260e+00  4.2516e-01
 1.7300e+00  5.4507e-01
 1.7330e+00  5.6022e-01
 1.7370e+00  6.5573e-01
 1.7400e+00  6.4349e-01
 1.7430e+00  2.6327e-01
 1.7470e+00  1.9966e-01
 1.7500e+00  1.8533e-01
 1.7540e+00  2.0756e-01
 1.7570e+00  6.3465e-01
 1.7610e+00  6.6477e-01
 1.7640e+00  6.7285e-01
 1.7680e+00  7.0233e-01
 1.7710e+00  5.8829e-01
 1.7750e+00  4.9319e-01
 1.7780e+00  3.0800e-01
 1.7820e+00  2.5429e-01
 1.7860e+00  2.7364e-01
 1.7890e+00  2.8190e-01
 1.7930e+00  3.1515e-01
 1.7960e+00  4.4636e-01
 1.8000e+00  3.9163e-01
 1.8030e+00  4.0834e-01
 1.8070e+00  4.2679e-01
 1.8100e+00  3.3126e-01
 1.8140e+00  2.6884e-01
 1.8180e+00  2.4498e-01
 1.8210e+00  2.9442e-01
 1.8250e+00  4.2426e-01
 1.8280e+00  5.7430e-01
 1.8320e+00  5.8223e-01
 1.8360e+00  4.8568e-01
 1.8390e+00  4.2463e-01
 1.8430e+00  3.2108e-01
 1.8470e+00  3.2804e-01
 1.8500e+00  4.1531e-01
 1.8540e+00  4.8847e-01
 1.8570e+00  5.1404e-01
 1.8610e+00  4.0548e-01
 1.8650e+00  3.7209e-01
 1.8680e+00  4.2759e-01
 1.8720e+00  4.4716e-01
 1.8760e+00  4.2749e-01
 1.8800e+00  4.4900e-01
 1.8830e+00  3.9541e-01
 1.8870e+00  3.6765e-01
 1.8910e+00  3.0664e-01
 1.8940e+00  3.6212e-01
 1.8980e+00  2.8040e-01
 1.9020e+00  5.2383e-01
 1.9060e+00  5.8193e-01
 1.9090e+00  5.7649e-01
 1.9130e+00  6.1025e-01
 1.9170e+00  5.5559e-01
 1.9210e+00  5.8124e-01
 1.9240e+00  5.8900e-01
 1.9280e+00  5.6223e-01
 1.9320e+00  5.5662e-01
 1.9360e+00  5.1498e-01
 1.9390e+00  5.5157e-01
 1.9430e+00  4.0047e-01
 1.9470e+00  3.6741e-01
 1.9510e+00  4.2071e-01
 1.9550e+00  4.4225e-01
 1.9580e+00  4.4772e-01
 1.9620e+00  4.6264e-01
 1.9660e+00  5.2095e-01
 1.9700e+00  4.3063e-01
 1.9740e+00  4.2240e-01
 1.9780e+00  4.7763e-01
 1.9820e+00  4.3122e-01
 1.9850e+00  3.7976e-01
 1.9890e+00  2.8104e-01
 1.9930e+00  4.5029e-01
 1.9970e+00  3.3238e-01
 2.0010e+00  4.4361e-01
 2.0050e+00  4.3460e-01
 2.0090e+00  4.0661e-01
 2.0130e+00  3.1924e-01
 2.0170e+00  3.2251e-01
 2.0200e+00  4.0956e-01
 2.0240e+00  5.8419e-01
 2.0280e+00  4.0118e-01
 2.0320e+00  5.3221e-01
 2.0360e+00  5.1087e-01
 2.0400e+00  4.5866e-01
 2.0440e+00  3.4124e-01
 2.0480e+00  3.0672e-01
 2.0520e+00  4.0636e-01
 2.0560e+00  4.4854e-01
 2.0600e+00  5.0506e-01
 2.0640e+00  5.2366e-01
 2.0680e+00  4.2155e-01
 2.0720e+00  4.7206e-01
 2.0760e+00  3.5770e-01
 2.0800e+00  3.5037e-01
 2.0840e+00  4.1848e-01
 2.0880e+00  3.3670e-01
 2.0920e+00  5.3313e-01
 2.0960e+00  2.6583e-01
 2.1000e+00  3.5727e-01
 2.1040e+00  3.5790e-01
 2.1080e+00  3.2480e-01
 2.1120e+00  4.9313e-01
 2.1170e+00  4.0370e-01
 2.1210e+00  6.0567e-01
 2.1250e+00  6.3027e-01
 2.1290e+00  6.1794e-01
 2.1330e+00  5.7672e-01
 2.1370e+00  3.9233e-01
 2.1410e+00  4.1922e-01
 2.1450e+00  4.0457e-01
 2.1490e+00  4.6069e-01
 2.1540e+00  5.4936e-01
 2.1580e+00  7.0743e-01
 2.1620e+00  4.9520e-01
 2.1660e+00  2.6635e-01
 2.1700e+00  2.7706e-01
 2.1740e+00  2.7156e-01
 2.1780e+00  3.2386e-01
 2.1830e+00  3.7721e-01
 2.1870e+00  5.8107e-01
 2.1910e+00  6.5942e-01
 2.1950e+00  6.8228e-01
 2.1990e+00  6.6136e-01
 2.2040e+00  6.1816e-01
 2.2080e+00  5.6436e-01
 2.2120e+00  3.1275e-01
 2.2160e+00  3.9867e-01
 2.2210e+00  4.0000e-01
 2.2250e+00  3.4522e-01
 2.2290e+00  3.5018e-01
 2.2330e+00  3.6612e-01
 2.2380e+00  3.8401e-01
 2.2420e+00  3.9364e-01
 2.2460e+00  3.4816e-01
 2.2510e+00  3.3685e-01
 2.2550e+00  4.9251e-01
 2.2590e+00  5.1771e-01
 2.2640e+00  5.4656e-01
 2.2680e+00  5.0342e-01
 2.2720e+00  4.9441e-01
 2.2770e+00  6.0526e-01
 2.2810e+00  4.1609e-01
 2.2850e+00  3.8289e-01
 2.2900e+00  5.9689e-01
 2.2940e+00  5.5106e-01
 2.2980e+00  5.3050e-01
 2.3030e+00  4.7541e-01
 2.3070e+00  3.4899e-01
 2.3110e+00  3.0734e-01
 2.3160e+00  3.2091e-01
 2.3200e+00  3.0223e-01
 2.3250e+00  3.2110e-01
 2.3290e+00  2.9823e-01
 2.3340e+00  3.3369e-01
 2.3380e+00  5.6254e-01
 2.3420e+00  4.0033e-01
 2.3470e+00  5.0713e-01
 2.3510e+00  4.9117e-01
 2.3560e+00  3.4393e-01
 2.3600e+00  2.7410e-01
 2.3650e+00  5.0009e-01
 2.3690e+00  3.8104e-01
 2.3740e+00  4.8944e-01
 2.3780e+00  5.4781e-01
 2.3830e+00  5.6636e-01
 2.3870e+00  5.5970e-01
 2.3920e+00  5.4049e-01
 2.3960e+00  5.4144e-01
 2.4010e+00  4.3336e-01
 2.4050e+00  5.3051e-01
 2.4100e+00  7.1481e-01
 2.4150e+00  4.6483e-01
 2.4190e+00  4.1640e-01
 2.4240e+00  3.2901e-01
 2.4280e+00  3.2899e-01
 2.4330e+00  4.2337e-01
 2.4380e+00  3.4941e-01
 2.4420e+00  6.3219e-01
 2.4470e+00  7.6509e-01
 2.4510e+00  5.1547e-01
 2.4560e+00  4.5945e-01
 2.4610e+00  3.9080e-01
 2.4650e+00  4.9556e-01
 2.4700e+00  3.4141e-01
 2.4750e+00  4.1168e-01
 2.4790e+00  4.4881e-01
 2.4840e+00  4.9286e-01
 2.4890e+00  4.3320e-01
 2.4930e+00  4.5474e-01
 2.4980e+00  4.3318e-01
 2.5030e+00  4.7428e-01
 2.5070e+00  4.7359e-01
 2.5120e+00  6.1942e-01
 2.5170e+00  6.5684e-01
 2.5220e+00  6.5350e-01
 2.5260e+00  6.3364e-01
 2.5310e+00  5.5180e-01
 2.5360e+00  4.6693e-01
 2.5410e+00  4.8747e-01
 2.5450e+00  3.4796e-01
 2.5500e+00  4.0394e-01
 2.5550e+00  3.2800e-01
 2.5600e+00  4.8942e-01
 2.5650e+00  4.1817e-01
 2.5690e+00  4.2610e-01
 2.5740e+00  4.9934e-01
 2.5790e+00  5.9971e-01
 2.5840e+00  6.3781e-01
 2.5890e+00  5.2416e-01
 2.5940e+00  3.3595e-01
 2.5980e+00  3.5385e-01
 2.6030e+00  5.7846e-01
 2.6080e+00  5.0491e-01
 2.6130e+00  5.9637e-01
 2.6180e+00  4.8803e-01
 2.6230e+00  5.7017e-01
 2.6280e+00  3.0507e-01
 2.6330e+00  3.2559e-01
 2.6380e+00  5.6981e-01
 2.6430e+00  3.4220e-01
 2.6480e+00  3.8263e-01
 2.6520e+00  3.8626e-01
 2.6570e+00  5.5917e-01
 2.6620e+00  6.1483e-01
 2.6670e+00  7.0888e-01
 2.6720e+00  7.1512e-01
 2.6770e+00  7.2076e-01
 2.6820e+00  6.0317e-01
 2.6870e+00  6.4687e-01
 2.6920e+00  5.9489e-01
 2.6970e+00  4.2892e-01
 2.9000e+00  1.0000e+05
 3.3000e+00  4.7140e-01
 3.3070e+00  4.9063e-01
 3.3140e+00  7.0377e-01
 3.3210e+00  7.1337e-01
 3.3290e+00  6.7125e-01
 3.3360e+00  5.1545e-01
 3.3440e+00  4.4748e-01
 3.3510e+00  4.3455e-01
 3.3580e+00  4.5773e-01
 3.3660e+00  5.7208e-01
 3.3730e+00  4.9351e-01
 3.3810e+00  4.4577e-01
 3.3880e+00  4.2256e-01
 3.3950e+00  5.7406e-01
 3.4030e+00  7.6134e-01
 3.4100e+00  7.2155e-01
 3.4180e+00  7.1721e-01
 3.4250e+00  6.9997e-01
 3.4330e+00  7.5662e-01
 3.4400e+00  4.7425e-01
 3.4480e+00  3.5692e-01
 3.4560e+00  3.1095e-01
 3.4630e+00  3.0368e-01
 3.4710e+00  6.5082e-01
 3.4780e+00  6.8195e-01
 3.4860e+00  6.4852e-01
 3.4940e+00  7.2839e-01
 3.5010e+00  7.6880e-01
 3.5090e+00  7.8435e-01
 3.5170e+00  7.4491e-01
 3.5240e+00  6.9685e-01
 3.5320e+00  8.5785e-01
 3.6000e+00  1.0000e+05
 3.9340e+00  8.3671e-01
 3.9430e+00  5.7231e-01
 3.9510e+00  5.2073e-01
 3.9600e+00  4.7820e-01
 3.9680e+00  6.5059e-01
 3.9770e+00  5.0755e-01
 3.9850e+00  3.9970e-01
 3.9940e+00  4.2336e-01
 4.0030e+00  5.1140e-01
 4.0110e+00  9.1489e-01
 4.0200e+00  7.2421e-01
 4.0280e+00  7.8528e-01
 4.0370e+00  9.6586e-01
 4.0460e+00  1.0904e+00
 4.0540e+00  8.9903e-01
 4.0630e+00  7.7461e-01
 4.0720e+00  8.2114e-01
 4.0800e+00  6.5559e-01
 4.0890e+00  5.8716e-01
 4.0980e+00  5.7388e-01
 4.1060e+00  5.6998e-01
 4.1150e+00  7.5674e-01
 4.1240e+00  1.0861e+00
 4.1330e+00  8.2329e-01
 4.1420e+00  3.5145e-01
 4.1510e+00  3.0600e-01
 4.1590e+00  3.0484e-01
 4.1680e+00  3.0742e-01
 4.1770e+00  3.1627e-01
 4.1860e+00  5.9761e-01
 4.1950e+00  7.5069e-01
 4.2040e+00  6.3583e-01
 4.2130e+00  6.3851e-01
 4.2220e+00  6.4581e-01
 4.2310e+00  5.5032e-01
 4.2400e+00  5.3254e-01
 4.2490e+00  7.5840e-01
 4.2580e+00  5.1397e-01
 4.2670e+00  5.6945e-01
 4.2760e+00  5.2681e-01
 4.2850e+00  5.3722e-01
 4.2940e+00  5.5639e-01
 4.3030e+00  5.8511e-01
 4.3120e+00  6.5853e-01
 4.3220e+00  7.4205e-01
 4.3310e+00  6.7992e-01
 4.3400e+00  6.5691e-01
 4.3490e+00  3.7857e-01
 4.3580e+00  3.1933e-01
 4.3680e+00  3.7071e-01
 4.3770e+00  5.3506e-01
 4.3860e+00  5.1018e-01
 4.3950e+00  4.9126e-01
 4.4050e+00  6.8335e-01
 4.4140e+00  7.4084e-01
 4.4230e+00  7.3514e-01
 4.4330e+00  7.6561e-01
 4.4420e+00  7.5813e-01
 4.4520e+00  8.3870e-01
 4.4610e+00  7.3937e-01
 4.4700e+00  7.7079e-01
 4.4800e+00  5.1283e-01
 4.4890e+00  4.7232e-01
 4.4990e+00  4.4039e-01
 4.5080e+00  6.4827e-01
 4.5180e+00  6.1732e-01
 4.5270e+00  6.8086e-01
 4.5370e+00  5.7394e-01
 4.5470e+00  7.5421e-01
 4.5560e+00  6.5682e-01
 4.5660e+00  6.9413e-01
 4.5750e+00  7.2305e-01
 4.5850e+00  4.9766e-01
 4.5950e+00  4.1639e-01
 4.6040e+00  2.9347e-01
 4.6140e+00  2.9426e-01
 4.6240e+00  4.1717e-01
 4.6340e+00  4.2919e-01
 4.6430e+00  5.5098e-01
 4.6530e+00  5.6232e-01
 4.6630e+00  5.7833e-01
 4.6730e+00  6.1894e-01
 4.6830e+00  6.3034e-01
 4.6920e+00  6.4289e-01
 4.7020e+00  5.4329e-01
 4.7120e+00  3.7673e-01
 4.7220e+00  5.1045e-01
 4.7320e+00  5.4035e-01
 4.7420e+00  6.8543e-01
 4.7520e+00  7.5415e-01
 4.7620e+00  8.4155e-01
 4.7720e+00  8.6374e-01
 4.7820e+00  9.0306e-01
 4.7920e+00  7.5721e-01
 4.8020e+00  3.5458e-01
 4.8120e+00  3.0762e-01
 4.8220e+00  3.1756e-01
 4.8330e+00  4.1177e-01
 4.8430e+00  5.1678e-01
 4.8530e+00  8.8006e-01
 4.8630e+00  7.6523e-01
 4.8730e+00  7.3249e-01
 4.8830e+00  7.1793e-01
 4.8940e+00  6.1417e-01
 4.9040e+00  5.7039e-01
 4.9140e+00  4.1094e-01
 4.9250e+00  4.2074e-01
 4.9350e+00  4.0290e-01
 4.9450e+00  3.8407e-01
 4.9560e+00  4.2839e-01
 4.9660e+00  5.0035e-01
 4.9760e+00  5.0890e-01
 4.9870e+00  4.1136e-01
 4.9970e+00  4.0610e-01
 5.0080e+00  3.4365e-01
 5.0180e+00  3.9837e-01
 5.0290e+00  4.8019e-01
 5.0390e+00  4.4693e-01
 5.0500e+00  5.8097e-01
 5.0600e+00  7.0494e-01
 5.0710e+00  6.1783e-01
 5.0820e+00  4.3209e-01
 5.0920e+00  3.5916e-01
 5.1030e+00  5.3474e-01
 5.1140e+00  4.6399e-01
 5.1240e+00  4.2986e-01
 5.1350e+00  4.5656e-01
 5.1460e+00  7.0030e-01
 5.1570e+00  5.8841e-01
 5.1670e+00  6.7689e-01
 5.1780e+00  6.6277e-01
 5.1890e+00  4.8720e-01
 5.2000e+00  5.5753e-01
 5.2110e+00  5.5723e-01
 5.2220e+00  5.8392e-01
 5.2320e+00  6.3157e-01
 5.2430e+00  6.5271e-01
 5.2540e+00  6.7049e-01
 5.2650e+00  6.3977e-01
 5.2760e+00  6.1513e-01
 5.2870e+00  4.8394e-01
 5.2980e+00  5.3643e-01
 5.3090e+00  5.0506e-01
 5.3210e+00  5.6928e-01
 5.3320e+00  4.3469e-01
 5.3430e+00  4.0855e-01
 5.3540e+00  4.2545e-01
 5.3650e+00  4.5798e-01
 5.3760e+00  5.6857e-01
 5.3880e+00  6.2012e-01
 5.3990e+00  5.9581e-01
 5.4100e+00  5.8292e-01
 5.4210e+00  3.2491e-01
 5.4330e+00  3.6700e-01
 5.4440e+00  7.0478e-01
 5.4550e+00  7.0257e-01
 5.4670e+00  6.3873e-01
 5.4780e+00  5.6407e-01
 5.4900e+00  4.5502e-01
 5.5010e+00  3.5525e-01
 5.5120e+00  3.3036e-01
 5.5240e+00  3.9081e-01
 5.5350e+00  3.7854e-01
 5.5470e+00  4.2057e-01
 5.5590e+00  4.8593e-01
 5.5700e+00  5.1051e-01
 5.5820e+00  4.9298e-01
 5.5930e+00  5.5500e-01
 5.6050e+00  5.6356e-01
 5.6170e+00  5.5216e-01
 5.6280e+00  6.6176e-01
 5.6400e+00  6.4852e-01
 5.6520e+00  6.7856e-01
 5.6640e+00  5.8651e-01
 5.6750e+00  7.0709e-01
 5.6870e+00  4.9929e-01
 5.6990e+00  7.1538e-01
 5.7110e+00  4.4466e-01
 5.7230e+00  7.1620e-01
 5.7350e+00  7.2850e-01
 5.7470e+00  6.9041e-01
 5.7590e+00  8.3671e-01
 5.7710e+00  6.5755e-01
 5.7830e+00  6.4739e-01
 5.7950e+00  4.5652e-01
 5.8070e+00  5.6239e-01
 5.8190e+00  5.5438e-01
 5.8310e+00  5.1293e-01
 5.8430e+00  5.0436e-01
 5.8550e+00  5.4085e-01
 5.8670e+00  4.8776e-01
 5.8800e+00  4.3344e-01
 5.8920e+00  3.2977e-01
 5.9040e+00  3.7453e-01
 5.9160e+00  3.8678e-01
 5.9290e+00  3.6839e-01
 5.9410e+00  3.4752e-01
 5.9530e+00  3.2633e-01
 5.9660e+00  3.6253e-01
 5.9780e+00  6.5449e-01
 5.9910e+00  7.0261e-01
 6.0030e+00  6.1210e-01
 6.0150e+00  5.5355e-01
 6.0280e+00  4.8515e-01
 6.0410e+00  4.8573e-01
 6.0530e+00  5.0354e-01
 6.0660e+00  4.1091e-01
 6.0780e+00  5.8690e-01
 6.0910e+00  3.5414e-01
 6.1040e+00  3.6948e-01
 6.1160e+00  4.8109e-01
 6.1290e+00  5.8285e-01
 6.1420e+00  8.3707e-01
 6.1540e+00  8.5696e-01
 6.1670e+00  8.3361e-01
 6.1800e+00  5.3956e-01
 6.1930e+00  5.9783e-01
 6.2060e+00  5.3037e-01
 6.2190e+00  3.2066e-01
 6.2320e+00  5.8518e-01
 6.2450e+00  5.5487e-01
 6.2580e+00  3.5835e-01
 6.2710e+00  4.4079e-01
 6.2840e+00  4.7055e-01
 6.2970e+00  6.2748e-01
 6.3100e+00  5.8085e-01
 6.3230e+00  5.8389e-01
 6.3360e+00  4.8645e-01
 6.3490e+00  4.1133e-01
 6.3620e+00  4.9100e-01
 6.3760e+00  5.1855e-01
 6.3890e+00  6.3044e-01
 6.4020e+00  2.6753e-01
 6.4150e+00  2.5976e-01
 6.4290e+00  3.9563e-01
 6.4420e+00  4.7441e-01
 6.4560e+00  5.5070e-01
 6.4690e+00  6.2638e-01
 6.4820e+00  8.0654e-01
 6.4960e+00  8.2558e-01
 6.5090e+00  6.4015e-01
 6.5230e+00  5.8435e-01
 6.5360e+00  4.1335e-01
 6.5500e+00  3.5055e-01
 6.5640e+00  3.0703e-01
 6.5770e+00  3.7167e-01
 6.5910e+00  4.1332e-01
 6.6050e+00  3.3793e-01
 6.6180e+00  7.2461e-01
 6.6320e+00  5.9224e-01
 6.6460e+00  5.9589e-01
 6.6600e+00  3.9979e-01
 6.6740e+00  3.5324e-01
 6.6870e+00  3.1218e-01
 6.7010e+00  3.2197e-01
 6.7150e+00  3.0146e-01
 6.7290e+00  5.1375e-01
 6.7430e+00  5.6153e-01
 6.7570e+00  3.8567e-01
 6.7710e+00  3.8596e-01
 6.7850e+00  3.1951e-01
 6.8000e+00  3.0293e-01
 6.8140e+00  2.8603e-01
 6.8280e+00  4.7506e-01
 6.8420e+00  5.8168e-01
 6.8560e+00  6.4140e-01
 6.8710e+00  6.4935e-01
 6.8850e+00  6.9923e-01
 6.8990e+00  6.8511e-01
 6.9130e+00  6.0337e-01
 6.9280e+00  5.3782e-01
 6.9420e+00  3.4547e-01
 6.9570e+00  3.8007e-01
 6.9710e+00  5.5314e-01
 6.9860e+00  6.5022e-01
 7.0000e+00  8.3670e-01
 7.0150e+00  7.6468e-01
 7.0290e+00  4.1773e-01
 7.0440e+00  3.4637e-01
 7.0590e+00  3.4696e-01
 7.0730e+00  2.6014e-01
 7.0880e+00  2.6832e-01
 7.1030e+00  4.1985e-01
 7.1180e+00  7.3525e-01
 7.1320e+00  8.6536e-01
 7.1470e+00  9.4034e-01
 7.1620e+00  6.2468e-01
 7.1770e+00  3.6899e-01
 7.1920e+00  3.7601e-01
 7.2070e+00  2.2915e-01
 7.2220e+00  4.8958e-01
 7.2370e+00  5.5023e-01
 7.2520e+00  7.2720e-01
 7.2670e+00  7.3176e-01
 7.2820e+00  6.2733e-01
 7.2980e+00  5.7348e-01
 7.3130e+00  6.1143e-01
 7.3280e+00  2.8679e-01
 7.3430e+00  5.6701e-01
 7.3590e+00  6.2791e-01
 7.3740e+00  6.9285e-01
 7.3890e+00  6.5119e-01
 7.4050e+00  6.8698e-01
 7.4200e+00  6.3430e-01
 7.4360e+00  5.1036e-01
 7.4510e+00  4.0382e-01
 7.4670e+00  3.4747e-01
 7.4820e+00  2.8149e-01
 7.4980e+00  2.9751e-01
 7.5130e+00  3.1165e-01
 7.5290e+00  4.5521e-01
 7.5450e+00  1.0791e+00
 7.5610e+00  5.1060e-01
 7.5760e+00  4.0348e-01
 7.5920e+00  3.3368e-01
 7.6080e+00  2.5833e-01
 7.6240e+00  4.1140e-01
 7.6400e+00  4.8363e-01
 7.6560e+00  7.0254e-01
 7.6720e+00  7.4446e-01
 7.6880e+00  6.9177e-01
 7.7040e+00  6.4951e-01
 7.7200e+00  5.5741e-01
 7.7360e+00  2.9447e-01
 7.7520e+00  3.2569e-01
 7.7680e+00  3.3486e-01
 7.7850e+00  3.6239e-01
 7.8010e+00  4.3005e-01
 7.8170e+00  5.9045e-01
 7.8340e+00  4.9309e-01
 7.8500e+00  5.0777e-01
 7.8660e+00  5.3167e-01
 7.8830e+00  5.1392e-01
 7.8990e+00  4.0371e-01
 7.9160e+00  5.3745e-01
 7.9320e+00  5.2152e-01
 7.9490e+00  4.4625e-01
 7.9660e+00  5.2308e-01
 7.9820e+00  3.6268e-01
 7.9990e+00  4.3306e-01
 8.0160e+00  3.7280e-01
 8.0320e+00  5.2583e-01
 8.0490e+00  5.5611e-01
 8.0660e+00  5.5519e-01
 8.0830e+00  4.9946e-01
 8.1000e+00  3.5105e-01
 8.1170e+00  4.0308e-01
 8.1340e+00  3.8624e-01
 8.1510e+00  4.0765e-01
 8.1680e+00  4.1073e-01
 8.1850e+00  4.5511e-01
 8.2020e+00  4.5265e-01
 8.2190e+00  4.7743e-01
 8.2370e+00  4.8935e-01
 8.2540e+00  5.4812e-01
 8.2710e+00  5.6375e-01
 8.2890e+00  6.5432e-01
 8.3060e+00  5.6830e-01
 8.3230e+00  5.5640e-01
 8.3410e+00  4.9520e-01
 8.3580e+00  5.3037e-01
 8.3760e+00  5.7105e-01
 8.3930e+00  7.2405e-01
 8.4110e+00  7.1768e-01
 8.4290e+00  6.9349e-01
 8.4460e+00  7.0937e-01
 8.4640e+00  4.6056e-01
 8.4820e+00  5.5178e-01
 8.5000e+00  4.6916e-01
 8.5180e+00  3.4582e-01
 8.5350e+00  3.4396e-01
 8.5530e+00  4.3763e-01
 8.5710e+00  6.2646e-01
 8.5890e+00  7.0049e-01
 8.6070e+00  7.1607e-01
 8.6260e+00  7.2125e-01
 8.6440e+00  7.3995e-01
 8.6620e+00  5.4655e-01
 8.6800e+00  6.0865e-01
 8.6980e+00  8.7240e-01
 8.7170e+00  1.1102e+00
 8.7350e+00  6.3867e-01
 8.7530e+00  2.7106e-01
 8.7720e+00  2.0319e-01
 8.7900e+00  2.2330e-01
 8.8090e+00  2.6915e-01
 8.8270e+00  8.7766e-01
 9.1000e+00  1.0000e+05
 1.0690e+01  5.3025e-01
 1.0710e+01  8.3822e-01
 1.0740e+01  7.1085e-01
 1.0760e+01  5.1231e-01
 1.0780e+01  3.4379e-01
 1.0810e+01  3.9389e-01
 1.0830e+01  4.4949e-01
 1.0850e+01  6.1579e-01
 1.0880e+01  8.4461e-01
 1.0900e+01  9.3344e-01
 1.0920e+01  8.1605e-01
 1.0950e+01  7.8516e-01
 1.0970e+01  6.4944e-01
 1.0990e+01  4.8668e-01
 1.1020e+01  5.0632e-01
 1.1040e+01  2.0959e-01
 1.1060e+01  5.8914e-01
 1.1090e+01  5.4599e-01
 1.1110e+01  5.9036e-01
 1.1140e+01  7.2984e-01
 1.1160e+01  8.1067e-01
 1.1180e+01  7.4729e-01
 1.1210e+01  5.2437e-01
 1.1230e+01  4.4562e-01
 1.1260e+01  4.0956e-01
 1.1280e+01  3.5518e-01
 1.1310e+01  5.0062e-01
 1.1330e+01  4.8015e-01
 1.1350e+01  4.1010e-01
 1.1380e+01  4.1021e-01
 1.1400e+01  3.0754e-01
 1.1430e+01  3.1679e-01
 1.1450e+01  2.5693e-01
 1.1480e+01  2.5498e-01
 1.1500e+01  5.6019e-01
 1.1530e+01  6.8480e-01
 1.1550e+01  6.1765e-01
 1.1580e+01  5.2175e-01
 1.1600e+01  2.8320e-01
 1.1630e+01  4.0005e-01
 1.1650e+01  2.3357e-01
 1.1680e+01  2.3018e-01
 1.1710e+01  2.7791e-01
 1.1730e+01  4.6519e-01
 1.1760e+01  4.0645e-01
 1.1780e+01  6.1113e-01
 1.1810e+01  5.1545e-01
 1.1830e+01  6.4828e-01
 1.1860e+01  5.9608e-01
 1.1880e+01  3.1282e-01
 1.1910e+01  2.7529e-01
 1.1940e+01  2.5992e-01
 1.1960e+01  2.9107e-01
 1.1990e+01  2.7088e-01
 1.2020e+01  2.8732e-01
 1.2040e+01  3.4090e-01
 1.2070e+01  4.5471e-01
 1.2090e+01  6.0433e-01
 1.2120e+01  7.4851e-01
 1.2150e+01  7.7835e-01
 1.2170e+01  8.9001e-01
 1.2200e+01  6.1886e-01
 1.2230e+01  3.9200e-01
 1.2250e+01  2.6462e-01
 1.2280e+01  2.6392e-01
 1.2310e+01  2.7487e-01
 1.2330e+01  3.5255e-01
 1.2360e+01  3.4345e-01
 1.2390e+01  7.1155e-01
 1.2420e+01  6.5898e-01
 1.2440e+01  5.3507e-01
 1.2470e+01  4.2006e-01
 1.2500e+01  3.2114e-01
 1.2530e+01  2.6751e-01
 1.2550e+01  2.5024e-01
 1.2580e+01  3.7252e-01
 1.2610e+01  3.1471e-01
 1.2640e+01  6.3866e-01
 1.2660e+01  5.7795e-01
 1.2690e+01  5.0238e-01
 1.2720e+01  5.8347e-01
 1.2750e+01  5.5717e-01
 1.2780e+01  5.4967e-01
 1.2800e+01  3.9560e-01
 1.2830e+01  2.9154e-01
 1.2860e+01  3.1858e-01
 1.2890e+01  4.8022e-01
 1.2920e+01  3.2596e-01
 1.2950e+01  5.1053e-01
 1.2980e+01  5.7947e-01
 1.3000e+01  6.2554e-01
 1.3030e+01  6.4186e-01
 1.3060e+01  5.7109e-01
 1.3090e+01  4.4128e-01
 1.3120e+01  3.5456e-01
 1.3150e+01  3.1139e-01
 1.3180e+01  3.2117e-01
 1.3210e+01  3.9680e-01
 1.3240e+01  3.4249e-01
 1.3270e+01  3.4749e-01
 1.3300e+01  3.7045e-01
 1.3320e+01  4.5639e-01
 1.3350e+01  4.3918e-01
 1.3380e+01  4.6211e-01
 1.3410e+01  4.5950e-01
 1.3440e+01  3.9949e-01
 1.3470e+01  5.0606e-01
 1.3500e+01  3.8998e-01
 1.3530e+01  5.9316e-01
 1.3560e+01  6.1547e-01
 1.3590e+01  6.8556e-01
 1.3620e+01  7.2483e-01
 1.3650e+01  5.6057e-01
 1.3690e+01  5.4967e-01
 1.3720e+01  5.7098e-01
 1.3750e+01  5.0195e-01
 1.3780e+01  4.5016e-01
 1.3810e+01  5.5319e-01
 1.3840e+01  3.3114e-01
 1.3870e+01  2.9369e-01
 1.3900e+01  3.5094e-01
 1.3930e+01  3.6459e-01
 1.3960e+01  5.7804e-01
 1.3990e+01  7.0246e-01
 1.4030e+01  6.8259e-01
 1.4060e+01  2.8672e-01
 1.4090e+01  2.8109e-01
 1.4120e+01  3.6449e-01
 1.4150e+01  3.3525e-01
 1.4180e+01  3.2167e-01
 1.4220e+01  2.7523e-01
 1.4250e+01  3.5629e-01
 1.4280e+01  3.2844e-01
 1.4310e+01  3.4968e-01
 1.4340e+01  5.0776e-01
 1.4380e+01  5.8938e-01
 1.4410e+01  5.9212e-01
 1.4440e+01  6.2711e-01
 1.4470e+01  7.0039e-01
 1.4510e+01  7.4771e-01
 1.4540e+01  6.8184e-01
 1.4570e+01  7.2052e-01
 1.4610e+01  6.3366e-01
 1.4640e+01  4.5691e-01
 1.4670e+01  3.9235e-01
 1.4710e+01  3.2463e-01
 1.4740e+01  2.9594e-01
 1.4770e+01  4.2807e-01
 1.4810e+01  6.4670e-01
 1.4840e+01  6.5442e-01
 1.4870e+01  6.2513e-01
 1.4910e+01  4.9855e-01
 1.4940e+01  4.2126e-01
 1.4970e+01  3.0135e-01
 1.5010e+01  3.0132e-01
 1.5040e+01  3.2621e-01
 1.5080e+01  3.6007e-01
 1.5110e+01  4.3680e-01
 1.5150e+01  8.3936e-01
 1.5180e+01  9.1811e-01
 1.5210e+01  6.3768e-01
 1.5250e+01  6.0306e-01
 1.5280e+01  5.1807e-01
 1.5320e+01  2.5011e-01
 1.5350e+01  3.6434e-01
 1.5390e+01  3.6606e-01
 1.5420e+01  3.7910e-01
 1.5460e+01  4.1118e-01
 1.5490e+01  6.4622e-01
 1.5530e+01  6.8063e-01
 1.5570e+01  5.0141e-01
 1.5600e+01  3.7393e-01
 1.5640e+01  2.8956e-01
 1.5670e+01  3.7165e-01
 1.5710e+01  4.4080e-01
 1.5740e+01  4.6455e-01
 1.5780e+01  4.8766e-01
 1.5820e+01  6.0828e-01
 1.5850e+01  6.5843e-01
 1.5890e+01  7.3738e-01
 1.5930e+01  3.9895e-01
 1.5960e+01  5.4599e-01
 1.6000e+01  3.3197e-01
 1.6040e+01  3.3455e-01
 1.6070e+01  7.4935e-01
 1.6110e+01  7.1898e-01
 1.6150e+01  6.7660e-01
 1.6190e+01  6.7366e-01
 1.6220e+01  5.9446e-01
 1.6260e+01  4.9150e-01
 1.6300e+01  3.9191e-01
 1.6340e+01  3.6955e-01
 1.6370e+01  3.6421e-01
 1.6410e+01  3.0841e-01
 1.6450e+01  6.2217e-01
 1.6490e+01  4.8575e-01
 1.6530e+01  7.8587e-01
 1.6560e+01  6.8486e-01
 1.6600e+01  7.5918e-01
 1.6640e+01  6.7294e-01
 1.6680e+01  4.2600e-01
 1.6720e+01  3.8083e-01
 1.6760e+01  1.9208e-01
 1.6800e+01  2.7776e-01
 1.6840e+01  4.0402e-01
 1.6880e+01  4.6798e-01
 1.6910e+01  8.4697e-01
 1.6950e+01  8.7890e-01
 1.6990e+01  7.3226e-01
 1.7030e+01  5.1699e-01
 1.7070e+01  4.0552e-01
 1.7110e+01  2.5339e-01
 1.7150e+01  2.5621e-01
 1.7190e+01  2.7210e-01
 1.7230e+01  3.3699e-01
 1.7270e+01  4.6362e-01
 1.7310e+01  7.5440e-01
 1.7360e+01  8.6370e-01
 1.7400e+01  8.5641e-01
 1.7440e+01  4.5402e-01
 1.7480e+01  3.9441e-01
 1.7520e+01  2.7832e-01
 1.7560e+01  2.3959e-01
 1.7600e+01  3.3037e-01
 1.7640e+01  4.1430e-01
 1.7680e+01  7.1971e-01
 1.7730e+01  7.2885e-01
 1.7770e+01  7.6641e-01
 1.7810e+01  7.8658e-01
 1.7850e+01  7.7525e-01
 1.7890e+01  7.1424e-01
 1.7940e+01  6.3617e-01
 1.7980e+01  2.6834e-01
 1.8020e+01  2.6541e-01
 1.8060e+01  4.0924e-01
 1.8110e+01  3.0314e-01
 1.8150e+01  7.4952e-01
 1.8190e+01  5.3583e-01
 1.8240e+01  7.1272e-01
 1.8280e+01  4.5972e-01
 1.8320e+01  4.2014e-01
 1.8370e+01  4.0073e-01
 1.8410e+01  4.5346e-01
 1.8450e+01  3.9510e-01
 1.8500e+01  6.4319e-01
 1.8540e+01  6.4458e-01
 1.8590e+01  6.6278e-01
 1.8630e+01  4.0159e-01
 1.8680e+01  4.3218e-01
 1.8720e+01  5.2390e-01
 1.8770e+01  5.3470e-01
 1.8810e+01  5.4683e-01
 1.8860e+01  3.3512e-01
 1.8900e+01  3.6115e-01
 1.8950e+01  4.9928e-01
 1.8990e+01  6.0345e-01
 1.9040e+01  8.9519e-01
 1.9080e+01  7.0437e-01
 1.9130e+01  6.2172e-01
 1.9170e+01  5.8580e-01
 1.9220e+01  4.8772e-01
 1.9270e+01  3.9466e-01
 1.9310e+01  3.7889e-01
 1.9360e+01  4.9896e-01
 1.9410e+01  5.3566e-01
 1.9450e+01  6.2814e-01
 1.9500e+01  6.0096e-01
 1.9550e+01  4.4900e-01
 1.9600e+01  3.9352e-01
 1.9640e+01  4.0061e-01
 1.9690e+01  3.9931e-01
 1.9740e+01  4.0571e-01
 1.9790e+01  4.9591e-01
 1.9830e+01  4.9359e-01
 1.9880e+01  4.2129e-01
 1.9930e+01  3.4831e-01
 1.9980e+01  3.7895e-01
 2.0030e+01  3.3859e-01
 2.0080e+01  6.0220e-01
 2.0130e+01  6.2207e-01
 2.0170e+01  6.8979e-01
 2.0220e+01  6.8885e-01
 2.0270e+01  6.7341e-01
 2.0320e+01  5.2733e-01
 2.0370e+01  4.4417e-01
 2.0420e+01  4.4117e-01
 2.0470e+01  5.2204e-01
 2.0520e+01  5.3620e-01
 2.0570e+01  7.8080e-01
 2.0620e+01  5.5719e-01
 2.0670e+01  5.6060e-01
 2.0720e+01  4.9765e-01
 2.0780e+01  5.5527e-01
 2.0830e+01  4.5760e-01
 2.0880e+01  4.4618e-01
 2.0930e+01  4.4855e-01
 2.0980e+01  4.7925e-01
 2.1030e+01  4.3481e-01
 2.1080e+01  6.0167e-01
 2.1140e+01  7.2038e-01
 2.1190e+01  6.8776e-01
 2.1240e+01  6.9489e-01
 2.1290e+01  6.9160e-01
 2.1350e+01  7.3208e-01
 2.1400e+01  6.2421e-01
 2.1450e+01  5.5480e-01
 2.1510e+01  5.2210e-01
 2.1560e+01  4.8470e-01
 2.1610e+01  4.5979e-01
 2.1670e+01  4.1460e-01
 2.1720e+01  5.6680e-01
 2.1780e+01  6.5054e-01
 2.1830e+01  8.6785e-01
 2.1880e+01  8.7091e-01
 2.1940e+01  5.4362e-01
 2.1990e+01  5.7435e-01
 2.2050e+01  5.3424e-01
 2.2100e+01  4.8772e-01
 2.2160e+01  3.4800e-01
 2.2210e+01  5.1544e-01
 2.2270e+01  5.0905e-01
 2.2330e+01  4.9761e-01
 2.2380e+01  3.3334e-01
 2.2440e+01  5.4664e-01
 2.2500e+01  6.8849e-01
 2.2550e+01  3.7786e-01
 2.2610e+01  4.0286e-01
 2.2670e+01  3.7754e-01
 2.2720e+01  3.9916e-01
 2.2780e+01  3.7420e-01
 2.2840e+01  4.6811e-01
 2.2900e+01  4.6475e-01
 2.2950e+01  4.7119e-01
 2.3010e+01  4.2764e-01
 2.3070e+01  5.4353e-01
 2.3130e+01  7.1786e-01
 2.3190e+01  7.1182e-01
 2.3250e+01  7.5508e-01
 2.3310e+01  7.3316e-01
 2.3370e+01  5.8689e-01
 2.3430e+01  6.5821e-01
 2.3490e+01  6.4845e-01
 2.3550e+01  6.9036e-01
 2.3610e+01  6.8294e-01
 2.3670e+01  6.8597e-01
 2.3730e+01  6.6499e-01
 2.3790e+01  6.5523e-01
 2.3850e+01  6.1777e-01
 2.3910e+01  5.6913e-01
 2.3970e+01  5.4548e-01
 2.4030e+01  7.2193e-01
 2.4090e+01  5.2392e-01
 2.4160e+01  4.6921e-01
 2.4220e+01  6.0275e-01
 2.4280e+01  5.1284e-01
 2.4340e+01  4.8345e-01
 2.4410e+01  4.8719e-01
 2.4470e+01  5.0683e-01
 2.4530e+01  5.5492e-01
 2.4600e+01  6.9528e-01
 2.4660e+01  6.2225e-01
 2.4720e+01  5.1472e-01
 2.4790e+01  5.1173e-01
 2.4850e+01  6.2408e-01
 2.4920e+01  6.1565e-01
 2.4980e+01  6.4814e-01
 2.5050e+01  6.9250e-01
 2.5110e+01  8.4276e-01
 2.5180e+01  7.9442e-01
 2.5240e+01  7.8973e-01
 2.5310e+01  7.3499e-01
 2.5380e+01  6.4842e-01
 2.5440e+01  3.3229e-01
 2.5510e+01  3.7298e-01
 2.5580e+01  4.6338e-01
 2.5640e+01  6.0526e-01
 2.5710e+01  6.8824e-01
 2.5780e+01  7.1033e-01
 2.5850e+01  9.9853e-01
 2.5920e+01  6.4746e-01
 2.5980e+01  5.9770e-01
 2.6050e+01  5.7707e-01
 2.6120e+01  5.6121e-01
 2.6190e+01  4.5690e-01
 2.6260e+01  4.5899e-01
 2.6330e+01  4.7325e-01
 2.6400e+01  4.4314e-01
 2.6470e+01  7.2503e-01
 2.6540e+01  7.4133e-01
 2.6610e+01  7.0820e-01
 2.6680e+01  7.3942e-01
 2.6750e+01  3.7923e-01
 2.6830e+01  3.5588e-01
 2.6900e+01  3.5116e-01
 2.6970e+01  4.9758e-01
 2.7040e+01  5.5355e-01
 2.7110e+01  4.6174e-01
 2.7190e+01  8.8553e-01
 2.7260e+01  6.7366e-01
 2.7330e+01  7.0556e-01
 2.7410e+01  7.9108e-01
 2.7480e+01  8.0127e-01
 2.7550e+01  7.8772e-01
 2.7630e+01  7.4131e-01
 2.7700e+01  4.2800e-01
 2.7780e+01  6.3151e-01
 2.7850e+01  6.8141e-01
 2.7930e+01  5.0476e-01
 2.8010e+01  4.8714e-01
 2.8080e+01  4.6952e-01
 2.8160e+01  5.0141e-01
 2.8230e+01  5.5400e-01
 2.8310e+01  7.3418e-01
 2.8390e+01  8.2514e-01
 2.8470e+01  8.4689e-01
 2.8540e+01  7.5699e-01
 2.8620e+01  7.6821e-01
 2.8700e+01  7.6658e-01
 2.8780e+01  6.9268e-01
 2.8860e+01  7.6194e-01
 2.8940e+01  7.6775e-01
 2.9020e+01  7.8508e-01
 2.9100e+01  6.4018e-01
 2.9180e+01  9.1685e-01
 2.9260e+01  9.3352e-01
 2.9340e+01  1.0028e+00
 2.9420e+01  8.2528e-01
 2.9500e+01  8.4569e-01
 2.9580e+01  6.7800e-01
 2.9670e+01  5.9111e-01
 2.9750e+01  5.1032e-01
 2.9830e+01  4.6553e-01
 2.9910e+01  4.7542e-01
 3.0000e+01  4.6971e-01
 3.0080e+01  5.0132e-01
 3.0170e+01  6.3720e-01
 3.0250e+01  6.9427e-01
 3.0340e+01  6.7154e-01
 3.0420e+01  9.7898e-01
 3.0510e+01  7.5652e-01
 3.0590e+01  6.9846e-01
 3.0680e+01  5.4834e-01
 3.0770e+01  4.9365e-01
 3.0850e+01  5.3444e-01
 3.0940e+01  5.0593e-01
 3.1030e+01  4.0878e-01
 3.1110e+01  6.1370e-01
 3.1200e+01  6.7898e-01
 3.1290e+01  7.7721e-01
 3.1380e+01  1.2153e+00
 3.1470e+01  1.0176e+00
 3.1560e+01  5.0783e-01
 3.1650e+01  4.9527e-01
 3.1740e+01  4.3512e-01
 3.1830e+01  4.3071e-01
 3.1920e+01  4.1848e-01
 3.2010e+01  4.4366e-01
 3.2110e+01  4.8957e-01
 3.2200e+01  6.0076e-01
 3.2290e+01  8.1534e-01
 3.2380e+01  9.1570e-01
 3.2480e+01  9.2695e-01
 3.2570e+01  8.8380e-01
 3.2670e+01  4.5364e-01
 3.2760e+01  4.9548e-01
 3.2860e+01  6.5226e-01
 3.2950e+01  7.4002e-01
 3.3050e+01  8.9990e-01
 3.3140e+01  9.1218e-01
 3.3240e+01  8.3669e-01
 3.3340e+01  8.2581e-01
 3.3440e+01  6.3299e-01
 3.3530e+01  3.8267e-01
 3.3630e+01  3.6125e-01
 3.3730e+01  5.3135e-01
 3.3830e+01  5.6068e-01
 3.3930e+01  5.7397e-01
 3.4030e+01  8.2610e-01
 3.4130e+01  8.5777e-01
 3.4230e+01  7.3903e-01
 3.4330e+01  7.2885e-01
 3.4440e+01  6.5604e-01
 3.4540e+01  5.8426e-01
 3.4640e+01  6.1457e-01
 3.4750e+01  8.4503e-01
 3.4850e+01  9.1386e-01
 3.4950e+01  1.1099e+00
 3.5060e+01  8.6186e-01
 3.5160e+01  7.6792e-01
 3.5270e+01  5.4124e-01
 3.5380e+01  8.7453e-01
 3.5480e+01  7.9864e-01
 3.5590e+01  6.0393e-01
 3.5700e+01  8.3307e-01
 3.5800e+01  9.5429e-01
 3.5910e+01  1.0510e+00
 3.6020e+01  1.1705e+00
 3.6130e+01  1.0501e+00
 3.6240e+01  7.4228e-01
 3.6350e+01  7.6581e-01
 3.6460e+01  6.4223e-01
 3.6580e+01  6.0309e-01
 3.6690e+01  8.6259e-01
 3.6800e+01  6.4018e-01
 3.6910e+01  7.1342e-01
 3.7030e+01  9.4776e-01
 3.7140e+01  7.9723e-01
 3.7260e+01  8.4998e-01
 3.7370e+01  6.8550e-01
 3.7490e+01  5.9353e-01
 3.7610e+01  7.3179e-01
 3.7720e+01  1.2207e+00
 3.7840e+01  1.1114e+00
 3.7960e+01  8.8838e-01
 3.8080e+01  1.0052e+00
 3.8200e+01  1.0109e+00
 3.8320e+01  4.5249e-01
 3.8440e+01  4.6611e-01
 3.8560e+01  7.3165e-01
 3.8680e+01  8.1809e-01
 3.8800e+01  9.6142e-01
 3.8930e+01  7.6016e-01
 3.9050e+01  6.6104e-01
 3.9170e+01  5.4663e-01
 3.9300e+01  6.1160e-01
 3.9420e+01  5.3091e-01
 3.9550e+01  6.0913e-01
 3.9680e+01  6.4210e-01
 3.9800e+01  6.4137e-01
 3.9930e+01  5.7125e-01
 4.0060e+01  5.1610e-01
 4.0190e+01  5.3884e-01
 4.0320e+01  6.3402e-01
 4.0450e+01  6.5136e-01
 4.0580e+01  1.3509e+00
 4.0710e+01  1.3175e+00
 4.0850e+01  1.1184e+00
 4.0980e+01  5.5484e-01
 4.1110e+01  7.9617e-01
 4.1250e+01  7.4206e-01
 4.1380e+01  7.4983e-01
 4.1520e+01  9.7065e-01
 4.1660e+01  9.5589e-01
 4.1800e+01  9.9964e-01
 4.1930e+01  8.5888e-01
 4.2070e+01  8.3431e-01
 4.2210e+01  6.7663e-01
 4.2350e+01  9.0613e-01
 4.2500e+01  9.7522e-01
 4.2640e+01  9.7378e-01
 4.2780e+01  9.4417e-01
 4.2920e+01  8.7142e-01
 4.3070e+01  7.9420e-01
 4.3220e+01  7.1573e-01
 4.3360e+01  6.8239e-01
 4.3510e+01  6.6363e-01
 4.3660e+01  6.5235e-01
 4.3810e+01  6.5085e-01
 4.3950e+01  1.0319e+00
 4.4110e+01  7.4529e-01
 4.4260e+01  9.8821e-01
 4.4410e+01  1.0395e+00
 4.4560e+01  9.6282e-01
 4.4720e+01  7.0578e-01
 4.4870e+01  6.5722e-01
 4.5030e+01  4.9318e-01
 4.5180e+01  7.1931e-01
 4.5340e+01  7.5371e-01
 4.5500e+01  1.3297e+00
 4.5660e+01  1.1947e+00
 4.5820e+01  1.1914e+00
 4.5980e+01  1.1366e+00
 4.6140e+01  9.6083e-01
 4.6310e+01  8.2735e-01
 4.6470e+01  9.2789e-01
 4.6640e+01  8.7826e-01
 4.6800e+01  8.3991e-01
 4.6970e+01  8.1099e-01
 4.7140e+01  7.5099e-01
 4.7310e+01  7.4069e-01
 4.7480e+01  7.7048e-01
 4.7650e+01  8.3905e-01
 4.7820e+01  1.0880e+00
 4.8000e+01  8.1964e-01
 4.8170e+01  7.5735e-01
 4.8350e+01  8.5909e-01
 4.8530e+01  7.5232e-01
 4.8700e+01  1.0477e+00
 4.8880e+01  8.2612e-01
 4.9070e+01  8.2004e-01
 4.9250e+01  7.3706e-01
 4.9430e+01  7.0385e-01
 4.9610e+01  6.0981e-01
 4.9800e+01  7.5058e-01
 4.9990e+01  7.7811e-01
 5.0180e+01  8.8245e-01
 5.0360e+01  9.0255e-01
 5.0560e+01  8.7427e-01
 5.0750e+01  7.9169e-01
 5.0940e+01  7.6246e-01
 5.1140e+01  7.6770e-01
 5.1330e+01  8.1104e-01
 5.1530e+01  8.9783e-01
 5.1730e+01  1.1957e+00
 5.1930e+01  1.2859e+00
 5.2130e+01  1.3046e+00
 5.2330e+01  1.2865e+00
 5.2540e+01  1.2313e+00
 5.2740e+01  1.1666e+00
 5.2950e+01  8.2234e-01
 5.3160e+01  8.5902e-01
 5.3370e+01  7.8356e-01
 5.3580e+01  7.4945e-01
 5.3800e+01  7.1266e-01
 5.4010e+01  7.1541e-01
 5.4230e+01  6.9188e-01
 5.4450e+01  7.0720e-01
 5.4670e+01  6.5180e-01
 5.4890e+01  6.7781e-01
 5.5110e+01  7.1235e-01
 5.5340e+01  1.0390e+00
 5.5570e+01  1.1547e+00
 5.5800e+01  1.1847e+00
 5.6030e+01  1.0905e+00
 5.6260e+01  8.5487e-01
 5.6490e+01  1.1686e+00
 5.6730e+01  1.2591e+00
 5.6970e+01  1.3279e+00
 5.7210e+01  1.3399e+00
 5.7450e+01  1.4091e+00
 5.7700e+01  1.0809e+00
 5.7940e+01  9.5673e-01
 5.8190e+01  9.6052e-01
 5.8440e+01  9.1042e-01
 5.8690e+01  9.2788e-01
 5.8950e+01  9.7949e-01
 5.9210e+01  1.1181e+00
 5.9470e+01  9.4275e-01
 5.9730e+01  8.9179e-01
 5.9990e+01  8.6997e-01
 6.0260e+01  8.9647e-01
 6.0530e+01  7.8408e-01
 6.0800e+01  9.4902e-01
 6.1070e+01  1.0374e+00
 6.1350e+01  1.1467e+00
 6.1630e+01  1.2021e+00
 6.1910e+01  1.2025e+00
 6.2200e+01  1.4667e+00
 6.2480e+01  1.3386e+00
 6.2770e+01  1.2018e+00
 6.3060e+01  1.2243e+00
 6.3360e+01  7.0690e-01
 6.3660e+01  7.5596e-01
 6.3960e+01  9.5844e-01
 6.4260e+01  9.6605e-01
 6.4570e+01  1.1827e+00
 6.4880e+01  1.4110e+00
 6.5200e+01  1.4726e+00
 6.5510e+01  1.2265e+00
 6.5830e+01  1.1439e+00
 6.6160e+01  1.2940e+00
 6.6480e+01  1.1472e+00
 6.6820e+01  8.9433e-01
 6.7150e+01  5.5164e-01
 6.7490e+01  9.9644e-01
 6.7830e+01  1.4294e+00
 6.8180e+01  1.6078e+00
 6.8530e+01  1.7339e+00
 6.8880e+01  1.0375e+00
 6.9240e+01  7.7925e-01
 6.9600e+01  7.2535e-01
