#      mass       lower
 2.1410e-01  3.0131e-04
 2.1420e-01  2.8727e-04
 2.1430e-01  2.2088e-04
 2.1450e-01  2.0161e-04
 2.1460e-01  1.8987e-04
 2.1470e-01  2.2467e-04
 2.1490e-01  2.8038e-04
 2.1500e-01  3.3416e-04
 2.1520e-01  3.5679e-04
 2.1530e-01  3.2093e-04
 2.1550e-01  3.1840e-04
 2.1560e-01  2.7012e-04
 2.1580e-01  2.5967e-04
 2.1590e-01  2.6380e-04
 2.1610e-01  2.7933e-04
 2.1620e-01  2.8403e-04
 2.1640e-01  3.4438e-04
 2.1660e-01  3.0821e-04
 2.1670e-01  3.0115e-04
 2.1690e-01  3.1603e-04
 2.1710e-01  3.3267e-04
 2.1730e-01  3.4993e-04
 2.1750e-01  3.8979e-04
 2.1770e-01  3.0920e-04
 2.1780e-01  2.4526e-04
 2.1800e-01  2.9262e-04
 2.1820e-01  2.4800e-04
 2.1840e-01  2.3324e-04
 2.1860e-01  2.3024e-04
 2.1880e-01  2.7989e-04
 2.1910e-01  3.3669e-04
 2.1930e-01  3.7272e-04
 2.1950e-01  3.8845e-04
 2.1970e-01  3.9047e-04
 2.1990e-01  3.9092e-04
 2.2010e-01  3.9068e-04
 2.2040e-01  4.0279e-04
 2.2060e-01  4.0731e-04
 2.2080e-01  3.8274e-04
 2.2110e-01  3.8381e-04
 2.2130e-01  3.8073e-04
 2.2160e-01  3.5946e-04
 2.2180e-01  2.9034e-04
 2.2200e-01  3.5215e-04
 2.2230e-01  3.0080e-04
 2.2260e-01  3.7654e-04
 2.2280e-01  3.7813e-04
 2.2310e-01  3.5048e-04
 2.2330e-01  3.4470e-04
 2.2360e-01  3.1528e-04
 2.2390e-01  3.0472e-04
 2.2410e-01  3.0180e-04
 2.2440e-01  3.2691e-04
 2.2470e-01  3.3526e-04
 2.2500e-01  3.7683e-04
 2.2530e-01  4.1165e-04
 2.2560e-01  4.3474e-04
 2.2590e-01  4.0377e-04
 2.2620e-01  3.6364e-04
 2.2650e-01  3.7212e-04
 2.2680e-01  3.0692e-04
 2.2710e-01  3.0660e-04
 2.2740e-01  3.2985e-04
 2.2770e-01  3.8391e-04
 2.2800e-01  3.4793e-04
 2.2830e-01  3.8281e-04
 2.2860e-01  4.3971e-04
 2.2900e-01  4.8203e-04
 2.2930e-01  4.4732e-04
 2.2960e-01  4.3646e-04
 2.3000e-01  4.1221e-04
 2.3030e-01  3.9621e-04
 2.3060e-01  3.8597e-04
 2.3100e-01  3.8739e-04
 2.3130e-01  4.0799e-04
 2.3170e-01  4.1947e-04
 2.3200e-01  4.0404e-04
 2.3240e-01  3.9099e-04
 2.3270e-01  3.1949e-04
 2.3310e-01  3.0249e-04
 2.3350e-01  3.0556e-04
 2.3380e-01  3.4096e-04
 2.3420e-01  3.8085e-04
 2.3460e-01  4.1734e-04
 2.3500e-01  4.6371e-04
 2.3530e-01  4.3129e-04
 2.3570e-01  4.3534e-04
 2.3610e-01  4.1086e-04
 2.3650e-01  4.7693e-04
 2.3690e-01  4.8456e-04
 2.3730e-01  4.7186e-04
 2.3770e-01  4.0419e-04
 2.3810e-01  3.9831e-04
 2.3850e-01  4.4074e-04
 2.3890e-01  4.5966e-04
 2.3930e-01  4.0014e-04
 2.3980e-01  3.7704e-04
 2.4020e-01  3.7687e-04
 2.4060e-01  3.8784e-04
 2.4100e-01  4.4781e-04
 2.4150e-01  4.2999e-04
 2.4190e-01  4.0678e-04
 2.4230e-01  3.2595e-04
 2.4280e-01  3.6083e-04
 2.4320e-01  3.3982e-04
 2.4370e-01  3.7384e-04
 2.4410e-01  4.4025e-04
 2.4460e-01  4.6849e-04
 2.4500e-01  5.2377e-04
 2.4550e-01  5.0599e-04
 2.4600e-01  5.0510e-04
 2.4640e-01  4.5161e-04
 2.4690e-01  5.0441e-04
 2.4740e-01  4.7341e-04
 2.4780e-01  3.9619e-04
 2.4830e-01  4.5168e-04
 2.4880e-01  4.5523e-04
 2.4930e-01  3.5365e-04
 2.4980e-01  3.3737e-04
 2.5030e-01  3.2972e-04
 2.5080e-01  3.4152e-04
 2.5130e-01  4.1713e-04
 2.5180e-01  4.2549e-04
 2.5230e-01  3.9384e-04
 2.5280e-01  3.7088e-04
 2.5330e-01  3.5717e-04
 2.5380e-01  3.8935e-04
 2.5430e-01  4.3077e-04
 2.5480e-01  5.1327e-04
 2.5540e-01  4.7637e-04
 2.5590e-01  4.5946e-04
 2.5640e-01  4.5127e-04
 2.5700e-01  4.7370e-04
 2.5750e-01  3.8850e-04
 2.5800e-01  4.5734e-04
 2.5860e-01  3.7378e-04
 2.5910e-01  4.2144e-04
 2.5970e-01  4.4455e-04
 2.6020e-01  4.6144e-04
 2.6080e-01  4.6066e-04
 2.6130e-01  4.5310e-04
 2.6190e-01  4.5058e-04
 2.6250e-01  5.0270e-04
 2.6300e-01  5.0008e-04
 2.6360e-01  4.9493e-04
 2.6420e-01  4.1317e-04
 2.6480e-01  3.3691e-04
 2.6530e-01  3.5563e-04
 2.6590e-01  3.6610e-04
 2.6650e-01  4.8727e-04
 2.6710e-01  5.9189e-04
 2.6770e-01  5.3863e-04
 2.6830e-01  5.0618e-04
 2.6890e-01  3.8119e-04
 2.6950e-01  3.6311e-04
 2.7010e-01  3.9603e-04
 2.7070e-01  3.5854e-04
 2.7130e-01  4.6709e-04
 2.7190e-01  4.7645e-04
 2.7260e-01  5.0251e-04
 2.7320e-01  5.0328e-04
 2.7380e-01  5.2314e-04
 2.7440e-01  4.7346e-04
 2.7510e-01  4.3973e-04
 2.7570e-01  4.2421e-04
 2.7630e-01  3.7049e-04
 2.7700e-01  3.4944e-04
 2.7760e-01  3.2078e-04
 2.7830e-01  3.1221e-04
 2.7890e-01  4.3326e-04
 2.7960e-01  4.9154e-04
 2.8020e-01  5.3595e-04
 2.8090e-01  6.2454e-04
 2.8160e-01  6.1899e-04
 2.8220e-01  5.3788e-04
 2.8290e-01  4.8302e-04
 2.8360e-01  3.4105e-04
 2.8420e-01  3.2666e-04
 2.8490e-01  3.6160e-04
 2.8560e-01  4.0218e-04
 2.8630e-01  4.7849e-04
 2.8700e-01  5.4237e-04
 2.8770e-01  5.9829e-04
 2.8830e-01  5.3383e-04
 2.8900e-01  5.4071e-04
 2.8970e-01  4.8742e-04
 2.9040e-01  5.2827e-04
 2.9120e-01  4.2347e-04
 2.9190e-01  3.2047e-04
 2.9260e-01  3.0836e-04
 2.9330e-01  3.3603e-04
 2.9400e-01  4.3533e-04
 2.9470e-01  5.5129e-04
 2.9540e-01  6.0873e-04
 2.9620e-01  5.1294e-04
 2.9690e-01  5.4018e-04
 2.9760e-01  4.4724e-04
 2.9840e-01  4.1470e-04
 2.9910e-01  3.8618e-04
 2.9990e-01  3.0806e-04
 3.0060e-01  3.6445e-04
 3.0140e-01  4.2335e-04
 3.0210e-01  5.1692e-04
 3.0290e-01  5.4868e-04
 3.0360e-01  5.5285e-04
 3.0440e-01  5.5538e-04
 3.0510e-01  5.5548e-04
 3.0590e-01  5.1370e-04
 3.0670e-01  4.9732e-04
 3.0740e-01  4.6569e-04
 3.0820e-01  4.4452e-04
 3.0900e-01  4.7859e-04
 3.0980e-01  4.3125e-04
 3.1060e-01  4.0159e-04
 3.1130e-01  4.3538e-04
 3.1210e-01  4.8315e-04
 3.1290e-01  5.2048e-04
 3.1370e-01  4.8463e-04
 3.1450e-01  3.6640e-04
 3.1530e-01  3.6941e-04
 3.1610e-01  3.4022e-04
 3.1690e-01  3.1575e-04
 3.1780e-01  4.9258e-04
 3.1860e-01  5.4191e-04
 3.1940e-01  5.7558e-04
 3.2020e-01  5.8822e-04
 3.2100e-01  5.6975e-04
 3.2190e-01  5.6550e-04
 3.2270e-01  5.5398e-04
 3.2350e-01  5.2804e-04
 3.2430e-01  4.2831e-04
 3.2520e-01  3.5575e-04
 3.2600e-01  3.3751e-04
 3.2690e-01  3.7601e-04
 3.2770e-01  4.1942e-04
 3.2860e-01  5.0100e-04
 3.2940e-01  5.6704e-04
 3.3030e-01  5.9576e-04
 3.3110e-01  5.2775e-04
 3.3200e-01  5.4348e-04
 3.3280e-01  4.3869e-04
 3.3370e-01  4.2415e-04
 3.3460e-01  4.1779e-04
 3.3550e-01  4.1517e-04
 3.3630e-01  4.2164e-04
 3.3720e-01  3.9946e-04
 3.3810e-01  4.2625e-04
 3.3900e-01  4.9558e-04
 3.3990e-01  4.3536e-04
 3.4080e-01  4.7026e-04
 3.4160e-01  4.8283e-04
 3.4250e-01  4.0813e-04
 3.4340e-01  3.8339e-04
 3.4430e-01  4.2268e-04
 3.4520e-01  4.0058e-04
 3.4620e-01  4.7578e-04
 3.4710e-01  5.0748e-04
 3.4800e-01  5.7317e-04
 3.4890e-01  6.0607e-04
 3.4980e-01  5.1811e-04
 3.5070e-01  4.5776e-04
 3.5170e-01  4.1538e-04
 3.5260e-01  4.0295e-04
 3.5350e-01  3.6728e-04
 3.5440e-01  3.9614e-04
 3.5540e-01  5.3042e-04
 3.5630e-01  6.2505e-04
 3.5730e-01  6.4606e-04
 3.5820e-01  6.7977e-04
 3.5920e-01  6.0600e-04
 3.6010e-01  5.4984e-04
 3.6110e-01  4.9753e-04
 3.6200e-01  4.5868e-04
 3.6300e-01  4.4653e-04
 3.6390e-01  4.2922e-04
 3.6490e-01  4.2675e-04
 3.6590e-01  4.2752e-04
 3.6680e-01  5.2336e-04
 3.6780e-01  4.8595e-04
 3.6880e-01  4.8290e-04
 3.6980e-01  4.4787e-04
 3.7070e-01  4.0884e-04
 3.7170e-01  4.1163e-04
 3.7270e-01  4.2451e-04
 3.7370e-01  4.5355e-04
 3.7470e-01  4.8738e-04
 3.7570e-01  4.7861e-04
 3.7670e-01  4.5560e-04
 3.7770e-01  5.1709e-04
 3.7870e-01  4.5079e-04
 3.7970e-01  5.3233e-04
 3.8070e-01  5.3613e-04
 3.8170e-01  6.3864e-04
 3.8270e-01  5.5409e-04
 3.8380e-01  5.7129e-04
 3.8480e-01  5.7033e-04
 3.8580e-01  4.4162e-04
 3.8680e-01  5.9790e-04
 3.8790e-01  6.2109e-04
 3.8890e-01  5.9532e-04
 3.8990e-01  6.0279e-04
 3.9100e-01  6.6307e-04
 3.9200e-01  5.4654e-04
 3.9310e-01  4.9236e-04
 3.9410e-01  4.7095e-04
 3.9520e-01  4.4239e-04
 3.9620e-01  4.3330e-04
 3.9730e-01  4.3904e-04
 3.9830e-01  4.8649e-04
 3.9940e-01  5.0824e-04
 4.0040e-01  5.5651e-04
 4.0150e-01  5.3641e-04
 4.0260e-01  5.2937e-04
 4.0360e-01  4.6241e-04
 4.0470e-01  5.9688e-04
 4.0580e-01  6.0517e-04
 4.0690e-01  4.5842e-04
 4.0800e-01  4.5616e-04
 4.0900e-01  5.0598e-04
 4.1010e-01  4.7655e-04
 4.1120e-01  4.5141e-04
 4.1230e-01  4.4651e-04
 4.1340e-01  4.6959e-04
 4.1450e-01  5.5717e-04
 4.1560e-01  4.9066e-04
 4.1670e-01  6.1781e-04
 4.1780e-01  4.6666e-04
 4.1890e-01  4.7479e-04
 4.2010e-01  5.1497e-04
 4.2120e-01  5.9275e-04
 4.2230e-01  6.5946e-04
 4.2340e-01  7.0529e-04
 4.2450e-01  7.2183e-04
 4.2570e-01  7.0647e-04
 4.2680e-01  6.7895e-04
 4.2790e-01  6.2748e-04
 4.2910e-01  5.5866e-04
 4.3020e-01  4.9577e-04
 4.3140e-01  4.0797e-04
 4.3250e-01  4.1282e-04
 4.3360e-01  5.6758e-04
 4.3480e-01  6.0744e-04
 4.3600e-01  6.0238e-04
 4.3710e-01  5.8975e-04
 4.3830e-01  6.5074e-04
 4.3940e-01  4.7258e-04
 4.4060e-01  4.3658e-04
 4.4180e-01  4.2032e-04
 4.4290e-01  4.6328e-04
 4.4410e-01  7.0067e-04
 4.4530e-01  7.3610e-04
 4.4650e-01  6.6036e-04
 4.4760e-01  6.8473e-04
 4.4880e-01  6.8985e-04
 4.5000e-01  6.8363e-04
 4.5120e-01  5.2999e-04
 4.5240e-01  4.9446e-04
 4.5360e-01  4.9807e-04
 4.5480e-01  5.6022e-04
 4.5600e-01  5.7510e-04
 4.5720e-01  6.0799e-04
 4.5840e-01  6.5398e-04
 4.5960e-01  6.7650e-04
 4.6080e-01  7.1337e-04
 4.6200e-01  7.0135e-04
 4.6320e-01  6.3846e-04
 4.6450e-01  5.7703e-04
 4.6570e-01  4.9016e-04
 4.6690e-01  6.3385e-04
 4.6810e-01  5.9817e-04
 4.6940e-01  5.9384e-04
 4.7060e-01  5.6312e-04
 4.7180e-01  6.3338e-04
 4.7310e-01  6.1505e-04
 4.7430e-01  7.7074e-04
 4.7560e-01  7.8006e-04
 4.7680e-01  8.6634e-04
 4.7810e-01  7.1640e-04
 4.7930e-01  7.6084e-04
 4.8060e-01  7.0854e-04
 4.8180e-01  5.7495e-04
 4.8310e-01  4.9212e-04
 4.8440e-01  4.5702e-04
 4.8560e-01  5.4574e-04
 4.8690e-01  8.0950e-04
 4.8820e-01  6.1491e-04
 4.8950e-01  6.8310e-04
 4.9070e-01  1.0775e-03
 4.9200e-01  1.0310e-03
 4.9330e-01  8.2007e-04
 4.9460e-01  6.5792e-04
 4.9590e-01  4.7945e-04
 4.9720e-01  5.2891e-04
 4.9850e-01  4.6070e-04
 4.9980e-01  4.7747e-04
 5.0110e-01  4.5538e-04
 5.0240e-01  4.8624e-04
 5.0370e-01  5.5446e-04
 5.0500e-01  9.9410e-04
 5.0630e-01  1.3050e-03
 5.0760e-01  1.2771e-03
 5.0900e-01  1.0890e-03
 5.1030e-01  4.9692e-04
 5.1160e-01  4.0383e-04
 5.1290e-01  4.6521e-04
 5.1430e-01  5.8014e-04
 5.1560e-01  6.9671e-04
 5.1690e-01  8.8205e-04
 5.1830e-01  1.2936e-03
 5.1960e-01  1.3542e-03
 5.2100e-01  6.6362e-04
 5.2230e-01  5.9314e-04
 5.2370e-01  4.9257e-04
 5.3000e-01  1.0000e+05
 5.7270e-01  1.7811e-03
 5.7420e-01  1.6015e-03
 5.7570e-01  1.9614e-03
 5.7710e-01  2.5598e-03
 5.7860e-01  2.4562e-03
 5.8010e-01  1.4998e-03
 5.8150e-01  1.4153e-03
 5.8300e-01  1.0882e-03
 5.8450e-01  1.0789e-03
 5.8590e-01  9.3478e-04
 5.8740e-01  1.1348e-03
 5.8890e-01  1.6747e-03
 5.9040e-01  1.4419e-03
 5.9190e-01  2.2390e-03
 5.9340e-01  1.9170e-03
 5.9490e-01  2.5275e-03
 5.9640e-01  2.8535e-03
 5.9790e-01  2.7289e-03
 5.9940e-01  2.3572e-03
 6.0090e-01  9.2418e-04
 6.0240e-01  7.6151e-04
 6.0390e-01  9.2317e-04
 6.0540e-01  1.0351e-03
 6.0700e-01  1.8457e-03
 6.0850e-01  2.1325e-03
 6.1000e-01  2.6238e-03
 6.1150e-01  3.1487e-03
 6.1310e-01  4.2102e-03
 6.1460e-01  3.2889e-03
 6.1610e-01  2.3280e-03
 6.1770e-01  1.6620e-03
 6.1920e-01  8.6034e-04
 6.2080e-01  7.0373e-04
 6.2230e-01  7.7414e-04
 6.2390e-01  1.4402e-03
 6.2540e-01  2.5819e-03
 6.2700e-01  3.7149e-03
 6.2850e-01  3.9229e-03
 6.3010e-01  4.3870e-03
 6.3170e-01  2.4192e-03
 6.3320e-01  1.6878e-03
 6.3480e-01  1.4497e-03
 6.3640e-01  1.2933e-03
 6.3800e-01  2.0654e-03
 6.3960e-01  2.5659e-03
 6.4110e-01  2.8331e-03
 6.4270e-01  3.1463e-03
 6.4430e-01  3.2997e-03
 6.4590e-01  1.7206e-03
 6.4750e-01  2.2286e-03
 6.4910e-01  1.8785e-03
 6.5070e-01  2.0968e-03
 6.5230e-01  4.2984e-03
 6.5390e-01  3.4957e-03
 6.5560e-01  2.6850e-03
 6.5720e-01  3.0124e-03
 6.5880e-01  2.6524e-03
 6.6040e-01  2.2927e-03
 6.6200e-01  1.8746e-03
 6.6370e-01  2.0901e-03
 6.6530e-01  2.8656e-03
 6.6690e-01  2.1469e-03
 6.6860e-01  2.4145e-03
 6.7020e-01  2.9600e-03
 6.7190e-01  3.7736e-03
 6.7350e-01  3.9956e-03
 6.7520e-01  3.9589e-03
 6.7680e-01  3.0243e-03
 6.7850e-01  4.1717e-03
 6.8010e-01  2.3840e-03
 6.8180e-01  4.0948e-03
 6.8350e-01  3.1199e-03
 6.8510e-01  4.7016e-03
 6.8680e-01  4.4245e-03
 6.8850e-01  3.9142e-03
 6.9010e-01  2.5993e-03
 6.9180e-01  2.0624e-03
 6.9350e-01  2.4082e-03
 6.9520e-01  2.2622e-03
 6.9690e-01  2.7304e-03
 6.9860e-01  2.7437e-03
 7.0030e-01  2.6282e-03
 7.0200e-01  2.4242e-03
 7.0370e-01  2.9618e-03
 7.0540e-01  3.5392e-03
 7.0710e-01  3.5235e-03
 7.0880e-01  4.3393e-03
 7.1050e-01  3.0798e-03
 7.1230e-01  3.6954e-03
 7.1400e-01  5.2195e-03
 7.1570e-01  5.1145e-03
 7.1740e-01  6.1922e-03
 7.1920e-01  3.9563e-03
 7.2090e-01  6.5098e-03
 7.2260e-01  4.8922e-03
 7.2440e-01  3.6194e-03
 7.2610e-01  3.1486e-03
 7.2790e-01  3.3344e-03
 7.2960e-01  4.1006e-03
 7.3140e-01  3.5971e-03
 7.3310e-01  5.8955e-03
 7.3490e-01  8.4344e-03
 7.3670e-01  8.5034e-03
 7.3840e-01  8.0574e-03
 7.4020e-01  7.8292e-03
 7.5000e-01  1.0000e+05
 8.2750e-01  7.1156e-03
 8.2940e-01  1.6925e-02
 8.3140e-01  1.4881e-02
 8.3330e-01  1.3165e-02
 8.3530e-01  9.4178e-03
 8.3720e-01  6.1421e-03
 8.3920e-01  5.8100e-03
 8.4110e-01  6.2741e-03
 8.4310e-01  5.4807e-03
 8.4500e-01  6.1055e-03
 8.4700e-01  1.4031e-02
 8.4890e-01  1.5831e-02
 8.5090e-01  1.6288e-02
 8.5290e-01  1.3400e-02
 8.5490e-01  9.8308e-03
 8.5680e-01  1.0310e-02
 8.5880e-01  1.2224e-02
 8.6080e-01  1.0788e-02
 8.6280e-01  1.1356e-02
 8.6480e-01  8.4436e-03
 8.6680e-01  1.2921e-02
 8.6880e-01  1.3259e-02
 8.7080e-01  1.5193e-02
 8.7280e-01  1.2853e-02
 8.7480e-01  9.7810e-03
 8.7680e-01  1.1856e-02
 8.7890e-01  6.8811e-03
 8.8090e-01  1.2181e-02
 8.8290e-01  8.5781e-03
 8.8490e-01  8.5879e-03
 8.8700e-01  9.0157e-03
 8.8900e-01  1.1922e-02
 8.9100e-01  1.0906e-02
 8.9310e-01  1.2381e-02
 8.9510e-01  1.3230e-02
 8.9720e-01  8.4318e-03
 8.9920e-01  8.9399e-03
 9.0130e-01  1.1636e-02
 9.0330e-01  6.8911e-03
 9.0540e-01  1.4108e-02
 9.0750e-01  1.8310e-02
 9.0960e-01  2.1868e-02
 9.1160e-01  1.4961e-02
 9.1370e-01  1.3020e-02
 9.1580e-01  7.2867e-03
 9.1790e-01  5.4672e-03
 9.2000e-01  1.5354e-02
 9.2210e-01  2.1339e-02
 9.2420e-01  2.3546e-02
 9.2630e-01  1.5714e-02
 9.2840e-01  1.6286e-02
 9.3050e-01  6.8389e-03
 9.3260e-01  4.5278e-03
 9.3470e-01  1.5064e-02
 9.3680e-01  1.4506e-02
 9.3890e-01  5.6018e-03
 9.4110e-01  1.4752e-02
 9.4320e-01  2.4590e-02
 9.4530e-01  2.8286e-02
 9.4750e-01  2.5934e-02
 9.4960e-01  2.2269e-02
 9.5180e-01  1.3107e-02
 9.5390e-01  8.0428e-03
 9.5610e-01  1.9714e-02
 9.5820e-01  2.1510e-02
 9.6000e-01  1.0000e+05
 1.1620e+00  2.9020e-02
 1.1650e+00  2.9787e-02
 1.1670e+00  3.2112e-02
 1.1700e+00  3.0272e-02
 1.1720e+00  2.9380e-02
 1.1750e+00  3.3021e-02
 1.1780e+00  3.9132e-02
 1.1800e+00  3.6384e-02
 1.1830e+00  3.0341e-02
 1.1850e+00  2.0705e-02
 1.1880e+00  2.0941e-02
 1.1900e+00  3.4266e-02
 1.1930e+00  3.5412e-02
 1.1950e+00  3.8888e-02
 1.1980e+00  3.9378e-02
 1.2000e+00  3.7679e-02
 1.2030e+00  3.2199e-02
 1.2060e+00  2.6024e-02
 1.2080e+00  2.2011e-02
 1.2110e+00  2.1707e-02
 1.2130e+00  2.9302e-02
 1.2160e+00  2.1814e-02
 1.2190e+00  2.0689e-02
 1.2210e+00  2.1650e-02
 1.2240e+00  2.7991e-02
 1.2260e+00  3.3010e-02
 1.2290e+00  2.9449e-02
 1.2320e+00  3.4880e-02
 1.2340e+00  2.5528e-02
 1.2370e+00  3.9666e-02
 1.2400e+00  3.5776e-02
 1.2420e+00  3.6897e-02
 1.2450e+00  3.9285e-02
 1.2470e+00  4.0579e-02
 1.2500e+00  4.2106e-02
 1.2530e+00  4.3218e-02
 1.2550e+00  4.2445e-02
 1.2580e+00  4.1049e-02
 1.2610e+00  4.1200e-02
 1.2630e+00  2.8704e-02
 1.2660e+00  2.4497e-02
 1.2690e+00  2.1548e-02
 1.2710e+00  1.8879e-02
 1.2740e+00  1.6430e-02
 1.2770e+00  2.1621e-02
 1.2800e+00  2.9716e-02
 1.2820e+00  3.5786e-02
 1.2850e+00  4.1115e-02
 1.2880e+00  4.5740e-02
 1.2900e+00  4.1879e-02
 1.2930e+00  3.7895e-02
 1.2960e+00  2.7255e-02
 1.2990e+00  1.8696e-02
 1.3010e+00  2.1244e-02
 1.3040e+00  4.2875e-02
 1.3070e+00  4.0333e-02
 1.3100e+00  3.6598e-02
 1.3120e+00  3.4685e-02
 1.3150e+00  3.9240e-02
 1.3180e+00  2.1522e-02
 1.3210e+00  2.0969e-02
 1.3230e+00  1.9638e-02
 1.3260e+00  1.5692e-02
 1.3290e+00  1.7904e-02
 1.3320e+00  2.0644e-02
 1.3350e+00  2.1291e-02
 1.3370e+00  2.3962e-02
 1.3400e+00  2.5886e-02
 1.3430e+00  2.9402e-02
 1.3460e+00  2.4892e-02
 1.3490e+00  3.6903e-02
 1.3510e+00  4.6111e-02
 1.3540e+00  3.1249e-02
 1.3570e+00  2.8440e-02
 1.3600e+00  2.8655e-02
 1.3630e+00  3.7346e-02
 1.3660e+00  3.0283e-02
 1.3680e+00  2.9123e-02
 1.3710e+00  4.2247e-02
 1.3740e+00  3.7471e-02
 1.3770e+00  4.7253e-02
 1.3800e+00  4.7912e-02
 1.3830e+00  1.8670e-02
 1.3860e+00  1.9519e-02
 1.3890e+00  1.9889e-02
 1.3910e+00  2.5584e-02
 1.3940e+00  2.8864e-02
 1.3970e+00  3.8907e-02
 1.4000e+00  4.3291e-02
 1.4030e+00  4.7059e-02
 1.4060e+00  4.7134e-02
 1.4090e+00  4.7385e-02
 1.4120e+00  3.0139e-02
 1.4150e+00  2.3923e-02
 1.4180e+00  2.5115e-02
 1.4210e+00  1.9825e-02
 1.4230e+00  3.3561e-02
 1.4260e+00  2.1999e-02
 1.4290e+00  2.9816e-02
 1.4320e+00  2.9210e-02
 1.4350e+00  3.2985e-02
 1.4380e+00  3.2008e-02
 1.4410e+00  2.8250e-02
 1.4440e+00  2.9247e-02
 1.4470e+00  2.6280e-02
 1.4500e+00  2.8596e-02
 1.4530e+00  3.7060e-02
 1.4560e+00  3.9324e-02
 1.4590e+00  4.7028e-02
 1.4620e+00  5.2283e-02
 1.4650e+00  4.9637e-02
 1.4680e+00  5.2209e-02
 1.4710e+00  3.6976e-02
 1.4740e+00  3.3325e-02
 1.4770e+00  3.8593e-02
 1.4800e+00  3.3584e-02
 1.4830e+00  3.8802e-02
 1.4860e+00  3.6804e-02
 1.4890e+00  2.7111e-02
 1.4920e+00  3.0343e-02
 1.4960e+00  3.2717e-02
 1.4990e+00  4.2738e-02
 1.5020e+00  4.3710e-02
 1.5050e+00  4.2323e-02
 1.5080e+00  4.1200e-02
 1.5110e+00  4.5253e-02
 1.5140e+00  4.1600e-02
 1.5170e+00  3.2847e-02
 1.5200e+00  2.4709e-02
 1.5230e+00  2.3792e-02
 1.5260e+00  2.4680e-02
 1.5300e+00  2.5358e-02
 1.5330e+00  2.8712e-02
 1.5360e+00  2.8529e-02
 1.5390e+00  3.5577e-02
 1.5420e+00  5.1418e-02
 1.5450e+00  5.7519e-02
 1.5480e+00  4.7983e-02
 1.5510e+00  5.0185e-02
 1.5550e+00  3.7762e-02
 1.5580e+00  3.9159e-02
 1.5610e+00  4.8824e-02
 1.5640e+00  4.7464e-02
 1.5670e+00  4.6456e-02
 1.5700e+00  3.9615e-02
 1.5740e+00  3.5469e-02
 1.5770e+00  3.0026e-02
 1.5800e+00  2.7743e-02
 1.5830e+00  3.0634e-02
 1.5860e+00  5.2172e-02
 1.5900e+00  3.0700e-02
 1.5930e+00  3.7406e-02
 1.5960e+00  5.8437e-02
 1.5990e+00  6.1283e-02
 1.6030e+00  6.6997e-02
 1.6060e+00  4.9753e-02
 1.6090e+00  4.3478e-02
 1.6120e+00  4.4345e-02
 1.6160e+00  4.5553e-02
 1.6190e+00  4.8024e-02
 1.6220e+00  5.2874e-02
 1.6250e+00  3.5496e-02
 1.6290e+00  4.7013e-02
 1.6320e+00  4.5578e-02
 1.6350e+00  5.0135e-02
 1.6390e+00  4.1990e-02
 1.6420e+00  3.8852e-02
 1.6450e+00  3.5831e-02
 1.6480e+00  3.4605e-02
 1.6520e+00  3.1211e-02
 1.6550e+00  3.0192e-02
 1.6580e+00  3.6388e-02
 1.6620e+00  4.4157e-02
 1.6650e+00  3.4567e-02
 1.6680e+00  7.6004e-02
 1.6720e+00  5.5660e-02
 1.6750e+00  6.8378e-02
 1.6790e+00  6.2516e-02
 1.6820e+00  4.7424e-02
 1.6850e+00  5.2300e-02
 1.6890e+00  4.5206e-02
 1.6920e+00  3.3206e-02
 1.6950e+00  2.6979e-02
 1.6990e+00  4.7713e-02
 1.7020e+00  4.0693e-02
 1.7060e+00  3.4713e-02
 1.7090e+00  3.2636e-02
 1.7120e+00  2.8940e-02
 1.7160e+00  3.9387e-02
 1.7190e+00  4.5100e-02
 1.7230e+00  3.8119e-02
 1.7260e+00  4.2517e-02
 1.7300e+00  5.4507e-02
 1.7330e+00  5.6023e-02
 1.7370e+00  6.5574e-02
 1.7400e+00  6.4350e-02
 1.7430e+00  2.6327e-02
 1.7470e+00  1.9966e-02
 1.7500e+00  1.8533e-02
 1.7540e+00  2.0756e-02
 1.7570e+00  6.3466e-02
 1.7610e+00  6.6478e-02
 1.7640e+00  6.7286e-02
 1.7680e+00  7.0234e-02
 1.7710e+00  5.8830e-02
 1.7750e+00  4.9320e-02
 1.7780e+00  3.0800e-02
 1.7820e+00  2.5429e-02
 1.7860e+00  2.7364e-02
 1.7890e+00  2.8190e-02
 1.7930e+00  3.1515e-02
 1.7960e+00  4.4637e-02
 1.8000e+00  3.9163e-02
 1.8030e+00  4.0835e-02
 1.8070e+00  4.2679e-02
 1.8100e+00  3.3126e-02
 1.8140e+00  2.6884e-02
 1.8180e+00  2.4498e-02
 1.8210e+00  2.9443e-02
 1.8250e+00  4.2427e-02
 1.8280e+00  5.7431e-02
 1.8320e+00  5.8224e-02
 1.8360e+00  4.8569e-02
 1.8390e+00  4.2463e-02
 1.8430e+00  3.2109e-02
 1.8470e+00  3.2805e-02
 1.8500e+00  4.1532e-02
 1.8540e+00  4.8847e-02
 1.8570e+00  5.1404e-02
 1.8610e+00  4.0549e-02
 1.8650e+00  3.7209e-02
 1.8680e+00  4.2759e-02
 1.8720e+00  4.4716e-02
 1.8760e+00  4.2750e-02
 1.8800e+00  4.4901e-02
 1.8830e+00  3.9541e-02
 1.8870e+00  3.6766e-02
 1.8910e+00  3.0665e-02
 1.8940e+00  3.6212e-02
 1.8980e+00  2.8040e-02
 1.9020e+00  5.2384e-02
 1.9060e+00  5.8193e-02
 1.9090e+00  5.7650e-02
 1.9130e+00  6.1025e-02
 1.9170e+00  5.5559e-02
 1.9210e+00  5.8124e-02
 1.9240e+00  5.8900e-02
 1.9280e+00  5.6223e-02
 1.9320e+00  5.5663e-02
 1.9360e+00  5.1499e-02
 1.9390e+00  5.5158e-02
 1.9430e+00  4.0048e-02
 1.9470e+00  3.6741e-02
 1.9510e+00  4.2072e-02
 1.9550e+00  4.4226e-02
 1.9580e+00  4.4772e-02
 1.9620e+00  4.6264e-02
 1.9660e+00  5.2096e-02
 1.9700e+00  4.3063e-02
 1.9740e+00  4.2241e-02
 1.9780e+00  4.7764e-02
 1.9820e+00  4.3123e-02
 1.9850e+00  3.7976e-02
 1.9890e+00  2.8105e-02
 1.9930e+00  4.5030e-02
 1.9970e+00  3.3238e-02
 2.0010e+00  4.4361e-02
 2.0050e+00  4.3460e-02
 2.0090e+00  4.0662e-02
 2.0130e+00  3.1924e-02
 2.0170e+00  3.2252e-02
 2.0200e+00  4.0956e-02
 2.0240e+00  5.8420e-02
 2.0280e+00  4.0119e-02
 2.0320e+00  5.3221e-02
 2.0360e+00  5.1087e-02
 2.0400e+00  4.5867e-02
 2.0440e+00  3.4124e-02
 2.0480e+00  3.0672e-02
 2.0520e+00  4.0636e-02
 2.0560e+00  4.4854e-02
 2.0600e+00  5.0507e-02
 2.0640e+00  5.2367e-02
 2.0680e+00  4.2156e-02
 2.0720e+00  4.7206e-02
 2.0760e+00  3.5770e-02
 2.0800e+00  3.5038e-02
 2.0840e+00  4.1849e-02
 2.0880e+00  3.3670e-02
 2.0920e+00  5.3313e-02
 2.0960e+00  2.6583e-02
 2.1000e+00  3.5727e-02
 2.1040e+00  3.5790e-02
 2.1080e+00  3.2480e-02
 2.1120e+00  4.9314e-02
 2.1170e+00  4.0370e-02
 2.1210e+00  6.0568e-02
 2.1250e+00  6.3028e-02
 2.1290e+00  6.1795e-02
 2.1330e+00  5.7673e-02
 2.1370e+00  3.9234e-02
 2.1410e+00  4.1922e-02
 2.1450e+00  4.0457e-02
 2.1490e+00  4.6069e-02
 2.1540e+00  5.4937e-02
 2.1580e+00  7.0744e-02
 2.1620e+00  4.9521e-02
 2.1660e+00  2.6635e-02
 2.1700e+00  2.7706e-02
 2.1740e+00  2.7157e-02
 2.1780e+00  3.2387e-02
 2.1830e+00  3.7721e-02
 2.1870e+00  5.8108e-02
 2.1910e+00  6.5943e-02
 2.1950e+00  6.8229e-02
 2.1990e+00  6.6137e-02
 2.2040e+00  6.1817e-02
 2.2080e+00  5.6437e-02
 2.2120e+00  3.1276e-02
 2.2160e+00  3.9868e-02
 2.2210e+00  4.0000e-02
 2.2250e+00  3.4522e-02
 2.2290e+00  3.5019e-02
 2.2330e+00  3.6612e-02
 2.2380e+00  3.8401e-02
 2.2420e+00  3.9364e-02
 2.2460e+00  3.4817e-02
 2.2510e+00  3.3686e-02
 2.2550e+00  4.9252e-02
 2.2590e+00  5.1771e-02
 2.2640e+00  5.4657e-02
 2.2680e+00  5.0343e-02
 2.2720e+00  4.9441e-02
 2.2770e+00  6.0526e-02
 2.2810e+00  4.1609e-02
 2.2850e+00  3.8289e-02
 2.2900e+00  5.9690e-02
 2.2940e+00  5.5106e-02
 2.2980e+00  5.3050e-02
 2.3030e+00  4.7541e-02
 2.3070e+00  3.4900e-02
 2.3110e+00  3.0734e-02
 2.3160e+00  3.2092e-02
 2.3200e+00  3.0224e-02
 2.3250e+00  3.2110e-02
 2.3290e+00  2.9823e-02
 2.3340e+00  3.3370e-02
 2.3380e+00  5.6254e-02
 2.3420e+00  4.0034e-02
 2.3470e+00  5.0713e-02
 2.3510e+00  4.9118e-02
 2.3560e+00  3.4393e-02
 2.3600e+00  2.7410e-02
 2.3650e+00  5.0010e-02
 2.3690e+00  3.8104e-02
 2.3740e+00  4.8944e-02
 2.3780e+00  5.4782e-02
 2.3830e+00  5.6636e-02
 2.3870e+00  5.5971e-02
 2.3920e+00  5.4049e-02
 2.3960e+00  5.4145e-02
 2.4010e+00  4.3337e-02
 2.4050e+00  5.3051e-02
 2.4100e+00  7.1482e-02
 2.4150e+00  4.6484e-02
 2.4190e+00  4.1640e-02
 2.4240e+00  3.2902e-02
 2.4280e+00  3.2899e-02
 2.4330e+00  4.2338e-02
 2.4380e+00  3.4942e-02
 2.4420e+00  6.3220e-02
 2.4470e+00  7.6510e-02
 2.4510e+00  5.1547e-02
 2.4560e+00  4.5945e-02
 2.4610e+00  3.9080e-02
 2.4650e+00  4.9556e-02
 2.4700e+00  3.4142e-02
 2.4750e+00  4.1168e-02
 2.4790e+00  4.4881e-02
 2.4840e+00  4.9286e-02
 2.4890e+00  4.3321e-02
 2.4930e+00  4.5474e-02
 2.4980e+00  4.3318e-02
 2.5030e+00  4.7429e-02
 2.5070e+00  4.7359e-02
 2.5120e+00  6.1943e-02
 2.5170e+00  6.5685e-02
 2.5220e+00  6.5351e-02
 2.5260e+00  6.3365e-02
 2.5310e+00  5.5181e-02
 2.5360e+00  4.6694e-02
 2.5410e+00  4.8748e-02
 2.5450e+00  3.4796e-02
 2.5500e+00  4.0395e-02
 2.5550e+00  3.2801e-02
 2.5600e+00  4.8943e-02
 2.5650e+00  4.1817e-02
 2.5690e+00  4.2611e-02
 2.5740e+00  4.9934e-02
 2.5790e+00  5.9972e-02
 2.5840e+00  6.3782e-02
 2.5890e+00  5.2416e-02
 2.5940e+00  3.3596e-02
 2.5980e+00  3.5385e-02
 2.6030e+00  5.7847e-02
 2.6080e+00  5.0492e-02
 2.6130e+00  5.9638e-02
 2.6180e+00  4.8804e-02
 2.6230e+00  5.7017e-02
 2.6280e+00  3.0508e-02
 2.6330e+00  3.2559e-02
 2.6380e+00  5.6982e-02
 2.6430e+00  3.4220e-02
 2.6480e+00  3.8263e-02
 2.6520e+00  3.8626e-02
 2.6570e+00  5.5918e-02
 2.6620e+00  6.1483e-02
 2.6670e+00  7.0889e-02
 2.6720e+00  7.1512e-02
 2.6770e+00  7.2077e-02
 2.6820e+00  6.0317e-02
 2.6870e+00  6.4688e-02
 2.6920e+00  5.9489e-02
 2.6970e+00  4.2892e-02
 2.9000e+00  1.0000e+05
 3.3000e+00  4.7140e-02
 3.3070e+00  4.9063e-02
 3.3140e+00  7.0377e-02
 3.3210e+00  7.1338e-02
 3.3290e+00  6.7126e-02
 3.3360e+00  5.1546e-02
 3.3440e+00  4.4749e-02
 3.3510e+00  4.3456e-02
 3.3580e+00  4.5774e-02
 3.3660e+00  5.7209e-02
 3.3730e+00  4.9351e-02
 3.3810e+00  4.4578e-02
 3.3880e+00  4.2257e-02
 3.3950e+00  5.7406e-02
 3.4030e+00  7.6135e-02
 3.4100e+00  7.2156e-02
 3.4180e+00  7.1722e-02
 3.4250e+00  6.9998e-02
 3.4330e+00  7.5663e-02
 3.4400e+00  4.7425e-02
 3.4480e+00  3.5692e-02
 3.4560e+00  3.1095e-02
 3.4630e+00  3.0368e-02
 3.4710e+00  6.5083e-02
 3.4780e+00  6.8195e-02
 3.4860e+00  6.4853e-02
 3.4940e+00  7.2840e-02
 3.5010e+00  7.6881e-02
 3.5090e+00  7.8436e-02
 3.5170e+00  7.4492e-02
 3.5240e+00  6.9685e-02
 3.5320e+00  8.5786e-02
 3.6000e+00  1.0000e+05
 3.9340e+00  8.3672e-02
 3.9430e+00  5.7232e-02
 3.9510e+00  5.2073e-02
 3.9600e+00  4.7820e-02
 3.9680e+00  6.5060e-02
 3.9770e+00  5.0755e-02
 3.9850e+00  3.9970e-02
 3.9940e+00  4.2337e-02
 4.0030e+00  5.1140e-02
 4.0110e+00  9.1490e-02
 4.0200e+00  7.2422e-02
 4.0280e+00  7.8529e-02
 4.0370e+00  9.6587e-02
 4.0460e+00  1.0904e-01
 4.0540e+00  8.9904e-02
 4.0630e+00  7.7461e-02
 4.0720e+00  8.2115e-02
 4.0800e+00  6.5560e-02
 4.0890e+00  5.8717e-02
 4.0980e+00  5.7389e-02
 4.1060e+00  5.6999e-02
 4.1150e+00  7.5675e-02
 4.1240e+00  1.0861e-01
 4.1330e+00  8.2330e-02
 4.1420e+00  3.5145e-02
 4.1510e+00  3.0601e-02
 4.1590e+00  3.0484e-02
 4.1680e+00  3.0743e-02
 4.1770e+00  3.1627e-02
 4.1860e+00  5.9762e-02
 4.1950e+00  7.5069e-02
 4.2040e+00  6.3583e-02
 4.2130e+00  6.3852e-02
 4.2220e+00  6.4582e-02
 4.2310e+00  5.5032e-02
 4.2400e+00  5.3255e-02
 4.2490e+00  7.5841e-02
 4.2580e+00  5.1397e-02
 4.2670e+00  5.6946e-02
 4.2760e+00  5.2681e-02
 4.2850e+00  5.3723e-02
 4.2940e+00  5.5640e-02
 4.3030e+00  5.8512e-02
 4.3120e+00  6.5853e-02
 4.3220e+00  7.4206e-02
 4.3310e+00  6.7993e-02
 4.3400e+00  6.5692e-02
 4.3490e+00  3.7858e-02
 4.3580e+00  3.1934e-02
 4.3680e+00  3.7072e-02
 4.3770e+00  5.3507e-02
 4.3860e+00  5.1019e-02
 4.3950e+00  4.9127e-02
 4.4050e+00  6.8336e-02
 4.4140e+00  7.4085e-02
 4.4230e+00  7.3514e-02
 4.4330e+00  7.6562e-02
 4.4420e+00  7.5814e-02
 4.4520e+00  8.3871e-02
 4.4610e+00  7.3938e-02
 4.4700e+00  7.7080e-02
 4.4800e+00  5.1284e-02
 4.4890e+00  4.7232e-02
 4.4990e+00  4.4039e-02
 4.5080e+00  6.4828e-02
 4.5180e+00  6.1733e-02
 4.5270e+00  6.8087e-02
 4.5370e+00  5.7394e-02
 4.5470e+00  7.5422e-02
 4.5560e+00  6.5682e-02
 4.5660e+00  6.9414e-02
 4.5750e+00  7.2306e-02
 4.5850e+00  4.9766e-02
 4.5950e+00  4.1639e-02
 4.6040e+00  2.9347e-02
 4.6140e+00  2.9426e-02
 4.6240e+00  4.1717e-02
 4.6340e+00  4.2920e-02
 4.6430e+00  5.5099e-02
 4.6530e+00  5.6233e-02
 4.6630e+00  5.7834e-02
 4.6730e+00  6.1895e-02
 4.6830e+00  6.3035e-02
 4.6920e+00  6.4289e-02
 4.7020e+00  5.4329e-02
 4.7120e+00  3.7673e-02
 4.7220e+00  5.1046e-02
 4.7320e+00  5.4036e-02
 4.7420e+00  6.8544e-02
 4.7520e+00  7.5416e-02
 4.7620e+00  8.4156e-02
 4.7720e+00  8.6375e-02
 4.7820e+00  9.0307e-02
 4.7920e+00  7.5722e-02
 4.8020e+00  3.5459e-02
 4.8120e+00  3.0762e-02
 4.8220e+00  3.1756e-02
 4.8330e+00  4.1177e-02
 4.8430e+00  5.1678e-02
 4.8530e+00  8.8007e-02
 4.8630e+00  7.6524e-02
 4.8730e+00  7.3250e-02
 4.8830e+00  7.1794e-02
 4.8940e+00  6.1418e-02
 4.9040e+00  5.7039e-02
 4.9140e+00  4.1094e-02
 4.9250e+00  4.2075e-02
 4.9350e+00  4.0290e-02
 4.9450e+00  3.8408e-02
 4.9560e+00  4.2840e-02
 4.9660e+00  5.0036e-02
 4.9760e+00  5.0891e-02
 4.9870e+00  4.1137e-02
 4.9970e+00  4.0610e-02
 5.0080e+00  3.4365e-02
 5.0180e+00  3.9837e-02
 5.0290e+00  4.8020e-02
 5.0390e+00  4.4693e-02
 5.0500e+00  5.8097e-02
 5.0600e+00  7.0495e-02
 5.0710e+00  6.1784e-02
 5.0820e+00  4.3209e-02
 5.0920e+00  3.5916e-02
 5.1030e+00  5.3475e-02
 5.1140e+00  4.6399e-02
 5.1240e+00  4.2986e-02
 5.1350e+00  4.5657e-02
 5.1460e+00  7.0030e-02
 5.1570e+00  5.8841e-02
 5.1670e+00  6.7690e-02
 5.1780e+00  6.6277e-02
 5.1890e+00  4.8720e-02
 5.2000e+00  5.5754e-02
 5.2110e+00  5.5724e-02
 5.2220e+00  5.8392e-02
 5.2320e+00  6.3157e-02
 5.2430e+00  6.5272e-02
 5.2540e+00  6.7049e-02
 5.2650e+00  6.3978e-02
 5.2760e+00  6.1514e-02
 5.2870e+00  4.8394e-02
 5.2980e+00  5.3644e-02
 5.3090e+00  5.0506e-02
 5.3210e+00  5.6928e-02
 5.3320e+00  4.3470e-02
 5.3430e+00  4.0855e-02
 5.3540e+00  4.2546e-02
 5.3650e+00  4.5798e-02
 5.3760e+00  5.6857e-02
 5.3880e+00  6.2013e-02
 5.3990e+00  5.9581e-02
 5.4100e+00  5.8293e-02
 5.4210e+00  3.2492e-02
 5.4330e+00  3.6701e-02
 5.4440e+00  7.0479e-02
 5.4550e+00  7.0258e-02
 5.4670e+00  6.3873e-02
 5.4780e+00  5.6407e-02
 5.4900e+00  4.5503e-02
 5.5010e+00  3.5525e-02
 5.5120e+00  3.3036e-02
 5.5240e+00  3.9082e-02
 5.5350e+00  3.7854e-02
 5.5470e+00  4.2058e-02
 5.5590e+00  4.8594e-02
 5.5700e+00  5.1052e-02
 5.5820e+00  4.9299e-02
 5.5930e+00  5.5501e-02
 5.6050e+00  5.6357e-02
 5.6170e+00  5.5216e-02
 5.6280e+00  6.6176e-02
 5.6400e+00  6.4853e-02
 5.6520e+00  6.7856e-02
 5.6640e+00  5.8652e-02
 5.6750e+00  7.0710e-02
 5.6870e+00  4.9930e-02
 5.6990e+00  7.1539e-02
 5.7110e+00  4.4467e-02
 5.7230e+00  7.1621e-02
 5.7350e+00  7.2851e-02
 5.7470e+00  6.9042e-02
 5.7590e+00  8.3672e-02
 5.7710e+00  6.5756e-02
 5.7830e+00  6.4740e-02
 5.7950e+00  4.5653e-02
 5.8070e+00  5.6240e-02
 5.8190e+00  5.5439e-02
 5.8310e+00  5.1293e-02
 5.8430e+00  5.0437e-02
 5.8550e+00  5.4085e-02
 5.8670e+00  4.8777e-02
 5.8800e+00  4.3344e-02
 5.8920e+00  3.2977e-02
 5.9040e+00  3.7454e-02
 5.9160e+00  3.8678e-02
 5.9290e+00  3.6839e-02
 5.9410e+00  3.4752e-02
 5.9530e+00  3.2633e-02
 5.9660e+00  3.6254e-02
 5.9780e+00  6.5450e-02
 5.9910e+00  7.0261e-02
 6.0030e+00  6.1211e-02
 6.0150e+00  5.5356e-02
 6.0280e+00  4.8516e-02
 6.0410e+00  4.8574e-02
 6.0530e+00  5.0355e-02
 6.0660e+00  4.1092e-02
 6.0780e+00  5.8691e-02
 6.0910e+00  3.5414e-02
 6.1040e+00  3.6948e-02
 6.1160e+00  4.8109e-02
 6.1290e+00  5.8286e-02
 6.1420e+00  8.3708e-02
 6.1540e+00  8.5697e-02
 6.1670e+00  8.3362e-02
 6.1800e+00  5.3957e-02
 6.1930e+00  5.9784e-02
 6.2060e+00  5.3038e-02
 6.2190e+00  3.2066e-02
 6.2320e+00  5.8519e-02
 6.2450e+00  5.5488e-02
 6.2580e+00  3.5836e-02
 6.2710e+00  4.4079e-02
 6.2840e+00  4.7055e-02
 6.2970e+00  6.2749e-02
 6.3100e+00  5.8086e-02
 6.3230e+00  5.8390e-02
 6.3360e+00  4.8645e-02
 6.3490e+00  4.1134e-02
 6.3620e+00  4.9100e-02
 6.3760e+00  5.1856e-02
 6.3890e+00  6.3045e-02
 6.4020e+00  2.6753e-02
 6.4150e+00  2.5976e-02
 6.4290e+00  3.9563e-02
 6.4420e+00  4.7441e-02
 6.4560e+00  5.5071e-02
 6.4690e+00  6.2639e-02
 6.4820e+00  8.0655e-02
 6.4960e+00  8.2559e-02
 6.5090e+00  6.4016e-02
 6.5230e+00  5.8435e-02
 6.5360e+00  4.1335e-02
 6.5500e+00  3.5055e-02
 6.5640e+00  3.0703e-02
 6.5770e+00  3.7167e-02
 6.5910e+00  4.1332e-02
 6.6050e+00  3.3793e-02
 6.6180e+00  7.2461e-02
 6.6320e+00  5.9225e-02
 6.6460e+00  5.9589e-02
 6.6600e+00  3.9980e-02
 6.6740e+00  3.5324e-02
 6.6870e+00  3.1218e-02
 6.7010e+00  3.2198e-02
 6.7150e+00  3.0147e-02
 6.7290e+00  5.1375e-02
 6.7430e+00  5.6154e-02
 6.7570e+00  3.8568e-02
 6.7710e+00  3.8597e-02
 6.7850e+00  3.1951e-02
 6.8000e+00  3.0293e-02
 6.8140e+00  2.8603e-02
 6.8280e+00  4.7507e-02
 6.8420e+00  5.8168e-02
 6.8560e+00  6.4141e-02
 6.8710e+00  6.4936e-02
 6.8850e+00  6.9924e-02
 6.8990e+00  6.8512e-02
 6.9130e+00  6.0337e-02
 6.9280e+00  5.3783e-02
 6.9420e+00  3.4547e-02
 6.9570e+00  3.8007e-02
 6.9710e+00  5.5314e-02
 6.9860e+00  6.5023e-02
 7.0000e+00  8.3671e-02
 7.0150e+00  7.6469e-02
 7.0290e+00  4.1773e-02
 7.0440e+00  3.4637e-02
 7.0590e+00  3.4697e-02
 7.0730e+00  2.6014e-02
 7.0880e+00  2.6833e-02
 7.1030e+00  4.1986e-02
 7.1180e+00  7.3526e-02
 7.1320e+00  8.6537e-02
 7.1470e+00  9.4035e-02
 7.1620e+00  6.2469e-02
 7.1770e+00  3.6899e-02
 7.1920e+00  3.7602e-02
 7.2070e+00  2.2916e-02
 7.2220e+00  4.8958e-02
 7.2370e+00  5.5024e-02
 7.2520e+00  7.2721e-02
 7.2670e+00  7.3177e-02
 7.2820e+00  6.2734e-02
 7.2980e+00  5.7349e-02
 7.3130e+00  6.1144e-02
 7.3280e+00  2.8679e-02
 7.3430e+00  5.6701e-02
 7.3590e+00  6.2792e-02
 7.3740e+00  6.9286e-02
 7.3890e+00  6.5120e-02
 7.4050e+00  6.8699e-02
 7.4200e+00  6.3431e-02
 7.4360e+00  5.1036e-02
 7.4510e+00  4.0382e-02
 7.4670e+00  3.4748e-02
 7.4820e+00  2.8149e-02
 7.4980e+00  2.9752e-02
 7.5130e+00  3.1166e-02
 7.5290e+00  4.5522e-02
 7.5450e+00  1.0791e-01
 7.5610e+00  5.1061e-02
 7.5760e+00  4.0349e-02
 7.5920e+00  3.3368e-02
 7.6080e+00  2.5833e-02
 7.6240e+00  4.1141e-02
 7.6400e+00  4.8364e-02
 7.6560e+00  7.0255e-02
 7.6720e+00  7.4447e-02
 7.6880e+00  6.9178e-02
 7.7040e+00  6.4952e-02
 7.7200e+00  5.5741e-02
 7.7360e+00  2.9447e-02
 7.7520e+00  3.2569e-02
 7.7680e+00  3.3486e-02
 7.7850e+00  3.6239e-02
 7.8010e+00  4.3006e-02
 7.8170e+00  5.9045e-02
 7.8340e+00  4.9310e-02
 7.8500e+00  5.0778e-02
 7.8660e+00  5.3168e-02
 7.8830e+00  5.1393e-02
 7.8990e+00  4.0371e-02
 7.9160e+00  5.3746e-02
 7.9320e+00  5.2152e-02
 7.9490e+00  4.4626e-02
 7.9660e+00  5.2308e-02
 7.9820e+00  3.6268e-02
 7.9990e+00  4.3307e-02
 8.0160e+00  3.7280e-02
 8.0320e+00  5.2584e-02
 8.0490e+00  5.5612e-02
 8.0660e+00  5.5519e-02
 8.0830e+00  4.9947e-02
 8.1000e+00  3.5105e-02
 8.1170e+00  4.0309e-02
 8.1340e+00  3.8625e-02
 8.1510e+00  4.0766e-02
 8.1680e+00  4.1073e-02
 8.1850e+00  4.5512e-02
 8.2020e+00  4.5265e-02
 8.2190e+00  4.7743e-02
 8.2370e+00  4.8935e-02
 8.2540e+00  5.4813e-02
 8.2710e+00  5.6375e-02
 8.2890e+00  6.5433e-02
 8.3060e+00  5.6831e-02
 8.3230e+00  5.5640e-02
 8.3410e+00  4.9520e-02
 8.3580e+00  5.3038e-02
 8.3760e+00  5.7105e-02
 8.3930e+00  7.2406e-02
 8.4110e+00  7.1768e-02
 8.4290e+00  6.9350e-02
 8.4460e+00  7.0938e-02
 8.4640e+00  4.6056e-02
 8.4820e+00  5.5178e-02
 8.5000e+00  4.6917e-02
 8.5180e+00  3.4582e-02
 8.5350e+00  3.4397e-02
 8.5530e+00  4.3764e-02
 8.5710e+00  6.2647e-02
 8.5890e+00  7.0050e-02
 8.6070e+00  7.1608e-02
 8.6260e+00  7.2126e-02
 8.6440e+00  7.3996e-02
 8.6620e+00  5.4656e-02
 8.6800e+00  6.0866e-02
 8.6980e+00  8.7241e-02
 8.7170e+00  1.1102e-01
 8.7350e+00  6.3867e-02
 8.7530e+00  2.7106e-02
 8.7720e+00  2.0319e-02
 8.7900e+00  2.2331e-02
 8.8090e+00  2.6915e-02
 8.8270e+00  8.7767e-02
 9.1000e+00  1.0000e+05
 1.0690e+01  5.3025e-02
 1.0710e+01  8.3823e-02
 1.0740e+01  7.1085e-02
 1.0760e+01  5.1231e-02
 1.0780e+01  3.4379e-02
 1.0810e+01  3.9389e-02
 1.0830e+01  4.4949e-02
 1.0850e+01  6.1579e-02
 1.0880e+01  8.4462e-02
 1.0900e+01  9.3345e-02
 1.0920e+01  8.1605e-02
 1.0950e+01  7.8517e-02
 1.0970e+01  6.4945e-02
 1.0990e+01  4.8669e-02
 1.1020e+01  5.0633e-02
 1.1040e+01  2.0959e-02
 1.1060e+01  5.8914e-02
 1.1090e+01  5.4599e-02
 1.1110e+01  5.9036e-02
 1.1140e+01  7.2985e-02
 1.1160e+01  8.1068e-02
 1.1180e+01  7.4730e-02
 1.1210e+01  5.2437e-02
 1.1230e+01  4.4563e-02
 1.1260e+01  4.0957e-02
 1.1280e+01  3.5519e-02
 1.1310e+01  5.0063e-02
 1.1330e+01  4.8015e-02
 1.1350e+01  4.1010e-02
 1.1380e+01  4.1021e-02
 1.1400e+01  3.0754e-02
 1.1430e+01  3.1679e-02
 1.1450e+01  2.5694e-02
 1.1480e+01  2.5498e-02
 1.1500e+01  5.6020e-02
 1.1530e+01  6.8480e-02
 1.1550e+01  6.1766e-02
 1.1580e+01  5.2176e-02
 1.1600e+01  2.8321e-02
 1.1630e+01  4.0005e-02
 1.1650e+01  2.3357e-02
 1.1680e+01  2.3018e-02
 1.1710e+01  2.7792e-02
 1.1730e+01  4.6520e-02
 1.1760e+01  4.0645e-02
 1.1780e+01  6.1114e-02
 1.1810e+01  5.1546e-02
 1.1830e+01  6.4828e-02
 1.1860e+01  5.9608e-02
 1.1880e+01  3.1282e-02
 1.1910e+01  2.7529e-02
 1.1940e+01  2.5993e-02
 1.1960e+01  2.9107e-02
 1.1990e+01  2.7089e-02
 1.2020e+01  2.8732e-02
 1.2040e+01  3.4091e-02
 1.2070e+01  4.5472e-02
 1.2090e+01  6.0434e-02
 1.2120e+01  7.4852e-02
 1.2150e+01  7.7836e-02
 1.2170e+01  8.9002e-02
 1.2200e+01  6.1887e-02
 1.2230e+01  3.9200e-02
 1.2250e+01  2.6463e-02
 1.2280e+01  2.6392e-02
 1.2310e+01  2.7487e-02
 1.2330e+01  3.5256e-02
 1.2360e+01  3.4346e-02
 1.2390e+01  7.1155e-02
 1.2420e+01  6.5898e-02
 1.2440e+01  5.3507e-02
 1.2470e+01  4.2007e-02
 1.2500e+01  3.2114e-02
 1.2530e+01  2.6751e-02
 1.2550e+01  2.5025e-02
 1.2580e+01  3.7252e-02
 1.2610e+01  3.1471e-02
 1.2640e+01  6.3867e-02
 1.2660e+01  5.7795e-02
 1.2690e+01  5.0239e-02
 1.2720e+01  5.8348e-02
 1.2750e+01  5.5718e-02
 1.2780e+01  5.4968e-02
 1.2800e+01  3.9561e-02
 1.2830e+01  2.9155e-02
 1.2860e+01  3.1858e-02
 1.2890e+01  4.8022e-02
 1.2920e+01  3.2596e-02
 1.2950e+01  5.1053e-02
 1.2980e+01  5.7947e-02
 1.3000e+01  6.2554e-02
 1.3030e+01  6.4186e-02
 1.3060e+01  5.7110e-02
 1.3090e+01  4.4129e-02
 1.3120e+01  3.5456e-02
 1.3150e+01  3.1139e-02
 1.3180e+01  3.2117e-02
 1.3210e+01  3.9681e-02
 1.3240e+01  3.4249e-02
 1.3270e+01  3.4750e-02
 1.3300e+01  3.7045e-02
 1.3320e+01  4.5640e-02
 1.3350e+01  4.3918e-02
 1.3380e+01  4.6211e-02
 1.3410e+01  4.5950e-02
 1.3440e+01  3.9950e-02
 1.3470e+01  5.0607e-02
 1.3500e+01  3.8999e-02
 1.3530e+01  5.9316e-02
 1.3560e+01  6.1547e-02
 1.3590e+01  6.8557e-02
 1.3620e+01  7.2484e-02
 1.3650e+01  5.6058e-02
 1.3690e+01  5.4967e-02
 1.3720e+01  5.7099e-02
 1.3750e+01  5.0195e-02
 1.3780e+01  4.5016e-02
 1.3810e+01  5.5319e-02
 1.3840e+01  3.3115e-02
 1.3870e+01  2.9369e-02
 1.3900e+01  3.5094e-02
 1.3930e+01  3.6459e-02
 1.3960e+01  5.7804e-02
 1.3990e+01  7.0247e-02
 1.4030e+01  6.8259e-02
 1.4060e+01  2.8673e-02
 1.4090e+01  2.8110e-02
 1.4120e+01  3.6449e-02
 1.4150e+01  3.3525e-02
 1.4180e+01  3.2167e-02
 1.4220e+01  2.7523e-02
 1.4250e+01  3.5630e-02
 1.4280e+01  3.2844e-02
 1.4310e+01  3.4969e-02
 1.4340e+01  5.0776e-02
 1.4380e+01  5.8938e-02
 1.4410e+01  5.9212e-02
 1.4440e+01  6.2712e-02
 1.4470e+01  7.0039e-02
 1.4510e+01  7.4771e-02
 1.4540e+01  6.8185e-02
 1.4570e+01  7.2053e-02
 1.4610e+01  6.3367e-02
 1.4640e+01  4.5691e-02
 1.4670e+01  3.9235e-02
 1.4710e+01  3.2463e-02
 1.4740e+01  2.9594e-02
 1.4770e+01  4.2807e-02
 1.4810e+01  6.4671e-02
 1.4840e+01  6.5443e-02
 1.4870e+01  6.2514e-02
 1.4910e+01  4.9856e-02
 1.4940e+01  4.2127e-02
 1.4970e+01  3.0135e-02
 1.5010e+01  3.0133e-02
 1.5040e+01  3.2621e-02
 1.5080e+01  3.6007e-02
 1.5110e+01  4.3680e-02
 1.5150e+01  8.3937e-02
 1.5180e+01  9.1812e-02
 1.5210e+01  6.3768e-02
 1.5250e+01  6.0307e-02
 1.5280e+01  5.1807e-02
 1.5320e+01  2.5011e-02
 1.5350e+01  3.6434e-02
 1.5390e+01  3.6607e-02
 1.5420e+01  3.7910e-02
 1.5460e+01  4.1119e-02
 1.5490e+01  6.4622e-02
 1.5530e+01  6.8064e-02
 1.5570e+01  5.0141e-02
 1.5600e+01  3.7393e-02
 1.5640e+01  2.8956e-02
 1.5670e+01  3.7165e-02
 1.5710e+01  4.4080e-02
 1.5740e+01  4.6455e-02
 1.5780e+01  4.8767e-02
 1.5820e+01  6.0828e-02
 1.5850e+01  6.5844e-02
 1.5890e+01  7.3739e-02
 1.5930e+01  3.9896e-02
 1.5960e+01  5.4599e-02
 1.6000e+01  3.3198e-02
 1.6040e+01  3.3456e-02
 1.6070e+01  7.4936e-02
 1.6110e+01  7.1899e-02
 1.6150e+01  6.7661e-02
 1.6190e+01  6.7367e-02
 1.6220e+01  5.9446e-02
 1.6260e+01  4.9151e-02
 1.6300e+01  3.9191e-02
 1.6340e+01  3.6955e-02
 1.6370e+01  3.6421e-02
 1.6410e+01  3.0841e-02
 1.6450e+01  6.2218e-02
 1.6490e+01  4.8575e-02
 1.6530e+01  7.8588e-02
 1.6560e+01  6.8486e-02
 1.6600e+01  7.5918e-02
 1.6640e+01  6.7295e-02
 1.6680e+01  4.2601e-02
 1.6720e+01  3.8084e-02
 1.6760e+01  1.9208e-02
 1.6800e+01  2.7776e-02
 1.6840e+01  4.0403e-02
 1.6880e+01  4.6798e-02
 1.6910e+01  8.4698e-02
 1.6950e+01  8.7890e-02
 1.6990e+01  7.3227e-02
 1.7030e+01  5.1700e-02
 1.7070e+01  4.0553e-02
 1.7110e+01  2.5339e-02
 1.7150e+01  2.5621e-02
 1.7190e+01  2.7211e-02
 1.7230e+01  3.3699e-02
 1.7270e+01  4.6363e-02
 1.7310e+01  7.5441e-02
 1.7360e+01  8.6371e-02
 1.7400e+01  8.5642e-02
 1.7440e+01  4.5402e-02
 1.7480e+01  3.9441e-02
 1.7520e+01  2.7832e-02
 1.7560e+01  2.3959e-02
 1.7600e+01  3.3038e-02
 1.7640e+01  4.1430e-02
 1.7680e+01  7.1972e-02
 1.7730e+01  7.2886e-02
 1.7770e+01  7.6642e-02
 1.7810e+01  7.8659e-02
 1.7850e+01  7.7525e-02
 1.7890e+01  7.1425e-02
 1.7940e+01  6.3617e-02
 1.7980e+01  2.6834e-02
 1.8020e+01  2.6541e-02
 1.8060e+01  4.0925e-02
 1.8110e+01  3.0314e-02
 1.8150e+01  7.4952e-02
 1.8190e+01  5.3583e-02
 1.8240e+01  7.1273e-02
 1.8280e+01  4.5973e-02
 1.8320e+01  4.2015e-02
 1.8370e+01  4.0074e-02
 1.8410e+01  4.5346e-02
 1.8450e+01  3.9510e-02
 1.8500e+01  6.4319e-02
 1.8540e+01  6.4459e-02
 1.8590e+01  6.6279e-02
 1.8630e+01  4.0159e-02
 1.8680e+01  4.3219e-02
 1.8720e+01  5.2391e-02
 1.8770e+01  5.3471e-02
 1.8810e+01  5.4683e-02
 1.8860e+01  3.3512e-02
 1.8900e+01  3.6115e-02
 1.8950e+01  4.9929e-02
 1.8990e+01  6.0346e-02
 1.9040e+01  8.9520e-02
 1.9080e+01  7.0438e-02
 1.9130e+01  6.2173e-02
 1.9170e+01  5.8581e-02
 1.9220e+01  4.8773e-02
 1.9270e+01  3.9466e-02
 1.9310e+01  3.7890e-02
 1.9360e+01  4.9896e-02
 1.9410e+01  5.3566e-02
 1.9450e+01  6.2815e-02
 1.9500e+01  6.0096e-02
 1.9550e+01  4.4901e-02
 1.9600e+01  3.9352e-02
 1.9640e+01  4.0062e-02
 1.9690e+01  3.9931e-02
 1.9740e+01  4.0571e-02
 1.9790e+01  4.9591e-02
 1.9830e+01  4.9360e-02
 1.9880e+01  4.2129e-02
 1.9930e+01  3.4832e-02
 1.9980e+01  3.7896e-02
 2.0030e+01  3.3860e-02
 2.0080e+01  6.0221e-02
 2.0130e+01  6.2208e-02
 2.0170e+01  6.8979e-02
 2.0220e+01  6.8886e-02
 2.0270e+01  6.7341e-02
 2.0320e+01  5.2734e-02
 2.0370e+01  4.4417e-02
 2.0420e+01  4.4117e-02
 2.0470e+01  5.2204e-02
 2.0520e+01  5.3620e-02
 2.0570e+01  7.8081e-02
 2.0620e+01  5.5720e-02
 2.0670e+01  5.6061e-02
 2.0720e+01  4.9765e-02
 2.0780e+01  5.5527e-02
 2.0830e+01  4.5760e-02
 2.0880e+01  4.4619e-02
 2.0930e+01  4.4855e-02
 2.0980e+01  4.7926e-02
 2.1030e+01  4.3481e-02
 2.1080e+01  6.0168e-02
 2.1140e+01  7.2039e-02
 2.1190e+01  6.8777e-02
 2.1240e+01  6.9490e-02
 2.1290e+01  6.9161e-02
 2.1350e+01  7.3209e-02
 2.1400e+01  6.2422e-02
 2.1450e+01  5.5481e-02
 2.1510e+01  5.2210e-02
 2.1560e+01  4.8470e-02
 2.1610e+01  4.5979e-02
 2.1670e+01  4.1460e-02
 2.1720e+01  5.6681e-02
 2.1780e+01  6.5055e-02
 2.1830e+01  8.6786e-02
 2.1880e+01  8.7092e-02
 2.1940e+01  5.4363e-02
 2.1990e+01  5.7435e-02
 2.2050e+01  5.3425e-02
 2.2100e+01  4.8772e-02
 2.2160e+01  3.4801e-02
 2.2210e+01  5.1545e-02
 2.2270e+01  5.0905e-02
 2.2330e+01  4.9762e-02
 2.2380e+01  3.3334e-02
 2.2440e+01  5.4665e-02
 2.2500e+01  6.8850e-02
 2.2550e+01  3.7786e-02
 2.2610e+01  4.0287e-02
 2.2670e+01  3.7755e-02
 2.2720e+01  3.9917e-02
 2.2780e+01  3.7420e-02
 2.2840e+01  4.6812e-02
 2.2900e+01  4.6476e-02
 2.2950e+01  4.7119e-02
 2.3010e+01  4.2764e-02
 2.3070e+01  5.4353e-02
 2.3130e+01  7.1787e-02
 2.3190e+01  7.1182e-02
 2.3250e+01  7.5509e-02
 2.3310e+01  7.3316e-02
 2.3370e+01  5.8689e-02
 2.3430e+01  6.5822e-02
 2.3490e+01  6.4845e-02
 2.3550e+01  6.9036e-02
 2.3610e+01  6.8294e-02
 2.3670e+01  6.8597e-02
 2.3730e+01  6.6500e-02
 2.3790e+01  6.5524e-02
 2.3850e+01  6.1777e-02
 2.3910e+01  5.6913e-02
 2.3970e+01  5.4549e-02
 2.4030e+01  7.2193e-02
 2.4090e+01  5.2392e-02
 2.4160e+01  4.6922e-02
 2.4220e+01  6.0275e-02
 2.4280e+01  5.1284e-02
 2.4340e+01  4.8345e-02
 2.4410e+01  4.8719e-02
 2.4470e+01  5.0683e-02
 2.4530e+01  5.5492e-02
 2.4600e+01  6.9529e-02
 2.4660e+01  6.2225e-02
 2.4720e+01  5.1472e-02
 2.4790e+01  5.1173e-02
 2.4850e+01  6.2409e-02
 2.4920e+01  6.1566e-02
 2.4980e+01  6.4814e-02
 2.5050e+01  6.9250e-02
 2.5110e+01  8.4277e-02
 2.5180e+01  7.9442e-02
 2.5240e+01  7.8974e-02
 2.5310e+01  7.3500e-02
 2.5380e+01  6.4843e-02
 2.5440e+01  3.3230e-02
 2.5510e+01  3.7298e-02
 2.5580e+01  4.6339e-02
 2.5640e+01  6.0526e-02
 2.5710e+01  6.8825e-02
 2.5780e+01  7.1034e-02
 2.5850e+01  9.9854e-02
 2.5920e+01  6.4746e-02
 2.5980e+01  5.9770e-02
 2.6050e+01  5.7708e-02
 2.6120e+01  5.6121e-02
 2.6190e+01  4.5691e-02
 2.6260e+01  4.5899e-02
 2.6330e+01  4.7326e-02
 2.6400e+01  4.4315e-02
 2.6470e+01  7.2504e-02
 2.6540e+01  7.4133e-02
 2.6610e+01  7.0821e-02
 2.6680e+01  7.3942e-02
 2.6750e+01  3.7924e-02
 2.6830e+01  3.5588e-02
 2.6900e+01  3.5116e-02
 2.6970e+01  4.9759e-02
 2.7040e+01  5.5355e-02
 2.7110e+01  4.6174e-02
 2.7190e+01  8.8554e-02
 2.7260e+01  6.7366e-02
 2.7330e+01  7.0557e-02
 2.7410e+01  7.9109e-02
 2.7480e+01  8.0127e-02
 2.7550e+01  7.8773e-02
 2.7630e+01  7.4131e-02
 2.7700e+01  4.2801e-02
 2.7780e+01  6.3151e-02
 2.7850e+01  6.8141e-02
 2.7930e+01  5.0477e-02
 2.8010e+01  4.8715e-02
 2.8080e+01  4.6952e-02
 2.8160e+01  5.0141e-02
 2.8230e+01  5.5401e-02
 2.8310e+01  7.3418e-02
 2.8390e+01  8.2515e-02
 2.8470e+01  8.4690e-02
 2.8540e+01  7.5700e-02
 2.8620e+01  7.6822e-02
 2.8700e+01  7.6659e-02
 2.8780e+01  6.9269e-02
 2.8860e+01  7.6195e-02
 2.8940e+01  7.6776e-02
 2.9020e+01  7.8509e-02
 2.9100e+01  6.4018e-02
 2.9180e+01  9.1686e-02
 2.9260e+01  9.3353e-02
 2.9340e+01  1.0028e-01
 2.9420e+01  8.2529e-02
 2.9500e+01  8.4570e-02
 2.9580e+01  6.7801e-02
 2.9670e+01  5.9112e-02
 2.9750e+01  5.1033e-02
 2.9830e+01  4.6554e-02
 2.9910e+01  4.7543e-02
 3.0000e+01  4.6972e-02
 3.0080e+01  5.0132e-02
 3.0170e+01  6.3720e-02
 3.0250e+01  6.9428e-02
 3.0340e+01  6.7155e-02
 3.0420e+01  9.7899e-02
 3.0510e+01  7.5652e-02
 3.0590e+01  6.9846e-02
 3.0680e+01  5.4834e-02
 3.0770e+01  4.9366e-02
 3.0850e+01  5.3444e-02
 3.0940e+01  5.0593e-02
 3.1030e+01  4.0878e-02
 3.1110e+01  6.1371e-02
 3.1200e+01  6.7898e-02
 3.1290e+01  7.7722e-02
 3.1380e+01  1.2153e-01
 3.1470e+01  1.0176e-01
 3.1560e+01  5.0783e-02
 3.1650e+01  4.9527e-02
 3.1740e+01  4.3513e-02
 3.1830e+01  4.3071e-02
 3.1920e+01  4.1849e-02
 3.2010e+01  4.4366e-02
 3.2110e+01  4.8958e-02
 3.2200e+01  6.0077e-02
 3.2290e+01  8.1535e-02
 3.2380e+01  9.1571e-02
 3.2480e+01  9.2696e-02
 3.2570e+01  8.8381e-02
 3.2670e+01  4.5365e-02
 3.2760e+01  4.9548e-02
 3.2860e+01  6.5227e-02
 3.2950e+01  7.4003e-02
 3.3050e+01  8.9991e-02
 3.3140e+01  9.1219e-02
 3.3240e+01  8.3670e-02
 3.3340e+01  8.2582e-02
 3.3440e+01  6.3299e-02
 3.3530e+01  3.8267e-02
 3.3630e+01  3.6125e-02
 3.3730e+01  5.3136e-02
 3.3830e+01  5.6069e-02
 3.3930e+01  5.7398e-02
 3.4030e+01  8.2611e-02
 3.4130e+01  8.5777e-02
 3.4230e+01  7.3904e-02
 3.4330e+01  7.2885e-02
 3.4440e+01  6.5604e-02
 3.4540e+01  5.8427e-02
 3.4640e+01  6.1458e-02
 3.4750e+01  8.4504e-02
 3.4850e+01  9.1386e-02
 3.4950e+01  1.1099e-01
 3.5060e+01  8.6186e-02
 3.5160e+01  7.6793e-02
 3.5270e+01  5.4124e-02
 3.5380e+01  8.7454e-02
 3.5480e+01  7.9865e-02
 3.5590e+01  6.0393e-02
 3.5700e+01  8.3307e-02
 3.5800e+01  9.5430e-02
 3.5910e+01  1.0510e-01
 3.6020e+01  1.1705e-01
 3.6130e+01  1.0501e-01
 3.6240e+01  7.4228e-02
 3.6350e+01  7.6582e-02
 3.6460e+01  6.4223e-02
 3.6580e+01  6.0310e-02
 3.6690e+01  8.6259e-02
 3.6800e+01  6.4019e-02
 3.6910e+01  7.1343e-02
 3.7030e+01  9.4777e-02
 3.7140e+01  7.9724e-02
 3.7260e+01  8.4999e-02
 3.7370e+01  6.8551e-02
 3.7490e+01  5.9354e-02
 3.7610e+01  7.3179e-02
 3.7720e+01  1.2207e-01
 3.7840e+01  1.1114e-01
 3.7960e+01  8.8839e-02
 3.8080e+01  1.0052e-01
 3.8200e+01  1.0109e-01
 3.8320e+01  4.5249e-02
 3.8440e+01  4.6612e-02
 3.8560e+01  7.3165e-02
 3.8680e+01  8.1810e-02
 3.8800e+01  9.6143e-02
 3.8930e+01  7.6017e-02
 3.9050e+01  6.6105e-02
 3.9170e+01  5.4663e-02
 3.9300e+01  6.1160e-02
 3.9420e+01  5.3091e-02
 3.9550e+01  6.0914e-02
 3.9680e+01  6.4210e-02
 3.9800e+01  6.4138e-02
 3.9930e+01  5.7125e-02
 4.0060e+01  5.1611e-02
 4.0190e+01  5.3885e-02
 4.0320e+01  6.3402e-02
 4.0450e+01  6.5137e-02
 4.0580e+01  1.3509e-01
 4.0710e+01  1.3175e-01
 4.0850e+01  1.1184e-01
 4.0980e+01  5.5485e-02
 4.1110e+01  7.9618e-02
 4.1250e+01  7.4207e-02
 4.1380e+01  7.4984e-02
 4.1520e+01  9.7066e-02
 4.1660e+01  9.5590e-02
 4.1800e+01  9.9965e-02
 4.1930e+01  8.5889e-02
 4.2070e+01  8.3432e-02
 4.2210e+01  6.7664e-02
 4.2350e+01  9.0614e-02
 4.2500e+01  9.7523e-02
 4.2640e+01  9.7379e-02
 4.2780e+01  9.4418e-02
 4.2920e+01  8.7142e-02
 4.3070e+01  7.9421e-02
 4.3220e+01  7.1574e-02
 4.3360e+01  6.8240e-02
 4.3510e+01  6.6363e-02
 4.3660e+01  6.5236e-02
 4.3810e+01  6.5086e-02
 4.3950e+01  1.0319e-01
 4.4110e+01  7.4530e-02
 4.4260e+01  9.8822e-02
 4.4410e+01  1.0396e-01
 4.4560e+01  9.6283e-02
 4.4720e+01  7.0578e-02
 4.4870e+01  6.5723e-02
 4.5030e+01  4.9319e-02
 4.5180e+01  7.1932e-02
 4.5340e+01  7.5372e-02
 4.5500e+01  1.3297e-01
 4.5660e+01  1.1947e-01
 4.5820e+01  1.1914e-01
 4.5980e+01  1.1366e-01
 4.6140e+01  9.6084e-02
 4.6310e+01  8.2735e-02
 4.6470e+01  9.2790e-02
 4.6640e+01  8.7827e-02
 4.6800e+01  8.3992e-02
 4.6970e+01  8.1100e-02
 4.7140e+01  7.5099e-02
 4.7310e+01  7.4070e-02
 4.7480e+01  7.7049e-02
 4.7650e+01  8.3906e-02
 4.7820e+01  1.0880e-01
 4.8000e+01  8.1964e-02
 4.8170e+01  7.5736e-02
 4.8350e+01  8.5909e-02
 4.8530e+01  7.5233e-02
 4.8700e+01  1.0477e-01
 4.8880e+01  8.2613e-02
 4.9070e+01  8.2005e-02
 4.9250e+01  7.3706e-02
 4.9430e+01  7.0386e-02
 4.9610e+01  6.0982e-02
 4.9800e+01  7.5059e-02
 4.9990e+01  7.7812e-02
 5.0180e+01  8.8246e-02
 5.0360e+01  9.0256e-02
 5.0560e+01  8.7428e-02
 5.0750e+01  7.9170e-02
 5.0940e+01  7.6246e-02
 5.1140e+01  7.6771e-02
 5.1330e+01  8.1105e-02
 5.1530e+01  8.9784e-02
 5.1730e+01  1.1957e-01
 5.1930e+01  1.2859e-01
 5.2130e+01  1.3046e-01
 5.2330e+01  1.2865e-01
 5.2540e+01  1.2313e-01
 5.2740e+01  1.1666e-01
 5.2950e+01  8.2235e-02
 5.3160e+01  8.5903e-02
 5.3370e+01  7.8357e-02
 5.3580e+01  7.4946e-02
 5.3800e+01  7.1267e-02
 5.4010e+01  7.1542e-02
 5.4230e+01  6.9188e-02
 5.4450e+01  7.0721e-02
 5.4670e+01  6.5181e-02
 5.4890e+01  6.7782e-02
 5.5110e+01  7.1236e-02
 5.5340e+01  1.0390e-01
 5.5570e+01  1.1547e-01
 5.5800e+01  1.1847e-01
 5.6030e+01  1.0905e-01
 5.6260e+01  8.5488e-02
 5.6490e+01  1.1686e-01
 5.6730e+01  1.2591e-01
 5.6970e+01  1.3280e-01
 5.7210e+01  1.3399e-01
 5.7450e+01  1.4091e-01
 5.7700e+01  1.0810e-01
 5.7940e+01  9.5674e-02
 5.8190e+01  9.6053e-02
 5.8440e+01  9.1043e-02
 5.8690e+01  9.2789e-02
 5.8950e+01  9.7950e-02
 5.9210e+01  1.1181e-01
 5.9470e+01  9.4276e-02
 5.9730e+01  8.9180e-02
 5.9990e+01  8.6998e-02
 6.0260e+01  8.9648e-02
 6.0530e+01  7.8409e-02
 6.0800e+01  9.4903e-02
 6.1070e+01  1.0374e-01
 6.1350e+01  1.1467e-01
 6.1630e+01  1.2022e-01
 6.1910e+01  1.2025e-01
 6.2200e+01  1.4667e-01
 6.2480e+01  1.3386e-01
 6.2770e+01  1.2019e-01
 6.3060e+01  1.2243e-01
 6.3360e+01  7.0691e-02
 6.3660e+01  7.5597e-02
 6.3960e+01  9.5845e-02
 6.4260e+01  9.6606e-02
 6.4570e+01  1.1828e-01
 6.4880e+01  1.4110e-01
 6.5200e+01  1.4726e-01
 6.5510e+01  1.2265e-01
 6.5830e+01  1.1439e-01
 6.6160e+01  1.2940e-01
 6.6480e+01  1.1472e-01
 6.6820e+01  8.9434e-02
 6.7150e+01  5.5165e-02
 6.7490e+01  9.9645e-02
 6.7830e+01  1.4294e-01
 6.8180e+01  1.6078e-01
 6.8530e+01  1.7339e-01
 6.8880e+01  1.0375e-01
 6.9240e+01  7.7926e-02
 6.9600e+01  7.2536e-02
