#      mass       lower
 8.9907e-03  4.2690e-04
 9.0814e-03  3.8669e-04
 9.1546e-03  4.0505e-04
 9.2284e-03  4.1889e-04
 9.3215e-03  3.9232e-04
 9.3967e-03  3.9486e-04
 9.4724e-03  3.8109e-04
 9.5488e-03  3.7576e-04
 9.6258e-03  3.5240e-04
 9.7034e-03  3.2424e-04
 9.8013e-03  3.3822e-04
 9.8803e-03  3.1701e-04
 9.9599e-03  3.2077e-04
 1.0040e-02  3.2042e-04
 1.0121e-02  2.8636e-04
 1.0182e-02  3.0929e-04
 1.0264e-02  2.5505e-04
 1.0347e-02  2.7944e-04
 1.0431e-02  2.7656e-04
 1.0515e-02  3.2158e-04
 1.0599e-02  3.2847e-04
 1.0663e-02  3.3089e-04
 1.0749e-02  3.1556e-04
 1.0836e-02  3.1756e-04
 1.0923e-02  3.1371e-04
 1.1034e-02  3.2221e-04
 1.1123e-02  3.2822e-04
 1.1235e-02  3.1239e-04
 1.1325e-02  3.1149e-04
 1.1440e-02  3.0372e-04
 1.1532e-02  3.0340e-04
 1.1625e-02  2.8378e-04
 1.1742e-02  2.6894e-04
 1.1837e-02  2.8184e-04
 1.1932e-02  2.9793e-04
 1.2028e-02  3.0978e-04
 1.2125e-02  2.9675e-04
 1.2223e-02  2.9699e-04
 1.2322e-02  2.8959e-04
 1.2421e-02  2.5249e-04
 1.2521e-02  2.6266e-04
 1.2622e-02  2.5101e-04
 1.2724e-02  2.5049e-04
 1.2827e-02  2.5676e-04
 1.2930e-02  2.8273e-04
 1.3034e-02  2.7263e-04
 1.3139e-02  2.8268e-04
 1.3245e-02  2.5971e-04
 1.3325e-02  2.7203e-04
 1.3433e-02  2.5346e-04
 1.3541e-02  2.0678e-04
 1.3623e-02  2.2870e-04
 1.3733e-02  2.1758e-04
 1.3843e-02  2.5192e-04
 1.3927e-02  2.6512e-04
 1.4039e-02  2.8788e-04
 1.4124e-02  2.7699e-04
 1.4238e-02  2.8012e-04
 1.4324e-02  2.6628e-04
 1.4439e-02  2.7853e-04
 1.4527e-02  2.6550e-04
 1.4644e-02  2.4004e-04
 1.4762e-02  2.5215e-04
 1.4881e-02  2.8168e-04
 1.5001e-02  3.0219e-04
 1.5122e-02  2.9064e-04
 1.5244e-02  2.9260e-04
 1.5366e-02  2.8305e-04
 1.5459e-02  2.8413e-04
 1.5584e-02  2.5802e-04
 1.5710e-02  2.3060e-04
 1.5836e-02  2.2781e-04
 1.5964e-02  2.4824e-04
 1.6060e-02  2.5801e-04
 1.6190e-02  2.4521e-04
 1.6320e-02  2.4200e-04
 1.6419e-02  2.5390e-04
 1.6551e-02  2.5175e-04
 1.6685e-02  2.3658e-04
 1.6786e-02  2.4587e-04
 1.6921e-02  2.6601e-04
 1.7023e-02  2.5731e-04
 1.7160e-02  2.5058e-04
 1.7264e-02  3.0016e-04
 1.7403e-02  2.9019e-04
 1.7508e-02  2.7495e-04
 1.7649e-02  2.6820e-04
 1.7756e-02  2.7108e-04
 1.7863e-02  2.5184e-04
 1.8007e-02  2.2374e-04
 1.8116e-02  2.2950e-04
 1.8226e-02  2.3168e-04
 1.8336e-02  2.3791e-04
 1.8483e-02  2.1914e-04
 1.8595e-02  2.5148e-04
 1.8745e-02  2.5737e-04
 1.8896e-02  2.5275e-04
 1.9048e-02  2.7583e-04
 1.9164e-02  2.6431e-04
 1.9318e-02  2.6207e-04
 1.9435e-02  2.2206e-04
 1.9591e-02  2.4979e-04
 1.9749e-02  2.2938e-04
 1.9869e-02  2.1120e-04
 2.0029e-02  2.1261e-04
 2.0150e-02  1.9865e-04
 2.0312e-02  1.9827e-04
 2.0435e-02  1.8054e-04
 2.0558e-02  1.8342e-04
 2.0724e-02  1.9603e-04
 2.0849e-02  1.8739e-04
 2.0975e-02  1.7083e-04
 2.1144e-02  1.9057e-04
 2.1272e-02  1.7812e-04
 2.1401e-02  1.6454e-04
 2.1573e-02  1.6746e-04
 2.1704e-02  2.0380e-04
 2.1835e-02  2.3843e-04
 2.1967e-02  2.3049e-04
 2.2099e-02  2.3644e-04
 2.2233e-02  2.5610e-04
 2.2412e-02  2.5671e-04
 2.2593e-02  2.1226e-04
 2.2729e-02  1.7955e-04
 2.2912e-02  1.8143e-04
 2.3051e-02  1.8506e-04
 2.3237e-02  1.6858e-04
 2.3377e-02  1.6405e-04
 2.3518e-02  1.7356e-04
 2.3708e-02  1.7404e-04
 2.3851e-02  1.7047e-04
 2.3995e-02  1.6402e-04
 2.4189e-02  1.7720e-04
 2.4335e-02  1.8060e-04
 2.4482e-02  1.9646e-04
 2.4679e-02  2.2125e-04
 2.4828e-02  2.1363e-04
 2.4978e-02  2.1876e-04
 2.5129e-02  2.0999e-04
 2.5281e-02  2.1695e-04
 2.5433e-02  1.9970e-04
 2.5638e-02  2.0587e-04
 2.5793e-02  2.0095e-04
 2.5949e-02  2.0516e-04
 2.6106e-02  1.9336e-04
 2.6264e-02  1.8641e-04
 2.6475e-02  1.7482e-04
 2.6635e-02  1.6558e-04
 2.6796e-02  1.5807e-04
 2.7012e-02  1.5307e-04
 2.7175e-02  1.7506e-04
 2.7340e-02  1.6065e-04
 2.7560e-02  1.7342e-04
 2.7726e-02  1.9036e-04
 2.7894e-02  1.9724e-04
 2.8062e-02  2.2083e-04
 2.8232e-02  1.9696e-04
 2.8460e-02  2.1019e-04
 2.8631e-02  1.8780e-04
 2.8804e-02  1.7275e-04
 2.8978e-02  1.8533e-04
 2.9153e-02  1.6231e-04
 2.9330e-02  1.7116e-04
 2.9507e-02  1.8455e-04
 2.9685e-02  1.9223e-04
 2.9864e-02  1.8123e-04
 3.0105e-02  1.5598e-04
 3.0287e-02  1.5750e-04
 3.0470e-02  1.4815e-04
 3.0654e-02  1.4578e-04
 3.0901e-02  1.5133e-04
 3.1088e-02  1.6702e-04
 3.1276e-02  1.7371e-04
 3.1464e-02  1.6008e-04
 3.1655e-02  1.6469e-04
 3.1910e-02  1.7786e-04
 3.2102e-02  2.0012e-04
 3.2296e-02  2.0022e-04
 3.2491e-02  1.9970e-04
 3.2688e-02  2.0021e-04
 3.2885e-02  1.8562e-04
 3.3084e-02  1.6383e-04
 3.3284e-02  1.5304e-04
 3.3485e-02  1.5456e-04
 3.3687e-02  1.3405e-04
 3.3891e-02  1.4226e-04
 3.4095e-02  1.5632e-04
 3.4370e-02  1.7058e-04
 3.4578e-02  1.6447e-04
 3.4787e-02  1.5073e-04
 3.4997e-02  1.5359e-04
 3.5208e-02  1.5006e-04
 3.5421e-02  1.4733e-04
 3.5635e-02  1.3702e-04
 3.5850e-02  1.3429e-04
 3.6139e-02  1.2441e-04
 3.6357e-02  1.4995e-04
 3.6577e-02  1.6989e-04
 3.6798e-02  1.7187e-04
 3.7020e-02  1.6986e-04
 3.7169e-02  1.9894e-04
 3.7394e-02  2.1145e-04
 3.7620e-02  2.1445e-04
 3.7923e-02  1.9755e-04
 3.8152e-02  1.8399e-04
 3.8382e-02  1.8921e-04
 3.8614e-02  1.7799e-04
 3.8847e-02  1.9755e-04
 3.9082e-02  1.9372e-04
 3.9318e-02  1.8917e-04
 3.9556e-02  1.9426e-04
 3.9795e-02  1.8967e-04
 4.0035e-02  1.8562e-04
 4.0277e-02  1.8816e-04
 4.0520e-02  1.9494e-04
 4.0765e-02  1.9259e-04
 4.1011e-02  1.9898e-04
 4.1259e-02  2.1920e-04
 4.1508e-02  1.9104e-04
 4.1759e-02  1.4766e-04
 4.2011e-02  1.3421e-04
 4.2265e-02  1.3438e-04
 4.2520e-02  1.3794e-04
 4.2777e-02  1.4524e-04
 4.3035e-02  1.9517e-04
 4.3295e-02  2.1206e-04
 4.3557e-02  2.0894e-04
 4.3820e-02  2.0587e-04
 4.4085e-02  2.0424e-04
 4.4351e-02  1.8439e-04
 4.4619e-02  1.7158e-04
 4.4889e-02  1.5083e-04
 4.5160e-02  1.6749e-04
 4.5432e-02  1.6030e-04
 4.5707e-02  1.6212e-04
 4.5983e-02  1.7328e-04
 4.6261e-02  1.6048e-04
 4.6540e-02  1.8413e-04
 4.6821e-02  1.7786e-04
 4.7104e-02  1.7036e-04
 4.7389e-02  1.7184e-04
 4.7675e-02  1.6865e-04
 4.7963e-02  1.9086e-04
 4.8253e-02  1.9023e-04
 4.8544e-02  1.9116e-04
 4.8837e-02  1.9054e-04
 4.9034e-02  1.9877e-04
 4.9330e-02  2.0150e-04
 4.9628e-02  1.8470e-04
 4.9928e-02  1.7544e-04
 5.0229e-02  2.0477e-04
 5.0533e-02  1.9706e-04
 5.0838e-02  1.9692e-04
 5.1145e-02  1.6293e-04
 5.1454e-02  1.3914e-04
 5.1765e-02  1.5134e-04
 5.2078e-02  1.3502e-04
 5.2392e-02  1.3482e-04
 5.2709e-02  1.2533e-04
 5.3027e-02  1.5158e-04
 5.3347e-02  1.7313e-04
 5.3670e-02  1.5038e-04
 5.3994e-02  1.3095e-04
 5.4211e-02  1.4450e-04
 5.4539e-02  1.2918e-04
 5.4868e-02  1.5365e-04
 5.5199e-02  1.4209e-04
 5.5533e-02  1.5715e-04
 5.5868e-02  1.6530e-04
 5.6206e-02  1.6249e-04
 5.6545e-02  1.7215e-04
 5.6887e-02  1.3906e-04
 5.7231e-02  1.2773e-04
 5.7576e-02  1.3269e-04
 5.7808e-02  1.5978e-04
 5.8157e-02  1.5634e-04
 5.8508e-02  1.7834e-04
 5.8862e-02  1.7669e-04
 5.9217e-02  1.9529e-04
 5.9575e-02  1.9020e-04
 5.9935e-02  1.5416e-04
 6.0297e-02  1.5224e-04
 6.0540e-02  1.4959e-04
 6.0905e-02  1.7753e-04
 6.1273e-02  1.6274e-04
 6.1643e-02  1.4847e-04
 6.2016e-02  1.5959e-04
 6.2390e-02  1.6359e-04
 6.2767e-02  1.5446e-04
 6.3146e-02  1.7775e-04
 6.3528e-02  1.6970e-04
 6.3783e-02  1.4880e-04
 6.4169e-02  1.4728e-04
 6.4556e-02  1.5286e-04
 6.4946e-02  1.1898e-04
 6.5339e-02  1.0033e-04
 6.5733e-02  1.0205e-04
 6.6130e-02  1.1662e-04
 6.6530e-02  1.3611e-04
 6.6797e-02  1.2797e-04
 6.7201e-02  1.6701e-04
 6.7607e-02  1.8529e-04
 6.8015e-02  1.9832e-04
 6.8426e-02  2.0189e-04
 6.8839e-02  2.0902e-04
 6.9255e-02  2.2524e-04
 6.9534e-02  1.9838e-04
 6.9954e-02  1.8135e-04
 7.0376e-02  1.8629e-04
 7.0802e-02  1.8607e-04
 7.1229e-02  1.7258e-04
 7.1659e-02  1.6331e-04
 7.1948e-02  1.5367e-04
 7.2382e-02  1.6054e-04
 7.2820e-02  1.5903e-04
 7.3260e-02  1.3951e-04
 7.3702e-02  1.5605e-04
 7.4147e-02  1.5398e-04
 7.4595e-02  1.9004e-04
 7.4895e-02  1.7233e-04
 7.5348e-02  1.7333e-04
 7.5803e-02  2.1896e-04
 7.6261e-02  2.0013e-04
 7.6721e-02  2.0771e-04
 7.7185e-02  1.8153e-04
 7.7495e-02  2.0486e-04
 7.7963e-02  1.9834e-04
 7.8434e-02  1.5782e-04
 7.8908e-02  1.8362e-04
 7.9385e-02  1.8916e-04
 7.9704e-02  2.1742e-04
 8.0186e-02  2.1481e-04
 8.0670e-02  1.9697e-04
 8.1157e-02  1.8456e-04
 8.1648e-02  1.5151e-04
 8.1976e-02  1.6886e-04
 8.2471e-02  1.2205e-04
 8.2969e-02  1.1977e-04
 8.3471e-02  1.1968e-04
 8.3975e-02  1.3470e-04
 8.4482e-02  1.4487e-04
 8.4822e-02  1.2430e-04
 8.5334e-02  1.5259e-04
 8.5850e-02  1.7355e-04
 8.6368e-02  2.1685e-04
 8.6716e-02  2.0127e-04
 8.7240e-02  1.8595e-04
 8.7767e-02  2.1123e-04
 8.8297e-02  2.1370e-04
 8.8830e-02  2.1440e-04
 8.9367e-02  2.0159e-04
 8.9726e-02  1.7097e-04
 9.0268e-02  2.1208e-04
 9.0814e-02  2.3665e-04
 9.1362e-02  2.1720e-04
 9.1730e-02  2.4169e-04
 9.2284e-02  1.9856e-04
 9.2841e-02  2.3954e-04
 9.3402e-02  2.0608e-04
 9.3966e-02  2.3825e-04
 9.4344e-02  2.6833e-04
 9.4914e-02  2.5125e-04
 9.5488e-02  3.0072e-04
 9.6064e-02  3.1053e-04
 9.6645e-02  3.6391e-04
 9.7033e-02  3.7178e-04
 9.7620e-02  3.6980e-04
 9.8209e-02  3.7311e-04
 9.8802e-02  3.7982e-04
 9.9200e-02  3.5242e-04
 9.9799e-02  3.1443e-04
 1.0040e-01  2.7657e-04
 1.0101e-01  2.8712e-04
 1.0162e-01  3.3766e-04
 1.0203e-01  3.1443e-04
 1.0264e-01  2.7904e-04
 1.0326e-01  2.9228e-04
 1.0389e-01  3.2180e-04
 1.0431e-01  3.0020e-04
 1.0494e-01  3.2527e-04
 1.0557e-01  3.8323e-04
 1.0621e-01  4.3029e-04
 1.0663e-01  4.7970e-04
 1.0728e-01  5.0786e-04
 1.0793e-01  5.4635e-04
 1.0858e-01  5.3959e-04
 1.0923e-01  5.7330e-04
 1.0967e-01  5.6317e-04
 1.1034e-01  5.5421e-04
 1.1100e-01  5.8152e-04
 1.1167e-01  6.3572e-04
 1.1212e-01  6.6351e-04
 1.1280e-01  6.6233e-04
 1.1348e-01  7.5841e-04
 1.1417e-01  7.5437e-04
 1.1463e-01  6.6707e-04
 1.1532e-01  6.9005e-04
 1.1602e-01  7.7342e-04
 1.1672e-01  8.5156e-04
 1.1719e-01  9.9972e-04
 1.1789e-01  7.1765e-04
 1.1861e-01  1.1947e-03
