#      mass       lower       upper
 1.0300e-03  5.6414e-08  2.8659e-04
 1.0381e-03  5.5411e-08  3.1191e-04
 1.0449e-03  5.4555e-08  3.3152e-04
 1.0459e-03  5.4428e-08  3.3186e-04
 1.0573e-03  5.3055e-08  3.2308e-04
 1.0638e-03  5.2413e-08  3.0938e-04
 1.0924e-03  4.9492e-08  3.1335e-04
 1.1048e-03  4.8163e-08  2.8328e-04
 1.1276e-03  4.5623e-08  2.7763e-04
 1.1664e-03  4.2143e-08  2.5544e-04
 1.1680e-03  4.2011e-08  2.5419e-04
 1.1700e-03  4.1848e-08  2.4952e-04
 1.1826e-03  4.0805e-08  2.4254e-04
 1.2113e-03  4.0489e-08  2.3965e-04
 1.3114e-03  3.9499e-08  2.1704e-04
 1.3578e-03  3.9031e-08  2.0702e-04
 1.4255e-03  3.8860e-08  1.9937e-04
 1.5453e-03  3.8580e-08  1.8138e-04
 1.5590e-03  3.8548e-08  1.7937e-04
 1.5961e-03  3.8551e-08  1.7534e-04
 1.6445e-03  3.8553e-08  1.7043e-04
 1.7898e-03  3.8565e-08  1.5352e-04
 1.8693e-03  3.8647e-08  1.4726e-04
 1.8849e-03  3.8664e-08  1.4551e-04
 1.9606e-03  3.8739e-08  1.3652e-04
 2.0550e-03  3.8833e-08  1.3184e-04
 2.1541e-03  3.8967e-08  1.2656e-04
 2.3035e-03  3.9159e-08  1.1795e-04
 2.3595e-03  3.9231e-08  1.1464e-04
 2.4577e-03  3.9377e-08  1.1016e-04
 2.4638e-03  3.9385e-08  1.0987e-04
 2.7092e-03  3.9741e-08  9.8444e-05
 2.8003e-03  3.9883e-08  9.5420e-05
 2.8455e-03  3.9951e-08  9.3878e-05
 3.1105e-03  4.0338e-08  8.4590e-05
 3.1878e-03  4.0456e-08  8.2870e-05
 3.5391e-03  4.0962e-08  7.4518e-05
 3.5713e-03  4.1009e-08  7.3720e-05
 3.6260e-03  4.1092e-08  7.2612e-05
 3.6282e-03  4.1095e-08  7.2570e-05
 4.1004e-03  4.1751e-08  6.2926e-05
 4.3736e-03  4.2125e-08  5.9077e-05
 4.3875e-03  4.2144e-08  5.8881e-05
 4.6826e-03  4.2526e-08  5.4544e-05
 4.7079e-03  4.2558e-08  5.4156e-05
 4.7383e-03  4.2597e-08  5.3663e-05
 4.9258e-03  4.2831e-08  5.0517e-05
 5.4054e-03  4.3425e-08  4.7108e-05
 5.4412e-03  4.3469e-08  4.6806e-05
 6.0340e-03  4.4169e-08  4.1684e-05
 6.2063e-03  4.4362e-08  4.0077e-05
 6.7141e-03  4.4931e-08  3.7066e-05
 6.8441e-03  4.5075e-08  3.6279e-05
 7.1258e-03  4.5372e-08  3.4512e-05
 7.7594e-03  4.6035e-08  3.1749e-05
 7.9145e-03  4.6189e-08  3.1037e-05
 8.1814e-03  4.6453e-08  2.9847e-05
 8.3236e-03  4.6594e-08  2.9342e-05
 8.7930e-03  4.7053e-08  2.7676e-05
 9.3937e-03  4.7606e-08  2.5391e-05
 1.0197e-02  4.8327e-08  2.3394e-05
 1.0265e-02  4.8386e-08  2.3219e-05
 1.0785e-02  4.8829e-08  2.1862e-05
 1.1278e-02  4.9251e-08  2.0946e-05
 1.1802e-02  4.9674e-08  1.9926e-05
 1.2383e-02  5.0137e-08  1.8817e-05
 1.2686e-02  5.0379e-08  1.8365e-05
 1.2765e-02  5.0441e-08  1.8251e-05
 1.4218e-02  5.1536e-08  1.5993e-05
 1.5621e-02  5.2535e-08  1.4520e-05
 1.5974e-02  5.2783e-08  1.3996e-05
 1.6317e-02  5.3024e-08  1.3754e-05
 1.6324e-02  5.3029e-08  1.3749e-05
 1.6329e-02  5.3030e-08  1.3745e-05
 1.6372e-02  5.3061e-08  1.3712e-05
 1.7747e-02  5.3978e-08  1.2593e-05
 1.8456e-02  5.4443e-08  1.2024e-05
 1.8743e-02  5.4626e-08  1.1787e-05
 1.9242e-02  5.4929e-08  1.1474e-05
 2.0858e-02  5.5900e-08  1.0442e-05
 2.1520e-02  5.6281e-08  9.9899e-06
 2.2411e-02  5.6780e-08  9.6064e-06
 2.3621e-02  5.7419e-08  9.0608e-06
 2.4708e-02  5.7988e-08  8.5575e-06
 2.6631e-02  5.8969e-08  7.9081e-06
 2.7037e-02  5.9170e-08  7.7646e-06
 2.8369e-02  5.9819e-08  7.3161e-06
 2.9000e-02  6.0120e-08  7.1498e-06
 3.0072e-02  6.0629e-08  6.8700e-06
 3.2571e-02  6.1785e-08  6.1714e-06
 3.5430e-02  6.3070e-08  5.6368e-06
 3.6240e-02  6.3428e-08  5.4819e-06
 3.7397e-02  6.3904e-08  5.2530e-06
 3.8286e-02  6.4280e-08  5.0604e-06
 3.9286e-02  6.4698e-08  4.8354e-06
 4.2938e-02  6.6195e-08  4.4875e-06
 4.3162e-02  6.6285e-08  4.4626e-06
 4.3375e-02  6.6371e-08  4.4388e-06
 4.4610e-02  6.6872e-08  4.2439e-06
 4.6241e-02  6.7509e-08  3.9728e-06
 4.8630e-02  6.8429e-08  3.8051e-06
 4.9299e-02  6.8696e-08  3.7568e-06
 5.2667e-02  6.9992e-08  3.4907e-06
 5.4732e-02  7.0779e-08  3.3245e-06
 5.6603e-02  7.1504e-08  3.1671e-06
 5.8996e-02  7.2465e-08  2.9474e-06
 5.9434e-02  7.2638e-08  2.9302e-06
 6.4150e-02  7.4364e-08  2.7394e-06
 6.4990e-02  7.4671e-08  2.6897e-06
 6.9081e-02  7.6237e-08  2.4109e-06
 6.9226e-02  7.6293e-08  2.4005e-06
 7.4618e-02  7.8310e-08  2.2407e-06
 7.7465e-02  7.9389e-08  2.1450e-06
 7.7482e-02  7.9396e-08  2.1445e-06
 8.5672e-02  8.2504e-08  1.8597e-06
 9.1471e-02  8.4756e-08  1.7206e-06
 9.3375e-02  8.5497e-08  1.6727e-06
 9.5709e-02  8.6421e-08  1.5920e-06
 9.6991e-02  8.6910e-08  1.5708e-06
 9.8364e-02  8.7452e-08  1.5477e-06
 1.0832e-01  9.1302e-08  1.3766e-06
 1.1256e-01  9.3060e-08  1.2980e-06
 1.1294e-01  9.3217e-08  1.2911e-06
 1.1425e-01  9.3750e-08  1.2705e-06
 1.2076e-01  9.6384e-08  1.1804e-06
 1.2967e-01  1.0020e-07  1.0467e-06
 1.3413e-01  1.0212e-07  9.9997e-07
 1.3443e-01  1.0225e-07  9.9689e-07
 1.4888e-01  1.0894e-07  8.4025e-07
 1.4939e-01  1.0919e-07  8.3447e-07
 1.5091e-01  1.0999e-07  8.1676e-07
 1.5242e-01  1.1083e-07  7.9898e-07
 1.5914e-01  1.1422e-07  7.6060e-07
 1.6551e-01  1.1766e-07  7.1084e-07
 1.7094e-01  1.2093e-07  6.6601e-07
 1.8297e-01  1.2836e-07  5.9566e-07
 1.8808e-01  1.3201e-07  5.6360e-07
 1.9626e-01  1.3836e-07  5.1206e-07
 2.0107e-01  1.4608e-07  4.5119e-07
 2.0461e-01  1.5466e-07  4.0049e-07
 2.0739e-01  1.6123e-07  3.7482e-07
 2.1501e-01  1.7046e-07  3.7441e-07
 2.1734e-01  1.7583e-07  3.5895e-07
 2.1860e-01  1.8045e-07  3.4624e-07
 2.2534e-01  2.1448e-07  2.8290e-07
 2.3047e-01  1.0000e+05  1.0000e+05
 2.3429e-01  1.0000e+05  1.0000e+05
 2.3601e-01  1.0000e+05  1.0000e+05
 2.4492e-01  1.0000e+05  1.0000e+05
 2.5211e-01  1.0000e+05  1.0000e+05
 2.5508e-01  1.0000e+05  1.0000e+05
 2.5685e-01  1.0000e+05  1.0000e+05
 2.5872e-01  1.0000e+05  1.0000e+05
 2.7004e-01  1.0000e+05  1.0000e+05
 2.7901e-01  1.0000e+05  1.0000e+05
 2.8018e-01  1.0000e+05  1.0000e+05
 2.8761e-01  1.0000e+05  1.0000e+05
 2.9706e-01  1.0000e+05  1.0000e+05
 2.9967e-01  1.0000e+05  1.0000e+05
 3.0268e-01  1.0000e+05  1.0000e+05
 3.0494e-01  1.0000e+05  1.0000e+05
 3.0700e-01  1.0000e+05  1.0000e+05
 3.1277e-01  1.0000e+05  1.0000e+05
 3.1338e-01  1.0000e+05  1.0000e+05
 3.1532e-01  1.0000e+05  1.0000e+05
 3.1593e-01  1.0000e+05  1.0000e+05
