#      mass       lower
 2.1410e-01  1.2843e-04
 2.1420e-01  1.1518e-04
 2.1430e-01  6.7616e-05
 2.1450e-01  5.4854e-05
 2.1460e-01  4.8079e-05
 2.1470e-01  6.6174e-05
 2.1490e-01  9.9954e-05
 2.1500e-01  1.3941e-04
 2.1520e-01  1.5497e-04
 2.1530e-01  1.2462e-04
 2.1550e-01  1.2019e-04
 2.1560e-01  8.6077e-05
 2.1580e-01  7.8107e-05
 2.1590e-01  7.9843e-05
 2.1610e-01  8.7815e-05
 2.1620e-01  8.9985e-05
 2.1640e-01  1.2937e-04
 2.1660e-01  1.0236e-04
 2.1670e-01  9.7041e-05
 2.1690e-01  1.0516e-04
 2.1710e-01  1.1472e-04
 2.1730e-01  1.2502e-04
 2.1750e-01  1.5252e-04
 2.1770e-01  9.5474e-05
 2.1780e-01  6.0107e-05
 2.1800e-01  8.4086e-05
 2.1820e-01  6.0051e-05
 2.1840e-01  5.2947e-05
 2.1860e-01  5.1246e-05
 2.1880e-01  7.3709e-05
 2.1910e-01  1.0461e-04
 2.1930e-01  1.2660e-04
 2.1950e-01  1.3605e-04
 2.1970e-01  1.3621e-04
 2.1990e-01  1.3533e-04
 2.2010e-01  1.3402e-04
 2.2040e-01  1.4056e-04
 2.2060e-01  1.4254e-04
 2.2080e-01  1.2514e-04
 2.2110e-01  1.2442e-04
 2.2130e-01  1.2157e-04
 2.2160e-01  1.0738e-04
 2.2180e-01  7.0087e-05
 2.2200e-01  1.0173e-04
 2.2230e-01  7.3881e-05
 2.2260e-01  1.1391e-04
 2.2280e-01  1.1417e-04
 2.2310e-01  9.7394e-05
 2.2330e-01  9.3706e-05
 2.2360e-01  7.7997e-05
 2.2390e-01  7.2478e-05
 2.2410e-01  7.0820e-05
 2.2440e-01  8.2005e-05
 2.2470e-01  8.5535e-05
 2.2500e-01  1.0695e-04
 2.2530e-01  1.2646e-04
 2.2560e-01  1.3988e-04
 2.2590e-01  1.2012e-04
 2.2620e-01  9.7075e-05
 2.2650e-01  1.0097e-04
 2.2680e-01  6.9257e-05
 2.2710e-01  6.8788e-05
 2.2740e-01  7.8445e-05
 2.2770e-01  1.0495e-04
 2.2800e-01  8.6048e-05
 2.2830e-01  1.0326e-04
 2.2860e-01  1.3505e-04
 2.2900e-01  1.6078e-04
 2.2930e-01  1.3812e-04
 2.2960e-01  1.3098e-04
 2.3000e-01  1.1629e-04
 2.3030e-01  1.0708e-04
 2.3060e-01  1.0126e-04
 2.3100e-01  1.0142e-04
 2.3130e-01  1.1187e-04
 2.3170e-01  1.1753e-04
 2.3200e-01  1.0873e-04
 2.3240e-01  1.0140e-04
 2.3270e-01  6.9126e-05
 2.3310e-01  6.2800e-05
 2.3350e-01  6.3654e-05
 2.3380e-01  7.6830e-05
 2.3420e-01  9.4345e-05
 2.3460e-01  1.1240e-04
 2.3500e-01  1.3778e-04
 2.3530e-01  1.1906e-04
 2.3570e-01  1.2078e-04
 2.3610e-01  1.0734e-04
 2.3650e-01  1.4347e-04
 2.3690e-01  1.4748e-04
 2.3730e-01  1.3945e-04
 2.3770e-01  1.0244e-04
 2.3810e-01  9.9221e-05
 2.3850e-01  1.2063e-04
 2.3890e-01  1.3063e-04
 2.3930e-01  9.9163e-05
 2.3980e-01  8.8157e-05
 2.4020e-01  8.7848e-05
 2.4060e-01  9.2513e-05
 2.4100e-01  1.2214e-04
 2.4150e-01  1.1237e-04
 2.4190e-01  1.0056e-04
 2.4230e-01  6.7287e-05
 2.4280e-01  7.9884e-05
 2.4320e-01  7.1825e-05
 2.4370e-01  8.4800e-05
 2.4410e-01  1.1582e-04
 2.4460e-01  1.3054e-04
 2.4500e-01  1.6223e-04
 2.4550e-01  1.5117e-04
 2.4600e-01  1.5025e-04
 2.4640e-01  1.2028e-04
 2.4690e-01  1.4917e-04
 2.4740e-01  1.3133e-04
 2.4780e-01  9.2703e-05
 2.4830e-01  1.1922e-04
 2.4880e-01  1.2081e-04
 2.4930e-01  7.5161e-05
 2.4980e-01  6.9405e-05
 2.5030e-01  6.6823e-05
 2.5080e-01  7.0612e-05
 2.5130e-01  1.0084e-04
 2.5180e-01  1.0457e-04
 2.5230e-01  9.0147e-05
 2.5280e-01  8.0756e-05
 2.5330e-01  7.5576e-05
 2.5380e-01  8.7854e-05
 2.5430e-01  1.0618e-04
 2.5480e-01  1.4949e-04
 2.5540e-01  1.2882e-04
 2.5590e-01  1.1981e-04
 2.5640e-01  1.1548e-04
 2.5700e-01  1.2679e-04
 2.5750e-01  8.6658e-05
 2.5800e-01  1.1800e-04
 2.5860e-01  8.0726e-05
 2.5910e-01  1.0043e-04
 2.5970e-01  1.1115e-04
 2.6020e-01  1.1940e-04
 2.6080e-01  1.1883e-04
 2.6130e-01  1.1492e-04
 2.6190e-01  1.1353e-04
 2.6250e-01  1.4053e-04
 2.6300e-01  1.3894e-04
 2.6360e-01  1.3597e-04
 2.6420e-01  9.5723e-05
 2.6480e-01  6.7461e-05
 2.6530e-01  7.3464e-05
 2.6590e-01  7.7013e-05
 2.6650e-01  1.3114e-04
 2.6710e-01  1.9185e-04
 2.6770e-01  1.5934e-04
 2.6830e-01  1.4090e-04
 2.6890e-01  8.2212e-05
 2.6950e-01  7.5671e-05
 2.7010e-01  8.7820e-05
 2.7070e-01  7.4030e-05
 2.7130e-01  1.1982e-04
 2.7190e-01  1.2446e-04
 2.7260e-01  1.3804e-04
 2.7320e-01  1.3834e-04
 2.7380e-01  1.4914e-04
 2.7440e-01  1.2254e-04
 2.7510e-01  1.0609e-04
 2.7570e-01  9.9028e-05
 2.7630e-01  7.7775e-05
 2.7700e-01  7.0703e-05
 2.7760e-01  6.2101e-05
 2.7830e-01  5.9713e-05
 2.7890e-01  1.0274e-04
 2.7960e-01  1.3113e-04
 2.8020e-01  1.5527e-04
 2.8090e-01  2.0915e-04
 2.8160e-01  2.0543e-04
 2.8220e-01  1.5610e-04
 2.8290e-01  1.2637e-04
 2.8360e-01  6.7863e-05
 2.8420e-01  6.3604e-05
 2.8490e-01  7.4370e-05
 2.8560e-01  8.9143e-05
 2.8630e-01  1.2381e-04
 2.8700e-01  1.5816e-04
 2.8770e-01  1.9146e-04
 2.8830e-01  1.5323e-04
 2.8900e-01  1.5707e-04
 2.8970e-01  1.2818e-04
 2.9040e-01  1.5000e-04
 2.9120e-01  9.7778e-05
 2.9190e-01  6.1770e-05
 2.9260e-01  5.8482e-05
 2.9330e-01  6.6224e-05
 2.9400e-01  1.0292e-04
 2.9470e-01  1.6282e-04
 2.9540e-01  1.9741e-04
 2.9620e-01  1.4139e-04
 2.9690e-01  1.5641e-04
 2.9760e-01  1.0830e-04
 2.9840e-01  9.3980e-05
 2.9910e-01  8.2800e-05
 2.9990e-01  5.8389e-05
 3.0060e-01  7.5159e-05
 3.0140e-01  9.7632e-05
 3.0210e-01  1.4347e-04
 3.0290e-01  1.6116e-04
 3.0360e-01  1.6355e-04
 3.0440e-01  1.6501e-04
 3.0510e-01  1.6506e-04
 3.0590e-01  1.4175e-04
 3.0670e-01  1.3307e-04
 3.0740e-01  1.1712e-04
 3.0820e-01  1.0711e-04
 3.0900e-01  1.2352e-04
 3.0980e-01  1.0116e-04
 3.1060e-01  8.8779e-05
 3.1130e-01  1.0302e-04
 3.1210e-01  1.2589e-04
 3.1290e-01  1.4554e-04
 3.1370e-01  1.2669e-04
 3.1450e-01  7.5946e-05
 3.1530e-01  7.6990e-05
 3.1610e-01  6.7585e-05
 3.1690e-01  6.0555e-05
 3.1780e-01  1.3090e-04
 3.1860e-01  1.5761e-04
 3.1940e-01  1.7715e-04
 3.2020e-01  1.8476e-04
 3.2100e-01  1.7376e-04
 3.2190e-01  1.7130e-04
 3.2270e-01  1.6465e-04
 3.2350e-01  1.5008e-04
 3.2430e-01  1.0030e-04
 3.2520e-01  7.2617e-05
 3.2600e-01  6.6924e-05
 3.2690e-01  7.9569e-05
 3.2770e-01  9.6592e-05
 3.2860e-01  1.3579e-04
 3.2940e-01  1.7258e-04
 3.3030e-01  1.8984e-04
 3.3110e-01  1.5034e-04
 3.3200e-01  1.5918e-04
 3.3280e-01  1.0534e-04
 3.3370e-01  9.8910e-05
 3.3460e-01  9.6223e-05
 3.3550e-01  9.5156e-05
 3.3630e-01  9.7960e-05
 3.3720e-01  8.8802e-05
 3.3810e-01  1.0007e-04
 3.3900e-01  1.3363e-04
 3.3990e-01  1.0424e-04
 3.4080e-01  1.2088e-04
 3.4160e-01  1.2724e-04
 3.4250e-01  9.2584e-05
 3.4340e-01  8.2885e-05
 3.4430e-01  9.8868e-05
 3.4520e-01  8.9646e-05
 3.4620e-01  1.2402e-04
 3.4710e-01  1.4051e-04
 3.4800e-01  1.7755e-04
 3.4890e-01  1.9751e-04
 3.4980e-01  1.4646e-04
 3.5070e-01  1.1547e-04
 3.5170e-01  9.6174e-05
 3.5260e-01  9.1026e-05
 3.5350e-01  7.7489e-05
 3.5440e-01  8.8382e-05
 3.5540e-01  1.5372e-04
 3.5630e-01  2.1001e-04
 3.5730e-01  2.2354e-04
 3.5820e-01  2.4583e-04
 3.5920e-01  1.9837e-04
 3.6010e-01  1.6509e-04
 3.6110e-01  1.3647e-04
 3.6200e-01  1.1686e-04
 3.6300e-01  1.1110e-04
 3.6390e-01  1.0316e-04
 3.6490e-01  1.0212e-04
 3.6590e-01  1.0254e-04
 3.6680e-01  1.5090e-04
 3.6780e-01  1.3106e-04
 3.6880e-01  1.2957e-04
 3.6980e-01  1.1229e-04
 3.7070e-01  9.4690e-05
 3.7170e-01  9.5955e-05
 3.7270e-01  1.0169e-04
 3.7370e-01  1.1533e-04
 3.7470e-01  1.3237e-04
 3.7570e-01  1.2795e-04
 3.7670e-01  1.1657e-04
 3.7770e-01  1.4839e-04
 3.7870e-01  1.1440e-04
 3.7970e-01  1.5694e-04
 3.8070e-01  1.5914e-04
 3.8170e-01  2.2041e-04
 3.8270e-01  1.6946e-04
 3.8380e-01  1.7950e-04
 3.8480e-01  1.7899e-04
 3.8580e-01  1.1057e-04
 3.8680e-01  1.9545e-04
 3.8790e-01  2.0963e-04
 3.8890e-01  1.9396e-04
 3.8990e-01  1.9849e-04
 3.9100e-01  2.3607e-04
 3.9200e-01  1.6568e-04
 3.9310e-01  1.3632e-04
 3.9410e-01  1.2541e-04
 3.9520e-01  1.1151e-04
 3.9620e-01  1.0730e-04
 3.9730e-01  1.1005e-04
 3.9830e-01  1.3357e-04
 3.9940e-01  1.4504e-04
 4.0040e-01  1.7166e-04
 4.0150e-01  1.6044e-04
 4.0260e-01  1.5661e-04
 4.0360e-01  1.2172e-04
 4.0470e-01  1.9517e-04
 4.0580e-01  2.0011e-04
 4.0690e-01  1.1997e-04
 4.0800e-01  1.1893e-04
 4.0900e-01  1.4436e-04
 4.1010e-01  1.2920e-04
 4.1120e-01  1.1683e-04
 4.1230e-01  1.1454e-04
 4.1340e-01  1.2591e-04
 4.1450e-01  1.7251e-04
 4.1560e-01  1.3673e-04
 4.1670e-01  2.0756e-04
 4.1780e-01  1.2472e-04
 4.1890e-01  1.2884e-04
 4.2010e-01  1.4968e-04
 4.2120e-01  1.9284e-04
 4.2230e-01  2.3227e-04
 4.2340e-01  2.6027e-04
 4.2450e-01  2.7037e-04
 4.2570e-01  2.6066e-04
 4.2680e-01  2.4369e-04
 4.2790e-01  2.1291e-04
 4.2910e-01  1.7373e-04
 4.3020e-01  1.4024e-04
 4.3140e-01  9.8185e-05
 4.3250e-01  1.0041e-04
 4.3360e-01  1.7870e-04
 4.3480e-01  2.0099e-04
 4.3600e-01  1.9806e-04
 4.3710e-01  1.9090e-04
 4.3830e-01  2.2544e-04
 4.3940e-01  1.2905e-04
 4.4060e-01  1.1181e-04
 4.4180e-01  1.0442e-04
 4.4290e-01  1.2464e-04
 4.4410e-01  2.5271e-04
 4.4530e-01  2.7250e-04
 4.4650e-01  2.2885e-04
 4.4760e-01  2.4204e-04
 4.4880e-01  2.4432e-04
 4.5000e-01  2.4025e-04
 4.5120e-01  1.5747e-04
 4.5240e-01  1.3947e-04
 4.5360e-01  1.4113e-04
 4.5480e-01  1.7232e-04
 4.5600e-01  1.7970e-04
 4.5720e-01  1.9640e-04
 4.5840e-01  2.1992e-04
 4.5960e-01  2.3101e-04
 4.6080e-01  2.4932e-04
 4.6200e-01  2.4223e-04
 4.6320e-01  2.0941e-04
 4.6450e-01  1.7800e-04
 4.6570e-01  1.3566e-04
 4.6690e-01  2.0500e-04
 4.6810e-01  1.8685e-04
 4.6940e-01  1.8411e-04
 4.7060e-01  1.6885e-04
 4.7180e-01  2.0169e-04
 4.7310e-01  1.9219e-04
 4.7430e-01  2.6308e-04
 4.7560e-01  2.6550e-04
 4.7680e-01  3.0069e-04
 4.7810e-01  2.3434e-04
 4.7930e-01  2.5216e-04
 4.8060e-01  2.2815e-04
 4.8180e-01  1.6884e-04
 4.8310e-01  1.3222e-04
 4.8440e-01  1.1698e-04
 4.8560e-01  1.5418e-04
 4.8690e-01  2.6044e-04
 4.8820e-01  1.8157e-04
 4.8950e-01  2.0787e-04
 4.9070e-01  3.4623e-04
 4.9200e-01  3.2748e-04
 4.9330e-01  2.5344e-04
 4.9460e-01  1.9272e-04
 4.9590e-01  1.2268e-04
 4.9720e-01  1.4133e-04
 4.9850e-01  1.1452e-04
 4.9980e-01  1.2042e-04
 5.0110e-01  1.1162e-04
 5.0240e-01  1.2261e-04
 5.0370e-01  1.4676e-04
 5.0500e-01  2.8412e-04
 5.0630e-01  3.6938e-04
 5.0760e-01  3.5754e-04
 5.0900e-01  3.0126e-04
 5.1030e-01  1.2247e-04
 5.1160e-01  9.0129e-05
 5.1290e-01  1.1040e-04
 5.1430e-01  1.4680e-04
 5.1560e-01  1.7991e-04
 5.1690e-01  2.2798e-04
 5.1830e-01  3.3079e-04
 5.1960e-01  3.4247e-04
 5.2100e-01  1.6376e-04
 5.2230e-01  1.4301e-04
 5.2370e-01  1.1308e-04
 5.3000e-01  1.0000e+05
 5.7270e-01  2.7210e-04
 5.7420e-01  2.4100e-04
 5.7570e-01  2.9140e-04
 5.7710e-01  3.7479e-04
 5.7860e-01  3.5500e-04
 5.8010e-01  2.1395e-04
 5.8150e-01  1.9936e-04
 5.8300e-01  1.5123e-04
 5.8450e-01  1.4789e-04
 5.8590e-01  1.2644e-04
 5.8740e-01  1.5135e-04
 5.8890e-01  2.2029e-04
 5.9040e-01  1.8736e-04
 5.9190e-01  2.8667e-04
 5.9340e-01  2.4243e-04
 5.9490e-01  3.1501e-04
 5.9640e-01  3.5094e-04
 5.9790e-01  3.3124e-04
 5.9940e-01  2.8231e-04
 6.0090e-01  1.0919e-04
 6.0240e-01  8.8751e-05
 6.0390e-01  1.0605e-04
 6.0540e-01  1.1743e-04
 6.0700e-01  2.0617e-04
 6.0850e-01  2.3515e-04
 6.1000e-01  2.8552e-04
 6.1150e-01  3.3806e-04
 6.1310e-01  4.4542e-04
 6.1460e-01  3.4326e-04
 6.1610e-01  2.3985e-04
 6.1770e-01  1.6872e-04
 6.1920e-01  8.6220e-05
 6.2080e-01  6.9734e-05
 6.2230e-01  7.5531e-05
 6.2390e-01  1.3847e-04
 6.2540e-01  2.4506e-04
 6.2700e-01  3.4770e-04
 6.2850e-01  3.6229e-04
 6.3010e-01  3.9933e-04
 6.3170e-01  2.1720e-04
 6.3320e-01  1.4957e-04
 6.3480e-01  1.2672e-04
 6.3640e-01  1.1154e-04
 6.3800e-01  1.7570e-04
 6.3960e-01  2.1525e-04
 6.4110e-01  2.3469e-04
 6.4270e-01  2.5708e-04
 6.4430e-01  2.6605e-04
 6.4590e-01  1.3694e-04
 6.4750e-01  1.7495e-04
 6.4910e-01  1.4550e-04
 6.5070e-01  1.6030e-04
 6.5230e-01  3.2433e-04
 6.5390e-01  2.6034e-04
 6.5560e-01  1.9716e-04
 6.5720e-01  2.1832e-04
 6.5880e-01  1.8981e-04
 6.6040e-01  1.6195e-04
 6.6200e-01  1.3074e-04
 6.6370e-01  1.4385e-04
 6.6530e-01  1.9476e-04
 6.6690e-01  1.4409e-04
 6.6860e-01  1.5993e-04
 6.7020e-01  1.9367e-04
 6.7190e-01  2.4370e-04
 6.7350e-01  2.5496e-04
 6.7520e-01  2.4943e-04
 6.7680e-01  1.8828e-04
 6.7850e-01  2.5652e-04
 6.8010e-01  1.4486e-04
 6.8180e-01  2.4579e-04
 6.8350e-01  1.8501e-04
 6.8510e-01  2.7564e-04
 6.8680e-01  2.5632e-04
 6.8850e-01  2.2411e-04
 6.9010e-01  1.4718e-04
 6.9180e-01  1.1543e-04
 6.9350e-01  1.3323e-04
 6.9520e-01  1.2374e-04
 6.9690e-01  1.4769e-04
 6.9860e-01  1.4676e-04
 7.0030e-01  1.3905e-04
 7.0200e-01  1.2688e-04
 7.0370e-01  1.5336e-04
 7.0540e-01  1.8133e-04
 7.0710e-01  1.7865e-04
 7.0880e-01  2.1775e-04
 7.1050e-01  1.5299e-04
 7.1230e-01  1.8161e-04
 7.1400e-01  2.5399e-04
 7.1570e-01  2.4646e-04
 7.1740e-01  2.9554e-04
 7.1920e-01  1.8694e-04
 7.2090e-01  3.0475e-04
 7.2260e-01  2.2695e-04
 7.2440e-01  1.6632e-04
 7.2610e-01  1.4342e-04
 7.2790e-01  1.5051e-04
 7.2960e-01  1.8355e-04
 7.3140e-01  1.5962e-04
 7.3310e-01  2.5952e-04
 7.3490e-01  3.6824e-04
 7.3670e-01  3.6828e-04
 7.3840e-01  3.4641e-04
 7.4020e-01  3.3408e-04
 7.5000e-01  1.0000e+05
 8.2750e-01  2.8803e-04
 8.2940e-01  6.8625e-04
 8.3140e-01  6.0445e-04
 8.3330e-01  5.3568e-04
 8.3530e-01  3.8389e-04
 8.3720e-01  2.5080e-04
 8.3920e-01  2.3767e-04
 8.4110e-01  2.5711e-04
 8.4310e-01  2.2503e-04
 8.4500e-01  2.5115e-04
 8.4700e-01  5.7832e-04
 8.4890e-01  6.5386e-04
 8.5090e-01  6.7423e-04
 8.5290e-01  5.5599e-04
 8.5490e-01  4.0884e-04
 8.5680e-01  4.2953e-04
 8.5880e-01  5.1021e-04
 8.6080e-01  4.5111e-04
 8.6280e-01  4.7578e-04
 8.6480e-01  3.5446e-04
 8.6680e-01  5.4351e-04
 8.6880e-01  5.5883e-04
 8.7080e-01  6.4171e-04
 8.7280e-01  5.4404e-04
 8.7480e-01  4.1492e-04
 8.7680e-01  5.0409e-04
 8.7890e-01  2.9330e-04
 8.8090e-01  5.2048e-04
 8.8290e-01  3.6724e-04
 8.8490e-01  3.6831e-04
 8.8700e-01  3.8738e-04
 8.8900e-01  5.1318e-04
 8.9100e-01  4.7049e-04
 8.9310e-01  5.3492e-04
 8.9510e-01  5.7243e-04
 8.9720e-01  3.6538e-04
 8.9920e-01  3.8798e-04
 9.0130e-01  5.0579e-04
 9.0330e-01  3.0002e-04
 9.0540e-01  6.1529e-04
 9.0750e-01  8.0004e-04
 9.0960e-01  9.5757e-04
 9.1160e-01  6.5673e-04
 9.1370e-01  5.7298e-04
 9.1580e-01  3.2148e-04
 9.1790e-01  2.4178e-04
 9.2000e-01  6.8062e-04
 9.2210e-01  9.4818e-04
 9.2420e-01  1.0487e-03
 9.2630e-01  7.0145e-04
 9.2840e-01  7.2861e-04
 9.3050e-01  3.0664e-04
 9.3260e-01  2.0345e-04
 9.3470e-01  6.7826e-04
 9.3680e-01  6.5441e-04
 9.3890e-01  2.5319e-04
 9.4110e-01  6.6800e-04
 9.4320e-01  1.1155e-03
 9.4530e-01  1.2854e-03
 9.4750e-01  1.1806e-03
 9.4960e-01  1.0156e-03
 9.5180e-01  5.9887e-04
 9.5390e-01  3.6812e-04
 9.5610e-01  9.0403e-04
 9.5820e-01  9.8760e-04
 9.6000e-01  1.0000e+05
 1.1620e+00  1.1098e-03
 1.1650e+00  1.1392e-03
 1.1670e+00  1.2281e-03
 1.1700e+00  1.1578e-03
 1.1720e+00  1.1237e-03
 1.1750e+00  1.2630e-03
 1.1780e+00  1.4967e-03
 1.1800e+00  1.3916e-03
 1.1830e+00  1.1604e-03
 1.1850e+00  7.9189e-04
 1.1880e+00  8.0092e-04
 1.1900e+00  1.3106e-03
 1.1930e+00  1.3545e-03
 1.1950e+00  1.4876e-03
 1.1980e+00  1.5064e-03
 1.2000e+00  1.4416e-03
 1.2030e+00  1.2321e-03
 1.2060e+00  9.9593e-04
 1.2080e+00  8.4244e-04
 1.2110e+00  8.3097e-04
 1.2130e+00  1.1218e-03
 1.2160e+00  8.3529e-04
 1.2190e+00  7.9236e-04
 1.2210e+00  8.2926e-04
 1.2240e+00  1.0723e-03
 1.2260e+00  1.2648e-03
 1.2290e+00  1.1285e-03
 1.2320e+00  1.3368e-03
 1.2340e+00  9.7848e-04
 1.2370e+00  1.5205e-03
 1.2400e+00  1.3716e-03
 1.2420e+00  1.4147e-03
 1.2450e+00  1.5063e-03
 1.2470e+00  1.5560e-03
 1.2500e+00  1.6146e-03
 1.2530e+00  1.6574e-03
 1.2550e+00  1.6277e-03
 1.2580e+00  1.5742e-03
 1.2610e+00  1.5800e-03
 1.2630e+00  1.1008e-03
 1.2660e+00  9.3949e-04
 1.2690e+00  8.2642e-04
 1.2710e+00  7.2407e-04
 1.2740e+00  6.3012e-04
 1.2770e+00  8.2926e-04
 1.2800e+00  1.1398e-03
 1.2820e+00  1.3726e-03
 1.2850e+00  1.5771e-03
 1.2880e+00  1.7546e-03
 1.2900e+00  1.6067e-03
 1.2930e+00  1.4540e-03
 1.2960e+00  1.0459e-03
 1.2990e+00  7.1756e-04
 1.3010e+00  8.1549e-04
 1.3040e+00  1.6462e-03
 1.3070e+00  1.5489e-03
 1.3100e+00  1.4058e-03
 1.3120e+00  1.3325e-03
 1.3150e+00  1.5079e-03
 1.3180e+00  8.2722e-04
 1.3210e+00  8.0619e-04
 1.3230e+00  7.5513e-04
 1.3260e+00  6.0353e-04
 1.3290e+00  6.8877e-04
 1.3320e+00  7.9433e-04
 1.3350e+00  8.1940e-04
 1.3370e+00  9.2229e-04
 1.3400e+00  9.9652e-04
 1.3430e+00  1.1320e-03
 1.3460e+00  9.5849e-04
 1.3490e+00  1.4211e-03
 1.3510e+00  1.7758e-03
 1.3540e+00  1.2035e-03
 1.3570e+00  1.0954e-03
 1.3600e+00  1.1038e-03
 1.3630e+00  1.4387e-03
 1.3660e+00  1.1667e-03
 1.3680e+00  1.1220e-03
 1.3710e+00  1.6277e-03
 1.3740e+00  1.4438e-03
 1.3770e+00  1.8208e-03
 1.3800e+00  1.8463e-03
 1.3830e+00  7.1950e-04
 1.3860e+00  7.5231e-04
 1.3890e+00  7.6663e-04
 1.3910e+00  9.8625e-04
 1.3940e+00  1.1128e-03
 1.3970e+00  1.5003e-03
 1.4000e+00  1.6693e-03
 1.4030e+00  1.8143e-03
 1.4060e+00  1.8169e-03
 1.4090e+00  1.8263e-03
 1.4120e+00  1.1614e-03
 1.4150e+00  9.2171e-04
 1.4180e+00  9.6746e-04
 1.4210e+00  7.6355e-04
 1.4230e+00  1.2925e-03
 1.4260e+00  8.4705e-04
 1.4290e+00  1.1478e-03
 1.4320e+00  1.1244e-03
 1.4350e+00  1.2695e-03
 1.4380e+00  1.2318e-03
 1.4410e+00  1.0871e-03
 1.4440e+00  1.1254e-03
 1.4470e+00  1.0113e-03
 1.4500e+00  1.1004e-03
 1.4530e+00  1.4263e-03
 1.4560e+00  1.5136e-03
 1.4590e+00  1.8104e-03
 1.4620e+00  2.0131e-03
 1.4650e+00  1.9116e-03
 1.4680e+00  2.0111e-03
 1.4710e+00  1.4247e-03
 1.4740e+00  1.2843e-03
 1.4770e+00  1.4884e-03
 1.4800e+00  1.2970e-03
 1.4830e+00  1.4991e-03
 1.4860e+00  1.4224e-03
 1.4890e+00  1.0480e-03
 1.4920e+00  1.1732e-03
 1.4960e+00  1.2652e-03
 1.4990e+00  1.6528e-03
 1.5020e+00  1.6903e-03
 1.5050e+00  1.6365e-03
 1.5080e+00  1.5928e-03
 1.5110e+00  1.7491e-03
 1.5140e+00  1.6074e-03
 1.5170e+00  1.2688e-03
 1.5200e+00  9.5406e-04
 1.5230e+00  9.1825e-04
 1.5260e+00  9.5213e-04
 1.5300e+00  9.7769e-04
 1.5330e+00  1.1065e-03
 1.5360e+00  1.0989e-03
 1.5390e+00  1.3697e-03
 1.5420e+00  1.9786e-03
 1.5450e+00  2.2124e-03
 1.5480e+00  1.8447e-03
 1.5510e+00  1.9285e-03
 1.5550e+00  1.4502e-03
 1.5580e+00  1.5033e-03
 1.5610e+00  1.8735e-03
 1.5640e+00  1.8206e-03
 1.5670e+00  1.7813e-03
 1.5700e+00  1.5184e-03
 1.5740e+00  1.3589e-03
 1.5770e+00  1.1499e-03
 1.5800e+00  1.0622e-03
 1.5830e+00  1.1725e-03
 1.5860e+00  1.9962e-03
 1.5900e+00  1.1742e-03
 1.5930e+00  1.4302e-03
 1.5960e+00  2.2338e-03
 1.5990e+00  2.3419e-03
 1.6030e+00  2.5595e-03
 1.6060e+00  1.9002e-03
 1.6090e+00  1.6602e-03
 1.6120e+00  1.6930e-03
 1.6160e+00  1.7387e-03
 1.6190e+00  1.8327e-03
 1.6220e+00  2.0175e-03
 1.6250e+00  1.3543e-03
 1.6290e+00  1.7934e-03
 1.6320e+00  1.7385e-03
 1.6350e+00  1.9122e-03
 1.6390e+00  1.6018e-03
 1.6420e+00  1.4824e-03
 1.6450e+00  1.3674e-03
 1.6480e+00  1.3209e-03
 1.6520e+00  1.1917e-03
 1.6550e+00  1.1531e-03
 1.6580e+00  1.3900e-03
 1.6620e+00  1.6872e-03
 1.6650e+00  1.3210e-03
 1.6680e+00  2.9052e-03
 1.6720e+00  2.1282e-03
 1.6750e+00  2.6150e-03
 1.6790e+00  2.3915e-03
 1.6820e+00  1.8146e-03
 1.6850e+00  2.0017e-03
 1.6890e+00  1.7309e-03
 1.6920e+00  1.2718e-03
 1.6950e+00  1.0337e-03
 1.6990e+00  1.8291e-03
 1.7020e+00  1.5607e-03
 1.7060e+00  1.3324e-03
 1.7090e+00  1.2534e-03
 1.7120e+00  1.1116e-03
 1.7160e+00  1.5129e-03
 1.7190e+00  1.7324e-03
 1.7230e+00  1.4643e-03
 1.7260e+00  1.6333e-03
 1.7300e+00  2.0940e-03
 1.7330e+00  2.1523e-03
 1.7370e+00  2.5193e-03
 1.7400e+00  2.4724e-03
 1.7430e+00  1.0115e-03
 1.7470e+00  7.6715e-04
 1.7500e+00  7.1209e-04
 1.7540e+00  7.9754e-04
 1.7570e+00  2.4386e-03
 1.7610e+00  2.5544e-03
 1.7640e+00  2.5855e-03
 1.7680e+00  2.6988e-03
 1.7710e+00  2.2606e-03
 1.7750e+00  1.8951e-03
 1.7780e+00  1.1835e-03
 1.7820e+00  9.7713e-04
 1.7860e+00  1.0515e-03
 1.7890e+00  1.0832e-03
 1.7930e+00  1.2109e-03
 1.7960e+00  1.7151e-03
 1.8000e+00  1.5048e-03
 1.8030e+00  1.5690e-03
 1.8070e+00  1.6398e-03
 1.8100e+00  1.2727e-03
 1.8140e+00  1.0328e-03
 1.8180e+00  9.4117e-04
 1.8210e+00  1.1311e-03
 1.8250e+00  1.6298e-03
 1.8280e+00  2.2061e-03
 1.8320e+00  2.2366e-03
 1.8360e+00  1.8656e-03
 1.8390e+00  1.6310e-03
 1.8430e+00  1.2333e-03
 1.8470e+00  1.2600e-03
 1.8500e+00  1.5951e-03
 1.8540e+00  1.8761e-03
 1.8570e+00  1.9742e-03
 1.8610e+00  1.5573e-03
 1.8650e+00  1.4290e-03
 1.8680e+00  1.6421e-03
 1.8720e+00  1.7172e-03
 1.8760e+00  1.6417e-03
 1.8800e+00  1.7243e-03
 1.8830e+00  1.5184e-03
 1.8870e+00  1.4118e-03
 1.8910e+00  1.1776e-03
 1.8940e+00  1.3906e-03
 1.8980e+00  1.0768e-03
 1.9020e+00  2.0116e-03
 1.9060e+00  2.2348e-03
 1.9090e+00  2.2140e-03
 1.9130e+00  2.3437e-03
 1.9170e+00  2.1339e-03
 1.9210e+00  2.2325e-03
 1.9240e+00  2.2624e-03
 1.9280e+00  2.1597e-03
 1.9320e+00  2.1384e-03
 1.9360e+00  1.9785e-03
 1.9390e+00  2.1192e-03
 1.9430e+00  1.5388e-03
 1.9470e+00  1.4119e-03
 1.9510e+00  1.6169e-03
 1.9550e+00  1.6998e-03
 1.9580e+00  1.7210e-03
 1.9620e+00  1.7785e-03
 1.9660e+00  2.0029e-03
 1.9700e+00  1.6557e-03
 1.9740e+00  1.6242e-03
 1.9780e+00  1.8367e-03
 1.9820e+00  1.6583e-03
 1.9850e+00  1.4604e-03
 1.9890e+00  1.0808e-03
 1.9930e+00  1.7316e-03
 1.9970e+00  1.2781e-03
 2.0010e+00  1.7056e-03
 2.0050e+00  1.6710e-03
 2.0090e+00  1.5634e-03
 2.0130e+00  1.2275e-03
 2.0170e+00  1.2401e-03
 2.0200e+00  1.5748e-03
 2.0240e+00  2.2464e-03
 2.0280e+00  1.5427e-03
 2.0320e+00  2.0466e-03
 2.0360e+00  1.9646e-03
 2.0400e+00  1.7638e-03
 2.0440e+00  1.3123e-03
 2.0480e+00  1.1796e-03
 2.0520e+00  1.5628e-03
 2.0560e+00  1.7251e-03
 2.0600e+00  1.9424e-03
 2.0640e+00  2.0140e-03
 2.0680e+00  1.6213e-03
 2.0720e+00  1.8156e-03
 2.0760e+00  1.3758e-03
 2.0800e+00  1.3476e-03
 2.0840e+00  1.6096e-03
 2.0880e+00  1.2951e-03
 2.0920e+00  2.0506e-03
 2.0960e+00  1.0225e-03
 2.1000e+00  1.3742e-03
 2.1040e+00  1.3767e-03
 2.1080e+00  1.2494e-03
 2.1120e+00  1.8969e-03
 2.1170e+00  1.5529e-03
 2.1210e+00  2.3299e-03
 2.1250e+00  2.4246e-03
 2.1290e+00  2.3772e-03
 2.1330e+00  2.2187e-03
 2.1370e+00  1.5093e-03
 2.1410e+00  1.6128e-03
 2.1450e+00  1.5565e-03
 2.1490e+00  1.7724e-03
 2.1540e+00  2.1136e-03
 2.1580e+00  2.7217e-03
 2.1620e+00  1.9052e-03
 2.1660e+00  1.0248e-03
 2.1700e+00  1.0660e-03
 2.1740e+00  1.0449e-03
 2.1780e+00  1.2461e-03
 2.1830e+00  1.4513e-03
 2.1870e+00  2.2358e-03
 2.1910e+00  2.5372e-03
 2.1950e+00  2.6253e-03
 2.1990e+00  2.5448e-03
 2.2040e+00  2.3786e-03
 2.2080e+00  2.1716e-03
 2.2120e+00  1.2034e-03
 2.2160e+00  1.5341e-03
 2.2210e+00  1.5392e-03
 2.2250e+00  1.3284e-03
 2.2290e+00  1.3475e-03
 2.2330e+00  1.4089e-03
 2.2380e+00  1.4777e-03
 2.2420e+00  1.5148e-03
 2.2460e+00  1.3398e-03
 2.2510e+00  1.2963e-03
 2.2550e+00  1.8953e-03
 2.2590e+00  1.9923e-03
 2.2640e+00  2.1034e-03
 2.2680e+00  1.9374e-03
 2.2720e+00  1.9027e-03
 2.2770e+00  2.3293e-03
 2.2810e+00  1.6013e-03
 2.2850e+00  1.4736e-03
 2.2900e+00  2.2972e-03
 2.2940e+00  2.1208e-03
 2.2980e+00  2.0417e-03
 2.3030e+00  1.8297e-03
 2.3070e+00  1.3432e-03
 2.3110e+00  1.1829e-03
 2.3160e+00  1.2351e-03
 2.3200e+00  1.1632e-03
 2.3250e+00  1.2359e-03
 2.3290e+00  1.1479e-03
 2.3340e+00  1.2844e-03
 2.3380e+00  2.1652e-03
 2.3420e+00  1.5409e-03
 2.3470e+00  1.9519e-03
 2.3510e+00  1.8906e-03
 2.3560e+00  1.3238e-03
 2.3600e+00  1.0551e-03
 2.3650e+00  1.9249e-03
 2.3690e+00  1.4667e-03
 2.3740e+00  1.8840e-03
 2.3780e+00  2.1087e-03
 2.3830e+00  2.1801e-03
 2.3870e+00  2.1545e-03
 2.3920e+00  2.0805e-03
 2.3960e+00  2.0842e-03
 2.4010e+00  1.6682e-03
 2.4050e+00  2.0422e-03
 2.4100e+00  2.7517e-03
 2.4150e+00  1.7894e-03
 2.4190e+00  1.6029e-03
 2.4240e+00  1.2665e-03
 2.4280e+00  1.2664e-03
 2.4330e+00  1.6298e-03
 2.4380e+00  1.3451e-03
 2.4420e+00  2.4337e-03
 2.4470e+00  2.9453e-03
 2.4510e+00  1.9844e-03
 2.4560e+00  1.7687e-03
 2.4610e+00  1.5045e-03
 2.4650e+00  1.9078e-03
 2.4700e+00  1.3144e-03
 2.4750e+00  1.5849e-03
 2.4790e+00  1.7278e-03
 2.4840e+00  1.8974e-03
 2.4890e+00  1.6678e-03
 2.4930e+00  1.7507e-03
 2.4980e+00  1.6677e-03
 2.5030e+00  1.8259e-03
 2.5070e+00  1.8233e-03
 2.5120e+00  2.3847e-03
 2.5170e+00  2.5288e-03
 2.5220e+00  2.5160e-03
 2.5260e+00  2.4395e-03
 2.5310e+00  2.1245e-03
 2.5360e+00  1.7977e-03
 2.5410e+00  1.8768e-03
 2.5450e+00  1.3397e-03
 2.5500e+00  1.5552e-03
 2.5550e+00  1.2629e-03
 2.5600e+00  1.8844e-03
 2.5650e+00  1.6100e-03
 2.5690e+00  1.6406e-03
 2.5740e+00  1.9226e-03
 2.5790e+00  2.3090e-03
 2.5840e+00  2.4557e-03
 2.5890e+00  2.0182e-03
 2.5940e+00  1.2935e-03
 2.5980e+00  1.3624e-03
 2.6030e+00  2.2273e-03
 2.6080e+00  1.9441e-03
 2.6130e+00  2.2962e-03
 2.6180e+00  1.8791e-03
 2.6230e+00  2.1954e-03
 2.6280e+00  1.1747e-03
 2.6330e+00  1.2537e-03
 2.6380e+00  2.1940e-03
 2.6430e+00  1.3176e-03
 2.6480e+00  1.4733e-03
 2.6520e+00  1.4873e-03
 2.6570e+00  2.1531e-03
 2.6620e+00  2.3674e-03
 2.6670e+00  2.7296e-03
 2.6720e+00  2.7536e-03
 2.6770e+00  2.7754e-03
 2.6820e+00  2.3226e-03
 2.6870e+00  2.4909e-03
 2.6920e+00  2.2907e-03
 2.6970e+00  1.6516e-03
 2.9000e+00  1.0000e+05
 3.3000e+00  1.8512e-03
 3.3070e+00  1.9270e-03
 3.3140e+00  2.7645e-03
 3.3210e+00  2.8027e-03
 3.3290e+00  2.6376e-03
 3.3360e+00  2.0257e-03
 3.3440e+00  1.7588e-03
 3.3510e+00  1.7082e-03
 3.3580e+00  1.7996e-03
 3.3660e+00  2.2494e-03
 3.3730e+00  1.9407e-03
 3.3810e+00  1.7532e-03
 3.3880e+00  1.6622e-03
 3.3950e+00  2.2583e-03
 3.4030e+00  2.9954e-03
 3.4100e+00  2.8392e-03
 3.4180e+00  2.8224e-03
 3.4250e+00  2.7549e-03
 3.4330e+00  2.9782e-03
 3.4400e+00  1.8669e-03
 3.4480e+00  1.4052e-03
 3.4560e+00  1.2243e-03
 3.4630e+00  1.1958e-03
 3.4710e+00  2.5631e-03
 3.4780e+00  2.6860e-03
 3.4860e+00  2.5545e-03
 3.4940e+00  2.8694e-03
 3.5010e+00  3.0289e-03
 3.5090e+00  3.0904e-03
 3.5170e+00  2.9353e-03
 3.5240e+00  2.7461e-03
 3.5320e+00  3.3809e-03
 3.6000e+00  1.0000e+05
 3.9340e+00  3.3107e-03
 3.9430e+00  2.2646e-03
 3.9510e+00  2.0606e-03
 3.9600e+00  1.8924e-03
 3.9680e+00  2.5747e-03
 3.9770e+00  2.0087e-03
 3.9850e+00  1.5820e-03
 3.9940e+00  1.6757e-03
 4.0030e+00  2.0242e-03
 4.0110e+00  3.6215e-03
 4.0200e+00  2.8669e-03
 4.0280e+00  3.1087e-03
 4.0370e+00  3.8237e-03
 4.0460e+00  4.3170e-03
 4.0540e+00  3.5595e-03
 4.0630e+00  3.0669e-03
 4.0720e+00  3.2513e-03
 4.0800e+00  2.5959e-03
 4.0890e+00  2.3250e-03
 4.0980e+00  2.2725e-03
 4.1060e+00  2.2572e-03
 4.1150e+00  2.9969e-03
 4.1240e+00  4.3013e-03
 4.1330e+00  3.2606e-03
 4.1420e+00  1.3920e-03
 4.1510e+00  1.2120e-03
 4.1590e+00  1.2074e-03
 4.1680e+00  1.2177e-03
 4.1770e+00  1.2528e-03
 4.1860e+00  2.3673e-03
 4.1950e+00  2.9737e-03
 4.2040e+00  2.5188e-03
 4.2130e+00  2.5295e-03
 4.2220e+00  2.5585e-03
 4.2310e+00  2.1803e-03
 4.2400e+00  2.1099e-03
 4.2490e+00  3.0048e-03
 4.2580e+00  2.0364e-03
 4.2670e+00  2.2563e-03
 4.2760e+00  2.0874e-03
 4.2850e+00  2.1287e-03
 4.2940e+00  2.2047e-03
 4.3030e+00  2.3186e-03
 4.3120e+00  2.6095e-03
 4.3220e+00  2.9406e-03
 4.3310e+00  2.6945e-03
 4.3400e+00  2.6033e-03
 4.3490e+00  1.5003e-03
 4.3580e+00  1.2656e-03
 4.3680e+00  1.4692e-03
 4.3770e+00  2.1206e-03
 4.3860e+00  2.0221e-03
 4.3950e+00  1.9471e-03
 4.4050e+00  2.7085e-03
 4.4140e+00  2.9364e-03
 4.4230e+00  2.9139e-03
 4.4330e+00  3.0348e-03
 4.4420e+00  3.0051e-03
 4.4520e+00  3.3246e-03
 4.4610e+00  2.9309e-03
 4.4700e+00  3.0555e-03
 4.4800e+00  2.0330e-03
 4.4890e+00  1.8724e-03
 4.4990e+00  1.7458e-03
 4.5080e+00  2.5700e-03
 4.5180e+00  2.4473e-03
 4.5270e+00  2.6993e-03
 4.5370e+00  2.2754e-03
 4.5470e+00  2.9902e-03
 4.5560e+00  2.6041e-03
 4.5660e+00  2.7521e-03
 4.5750e+00  2.8668e-03
 4.5850e+00  1.9731e-03
 4.5950e+00  1.6509e-03
 4.6040e+00  1.1636e-03
 4.6140e+00  1.1667e-03
 4.6240e+00  1.6541e-03
 4.6340e+00  1.7018e-03
 4.6430e+00  2.1847e-03
 4.6530e+00  2.2298e-03
 4.6630e+00  2.2932e-03
 4.6730e+00  2.4543e-03
 4.6830e+00  2.4995e-03
 4.6920e+00  2.5493e-03
 4.7020e+00  2.1544e-03
 4.7120e+00  1.4939e-03
 4.7220e+00  2.0242e-03
 4.7320e+00  2.1428e-03
 4.7420e+00  2.7182e-03
 4.7520e+00  2.9907e-03
 4.7620e+00  3.3373e-03
 4.7720e+00  3.4253e-03
 4.7820e+00  3.5813e-03
 4.7920e+00  3.0030e-03
 4.8020e+00  1.4062e-03
 4.8120e+00  1.2200e-03
 4.8220e+00  1.2594e-03
 4.8330e+00  1.6331e-03
 4.8430e+00  2.0495e-03
 4.8530e+00  3.4903e-03
 4.8630e+00  3.0349e-03
 4.8730e+00  2.9051e-03
 4.8830e+00  2.8474e-03
 4.8940e+00  2.4359e-03
 4.9040e+00  2.2623e-03
 4.9140e+00  1.6298e-03
 4.9250e+00  1.6688e-03
 4.9350e+00  1.5980e-03
 4.9450e+00  1.5233e-03
 4.9560e+00  1.6991e-03
 4.9660e+00  1.9845e-03
 4.9760e+00  2.0185e-03
 4.9870e+00  1.6316e-03
 4.9970e+00  1.6107e-03
 5.0080e+00  1.3630e-03
 5.0180e+00  1.5801e-03
 5.0290e+00  1.9046e-03
 5.0390e+00  1.7727e-03
 5.0500e+00  2.3044e-03
 5.0600e+00  2.7961e-03
 5.0710e+00  2.4506e-03
 5.0820e+00  1.7139e-03
 5.0920e+00  1.4246e-03
 5.1030e+00  2.1211e-03
 5.1140e+00  1.8404e-03
 5.1240e+00  1.7050e-03
 5.1350e+00  1.8110e-03
 5.1460e+00  2.7778e-03
 5.1570e+00  2.3340e-03
 5.1670e+00  2.6850e-03
 5.1780e+00  2.6290e-03
 5.1890e+00  1.9326e-03
 5.2000e+00  2.2116e-03
 5.2110e+00  2.2104e-03
 5.2220e+00  2.3163e-03
 5.2320e+00  2.5052e-03
 5.2430e+00  2.5891e-03
 5.2540e+00  2.6597e-03
 5.2650e+00  2.5378e-03
 5.2760e+00  2.4401e-03
 5.2870e+00  1.9197e-03
 5.2980e+00  2.1279e-03
 5.3090e+00  2.0035e-03
 5.3210e+00  2.2582e-03
 5.3320e+00  1.7244e-03
 5.3430e+00  1.6207e-03
 5.3540e+00  1.6877e-03
 5.3650e+00  1.8168e-03
 5.3760e+00  2.2555e-03
 5.3880e+00  2.4600e-03
 5.3990e+00  2.3636e-03
 5.4100e+00  2.3124e-03
 5.4210e+00  1.2889e-03
 5.4330e+00  1.4559e-03
 5.4440e+00  2.7959e-03
 5.4550e+00  2.7871e-03
 5.4670e+00  2.5338e-03
 5.4780e+00  2.2377e-03
 5.4900e+00  1.8051e-03
 5.5010e+00  1.4093e-03
 5.5120e+00  1.3106e-03
 5.5240e+00  1.5504e-03
 5.5350e+00  1.5017e-03
 5.5470e+00  1.6685e-03
 5.5590e+00  1.9278e-03
 5.5700e+00  2.0253e-03
 5.5820e+00  1.9557e-03
 5.5930e+00  2.2018e-03
 5.6050e+00  2.2357e-03
 5.6170e+00  2.1905e-03
 5.6280e+00  2.6253e-03
 5.6400e+00  2.5728e-03
 5.6520e+00  2.6920e-03
 5.6640e+00  2.3268e-03
 5.6750e+00  2.8052e-03
 5.6870e+00  1.9808e-03
 5.6990e+00  2.8381e-03
 5.7110e+00  1.7641e-03
 5.7230e+00  2.8414e-03
 5.7350e+00  2.8902e-03
 5.7470e+00  2.7391e-03
 5.7590e+00  3.3195e-03
 5.7710e+00  2.6087e-03
 5.7830e+00  2.5684e-03
 5.7950e+00  1.8112e-03
 5.8070e+00  2.2312e-03
 5.8190e+00  2.1994e-03
 5.8310e+00  2.0350e-03
 5.8430e+00  2.0010e-03
 5.8550e+00  2.1457e-03
 5.8670e+00  1.9352e-03
 5.8800e+00  1.7196e-03
 5.8920e+00  1.3083e-03
 5.9040e+00  1.4859e-03
 5.9160e+00  1.5345e-03
 5.9290e+00  1.4616e-03
 5.9410e+00  1.3788e-03
 5.9530e+00  1.2947e-03
 5.9660e+00  1.4383e-03
 5.9780e+00  2.5967e-03
 5.9910e+00  2.7876e-03
 6.0030e+00  2.4285e-03
 6.0150e+00  2.1962e-03
 6.0280e+00  1.9249e-03
 6.0410e+00  1.9272e-03
 6.0530e+00  1.9978e-03
 6.0660e+00  1.6303e-03
 6.0780e+00  2.3286e-03
 6.0910e+00  1.4051e-03
 6.1040e+00  1.4659e-03
 6.1160e+00  1.9088e-03
 6.1290e+00  2.3126e-03
 6.1420e+00  3.3212e-03
 6.1540e+00  3.4001e-03
 6.1670e+00  3.3075e-03
 6.1800e+00  2.1408e-03
 6.1930e+00  2.3720e-03
 6.2060e+00  2.1044e-03
 6.2190e+00  1.2723e-03
 6.2320e+00  2.3219e-03
 6.2450e+00  2.2016e-03
 6.2580e+00  1.4219e-03
 6.2710e+00  1.7490e-03
 6.2840e+00  1.8670e-03
 6.2970e+00  2.4897e-03
 6.3100e+00  2.3047e-03
 6.3230e+00  2.3168e-03
 6.3360e+00  1.9301e-03
 6.3490e+00  1.6321e-03
 6.3620e+00  1.9482e-03
 6.3760e+00  2.0575e-03
 6.3890e+00  2.5015e-03
 6.4020e+00  1.0615e-03
 6.4150e+00  1.0307e-03
 6.4290e+00  1.5698e-03
 6.4420e+00  1.8824e-03
 6.4560e+00  2.1851e-03
 6.4690e+00  2.4854e-03
 6.4820e+00  3.2003e-03
 6.4960e+00  3.2759e-03
 6.5090e+00  2.5401e-03
 6.5230e+00  2.3187e-03
 6.5360e+00  1.6402e-03
 6.5500e+00  1.3910e-03
 6.5640e+00  1.2183e-03
 6.5770e+00  1.4748e-03
 6.5910e+00  1.6401e-03
 6.6050e+00  1.3409e-03
 6.6180e+00  2.8753e-03
 6.6320e+00  2.3500e-03
 6.6460e+00  2.3645e-03
 6.6600e+00  1.5864e-03
 6.6740e+00  1.4017e-03
 6.6870e+00  1.2388e-03
 6.7010e+00  1.2776e-03
 6.7150e+00  1.1963e-03
 6.7290e+00  2.0386e-03
 6.7430e+00  2.2282e-03
 6.7570e+00  1.5304e-03
 6.7710e+00  1.5316e-03
 6.7850e+00  1.2678e-03
 6.8000e+00  1.2021e-03
 6.8140e+00  1.1350e-03
 6.8280e+00  1.8851e-03
 6.8420e+00  2.3082e-03
 6.8560e+00  2.5452e-03
 6.8710e+00  2.5768e-03
 6.8850e+00  2.7747e-03
 6.8990e+00  2.7187e-03
 6.9130e+00  2.3943e-03
 6.9280e+00  2.1342e-03
 6.9420e+00  1.3709e-03
 6.9570e+00  1.5082e-03
 6.9710e+00  2.1950e-03
 6.9860e+00  2.5802e-03
 7.0000e+00  3.3203e-03
 7.0150e+00  3.0345e-03
 7.0290e+00  1.6577e-03
 7.0440e+00  1.3745e-03
 7.0590e+00  1.3769e-03
 7.0730e+00  1.0323e-03
 7.0880e+00  1.0648e-03
 7.1030e+00  1.6661e-03
 7.1180e+00  2.9177e-03
 7.1320e+00  3.4341e-03
 7.1470e+00  3.7316e-03
 7.1620e+00  2.4789e-03
 7.1770e+00  1.4643e-03
 7.1920e+00  1.4922e-03
 7.2070e+00  9.0937e-04
 7.2220e+00  1.9429e-03
 7.2370e+00  2.1835e-03
 7.2520e+00  2.8858e-03
 7.2670e+00  2.9040e-03
 7.2820e+00  2.4896e-03
 7.2980e+00  2.2758e-03
 7.3130e+00  2.4264e-03
 7.3280e+00  1.1381e-03
 7.3430e+00  2.2502e-03
 7.3590e+00  2.4919e-03
 7.3740e+00  2.7495e-03
 7.3890e+00  2.5842e-03
 7.4050e+00  2.7263e-03
 7.4200e+00  2.5172e-03
 7.4360e+00  2.0253e-03
 7.4510e+00  1.6025e-03
 7.4670e+00  1.3789e-03
 7.4820e+00  1.1171e-03
 7.4980e+00  1.1807e-03
 7.5130e+00  1.2368e-03
 7.5290e+00  1.8065e-03
 7.5450e+00  4.2824e-03
 7.5610e+00  2.0264e-03
 7.5760e+00  1.6012e-03
 7.5920e+00  1.3242e-03
 7.6080e+00  1.0252e-03
 7.6240e+00  1.6327e-03
 7.6400e+00  1.9193e-03
 7.6560e+00  2.7881e-03
 7.6720e+00  2.9544e-03
 7.6880e+00  2.7454e-03
 7.7040e+00  2.5776e-03
 7.7200e+00  2.2121e-03
 7.7360e+00  1.1686e-03
 7.7520e+00  1.2925e-03
 7.7680e+00  1.3289e-03
 7.7850e+00  1.4382e-03
 7.8010e+00  1.7067e-03
 7.8170e+00  2.3432e-03
 7.8340e+00  1.9569e-03
 7.8500e+00  2.0151e-03
 7.8660e+00  2.1100e-03
 7.8830e+00  2.0395e-03
 7.8990e+00  1.6021e-03
 7.9160e+00  2.1329e-03
 7.9320e+00  2.0697e-03
 7.9490e+00  1.7710e-03
 7.9660e+00  2.0759e-03
 7.9820e+00  1.4393e-03
 7.9990e+00  1.7187e-03
 8.0160e+00  1.4795e-03
 8.0320e+00  2.0868e-03
 8.0490e+00  2.2070e-03
 8.0660e+00  2.2033e-03
 8.0830e+00  1.9822e-03
 8.1000e+00  1.3932e-03
 8.1170e+00  1.5997e-03
 8.1340e+00  1.5329e-03
 8.1510e+00  1.6178e-03
 8.1680e+00  1.6300e-03
 8.1850e+00  1.8062e-03
 8.2020e+00  1.7964e-03
 8.2190e+00  1.8947e-03
 8.2370e+00  1.9420e-03
 8.2540e+00  2.1753e-03
 8.2710e+00  2.2373e-03
 8.2890e+00  2.5968e-03
 8.3060e+00  2.2554e-03
 8.3230e+00  2.2081e-03
 8.3410e+00  1.9652e-03
 8.3580e+00  2.1048e-03
 8.3760e+00  2.2663e-03
 8.3930e+00  2.8735e-03
 8.4110e+00  2.8482e-03
 8.4290e+00  2.7522e-03
 8.4460e+00  2.8152e-03
 8.4640e+00  1.8278e-03
 8.4820e+00  2.1898e-03
 8.5000e+00  1.8619e-03
 8.5180e+00  1.3724e-03
 8.5350e+00  1.3651e-03
 8.5530e+00  1.7368e-03
 8.5710e+00  2.4862e-03
 8.5890e+00  2.7800e-03
 8.6070e+00  2.8418e-03
 8.6260e+00  2.8624e-03
 8.6440e+00  2.9366e-03
 8.6620e+00  2.1690e-03
 8.6800e+00  2.4155e-03
 8.6980e+00  3.4623e-03
 8.7170e+00  4.4061e-03
 8.7350e+00  2.5346e-03
 8.7530e+00  1.0757e-03
 8.7720e+00  8.0637e-04
 8.7900e+00  8.8621e-04
 8.8090e+00  1.0681e-03
 8.8270e+00  3.4831e-03
 9.1000e+00  1.0000e+05
 1.0690e+01  2.0739e-03
 1.0710e+01  3.2782e-03
 1.0740e+01  2.7798e-03
 1.0760e+01  2.0033e-03
 1.0780e+01  1.3442e-03
 1.0810e+01  1.5400e-03
 1.0830e+01  1.7573e-03
 1.0850e+01  2.4073e-03
 1.0880e+01  3.3016e-03
 1.0900e+01  3.6486e-03
 1.0920e+01  3.1896e-03
 1.0950e+01  3.0686e-03
 1.0970e+01  2.5381e-03
 1.0990e+01  1.9019e-03
 1.1020e+01  1.9785e-03
 1.1040e+01  8.1899e-04
 1.1060e+01  2.3020e-03
 1.1090e+01  2.1333e-03
 1.1110e+01  2.3066e-03
 1.1140e+01  2.8514e-03
 1.1160e+01  3.1671e-03
 1.1180e+01  2.9194e-03
 1.1210e+01  2.0484e-03
 1.1230e+01  1.7408e-03
 1.1260e+01  1.5998e-03
 1.1280e+01  1.3874e-03
 1.1310e+01  1.9554e-03
 1.1330e+01  1.8754e-03
 1.1350e+01  1.6017e-03
 1.1380e+01  1.6021e-03
 1.1400e+01  1.2010e-03
 1.1430e+01  1.2371e-03
 1.1450e+01  1.0033e-03
 1.1480e+01  9.9560e-04
 1.1500e+01  2.1872e-03
 1.1530e+01  2.6736e-03
 1.1550e+01  2.4113e-03
 1.1580e+01  2.0368e-03
 1.1600e+01  1.1055e-03
 1.1630e+01  1.5615e-03
 1.1650e+01  9.1166e-04
 1.1680e+01  8.9835e-04
 1.1710e+01  1.0846e-03
 1.1730e+01  1.8154e-03
 1.1760e+01  1.5860e-03
 1.1780e+01  2.3845e-03
 1.1810e+01  2.0109e-03
 1.1830e+01  2.5289e-03
 1.1860e+01  2.3251e-03
 1.1880e+01  1.2201e-03
 1.1910e+01  1.0736e-03
 1.1940e+01  1.0136e-03
 1.1960e+01  1.1350e-03
 1.1990e+01  1.0562e-03
 1.2020e+01  1.1201e-03
 1.2040e+01  1.3289e-03
 1.2070e+01  1.7724e-03
 1.2090e+01  2.3555e-03
 1.2120e+01  2.9172e-03
 1.2150e+01  3.0332e-03
 1.2170e+01  3.4681e-03
 1.2200e+01  2.4113e-03
 1.2230e+01  1.5272e-03
 1.2250e+01  1.0309e-03
 1.2280e+01  1.0281e-03
 1.2310e+01  1.0706e-03
 1.2330e+01  1.3731e-03
 1.2360e+01  1.3376e-03
 1.2390e+01  2.7708e-03
 1.2420e+01  2.5658e-03
 1.2440e+01  2.0833e-03
 1.2470e+01  1.6354e-03
 1.2500e+01  1.2502e-03
 1.2530e+01  1.0413e-03
 1.2550e+01  9.7409e-04
 1.2580e+01  1.4500e-03
 1.2610e+01  1.2249e-03
 1.2640e+01  2.4856e-03
 1.2660e+01  2.2492e-03
 1.2690e+01  1.9550e-03
 1.2720e+01  2.2705e-03
 1.2750e+01  2.1680e-03
 1.2780e+01  2.1387e-03
 1.2800e+01  1.5392e-03
 1.2830e+01  1.1342e-03
 1.2860e+01  1.2393e-03
 1.2890e+01  1.8681e-03
 1.2920e+01  1.2679e-03
 1.2950e+01  1.9858e-03
 1.2980e+01  2.2539e-03
 1.3000e+01  2.4331e-03
 1.3030e+01  2.4964e-03
 1.3060e+01  2.2211e-03
 1.3090e+01  1.7162e-03
 1.3120e+01  1.3788e-03
 1.3150e+01  1.2109e-03
 1.3180e+01  1.2489e-03
 1.3210e+01  1.5430e-03
 1.3240e+01  1.3317e-03
 1.3270e+01  1.3511e-03
 1.3300e+01  1.4403e-03
 1.3320e+01  1.7744e-03
 1.3350e+01  1.7075e-03
 1.3380e+01  1.7966e-03
 1.3410e+01  1.7864e-03
 1.3440e+01  1.5531e-03
 1.3470e+01  1.9673e-03
 1.3500e+01  1.5160e-03
 1.3530e+01  2.3057e-03
 1.3560e+01  2.3924e-03
 1.3590e+01  2.6648e-03
 1.3620e+01  2.8173e-03
 1.3650e+01  2.1788e-03
 1.3690e+01  2.1363e-03
 1.3720e+01  2.2191e-03
 1.3750e+01  1.9508e-03
 1.3780e+01  1.7495e-03
 1.3810e+01  2.1498e-03
 1.3840e+01  1.2869e-03
 1.3870e+01  1.1413e-03
 1.3900e+01  1.3637e-03
 1.3930e+01  1.4168e-03
 1.3960e+01  2.2462e-03
 1.3990e+01  2.7295e-03
 1.4030e+01  2.6523e-03
 1.4060e+01  1.1141e-03
 1.4090e+01  1.0922e-03
 1.4120e+01  1.4162e-03
 1.4150e+01  1.3025e-03
 1.4180e+01  1.2498e-03
 1.4220e+01  1.0693e-03
 1.4250e+01  1.3842e-03
 1.4280e+01  1.2760e-03
 1.4310e+01  1.3585e-03
 1.4340e+01  1.9726e-03
 1.4380e+01  2.2895e-03
 1.4410e+01  2.3001e-03
 1.4440e+01  2.4360e-03
 1.4470e+01  2.7206e-03
 1.4510e+01  2.9043e-03
 1.4540e+01  2.6485e-03
 1.4570e+01  2.7987e-03
 1.4610e+01  2.4612e-03
 1.4640e+01  1.7746e-03
 1.4670e+01  1.5238e-03
 1.4710e+01  1.2608e-03
 1.4740e+01  1.1493e-03
 1.4770e+01  1.6625e-03
 1.4810e+01  2.5115e-03
 1.4840e+01  2.5414e-03
 1.4870e+01  2.4276e-03
 1.4910e+01  1.9360e-03
 1.4940e+01  1.6358e-03
 1.4970e+01  1.1702e-03
 1.5010e+01  1.1700e-03
 1.5040e+01  1.2666e-03
 1.5080e+01  1.3981e-03
 1.5110e+01  1.6960e-03
 1.5150e+01  3.2589e-03
 1.5180e+01  3.5646e-03
 1.5210e+01  2.4757e-03
 1.5250e+01  2.3413e-03
 1.5280e+01  2.0112e-03
 1.5320e+01  9.7095e-04
 1.5350e+01  1.4144e-03
 1.5390e+01  1.4210e-03
 1.5420e+01  1.4716e-03
 1.5460e+01  1.5961e-03
 1.5490e+01  2.5084e-03
 1.5530e+01  2.6419e-03
 1.5570e+01  1.9462e-03
 1.5600e+01  1.4513e-03
 1.5640e+01  1.1239e-03
 1.5670e+01  1.4424e-03
 1.5710e+01  1.7108e-03
 1.5740e+01  1.8029e-03
 1.5780e+01  1.8926e-03
 1.5820e+01  2.3606e-03
 1.5850e+01  2.5552e-03
 1.5890e+01  2.8614e-03
 1.5930e+01  1.5481e-03
 1.5960e+01  2.1187e-03
 1.6000e+01  1.2882e-03
 1.6040e+01  1.2981e-03
 1.6070e+01  2.9076e-03
 1.6110e+01  2.7897e-03
 1.6150e+01  2.6252e-03
 1.6190e+01  2.6137e-03
 1.6220e+01  2.3064e-03
 1.6260e+01  1.9069e-03
 1.6300e+01  1.5205e-03
 1.6340e+01  1.4337e-03
 1.6370e+01  1.4129e-03
 1.6410e+01  1.1964e-03
 1.6450e+01  2.4136e-03
 1.6490e+01  1.8843e-03
 1.6530e+01  3.0485e-03
 1.6560e+01  2.6566e-03
 1.6600e+01  2.9449e-03
 1.6640e+01  2.6103e-03
 1.6680e+01  1.6524e-03
 1.6720e+01  1.4772e-03
 1.6760e+01  7.4502e-04
 1.6800e+01  1.0773e-03
 1.6840e+01  1.5670e-03
 1.6880e+01  1.8150e-03
 1.6910e+01  3.2849e-03
 1.6950e+01  3.4086e-03
 1.6990e+01  2.8399e-03
 1.7030e+01  2.0050e-03
 1.7070e+01  1.5727e-03
 1.7110e+01  9.8264e-04
 1.7150e+01  9.9358e-04
 1.7190e+01  1.0552e-03
 1.7230e+01  1.3068e-03
 1.7270e+01  1.7978e-03
 1.7310e+01  2.9253e-03
 1.7360e+01  3.3491e-03
 1.7400e+01  3.3207e-03
 1.7440e+01  1.7604e-03
 1.7480e+01  1.5293e-03
 1.7520e+01  1.0791e-03
 1.7560e+01  9.2893e-04
 1.7600e+01  1.2809e-03
 1.7640e+01  1.6063e-03
 1.7680e+01  2.7903e-03
 1.7730e+01  2.8256e-03
 1.7770e+01  2.9712e-03
 1.7810e+01  3.0494e-03
 1.7850e+01  3.0053e-03
 1.7890e+01  2.7688e-03
 1.7940e+01  2.4661e-03
 1.7980e+01  1.0402e-03
 1.8020e+01  1.0288e-03
 1.8060e+01  1.5863e-03
 1.8110e+01  1.1750e-03
 1.8150e+01  2.9051e-03
 1.8190e+01  2.0769e-03
 1.8240e+01  2.7624e-03
 1.8280e+01  1.7818e-03
 1.8320e+01  1.6284e-03
 1.8370e+01  1.5531e-03
 1.8410e+01  1.7574e-03
 1.8450e+01  1.5312e-03
 1.8500e+01  2.4926e-03
 1.8540e+01  2.4979e-03
 1.8590e+01  2.5684e-03
 1.8630e+01  1.5562e-03
 1.8680e+01  1.6747e-03
 1.8720e+01  2.0301e-03
 1.8770e+01  2.0718e-03
 1.8810e+01  2.1188e-03
 1.8860e+01  1.2984e-03
 1.8900e+01  1.3992e-03
 1.8950e+01  1.9344e-03
 1.8990e+01  2.3380e-03
 1.9040e+01  3.4681e-03
 1.9080e+01  2.7288e-03
 1.9130e+01  2.4086e-03
 1.9170e+01  2.2694e-03
 1.9220e+01  1.8894e-03
 1.9270e+01  1.5288e-03
 1.9310e+01  1.4677e-03
 1.9360e+01  1.9327e-03
 1.9410e+01  2.0748e-03
 1.9450e+01  2.4330e-03
 1.9500e+01  2.3277e-03
 1.9550e+01  1.7391e-03
 1.9600e+01  1.5241e-03
 1.9640e+01  1.5516e-03
 1.9690e+01  1.5465e-03
 1.9740e+01  1.5713e-03
 1.9790e+01  1.9205e-03
 1.9830e+01  1.9115e-03
 1.9880e+01  1.6315e-03
 1.9930e+01  1.3488e-03
 1.9980e+01  1.4675e-03
 2.0030e+01  1.3111e-03
 2.0080e+01  2.3319e-03
 2.0130e+01  2.4088e-03
 2.0170e+01  2.6709e-03
 2.0220e+01  2.6672e-03
 2.0270e+01  2.6073e-03
 2.0320e+01  2.0417e-03
 2.0370e+01  1.7197e-03
 2.0420e+01  1.7080e-03
 2.0470e+01  2.0211e-03
 2.0520e+01  2.0759e-03
 2.0570e+01  3.0228e-03
 2.0620e+01  2.1570e-03
 2.0670e+01  2.1702e-03
 2.0720e+01  1.9264e-03
 2.0780e+01  2.1494e-03
 2.0830e+01  1.7713e-03
 2.0880e+01  1.7271e-03
 2.0930e+01  1.7362e-03
 2.0980e+01  1.8550e-03
 2.1030e+01  1.6830e-03
 2.1080e+01  2.3288e-03
 2.1140e+01  2.7882e-03
 2.1190e+01  2.6619e-03
 2.1240e+01  2.6894e-03
 2.1290e+01  2.6766e-03
 2.1350e+01  2.8332e-03
 2.1400e+01  2.4157e-03
 2.1450e+01  2.1470e-03
 2.1510e+01  2.0204e-03
 2.1560e+01  1.8757e-03
 2.1610e+01  1.7792e-03
 2.1670e+01  1.6043e-03
 2.1720e+01  2.1932e-03
 2.1780e+01  2.5172e-03
 2.1830e+01  3.3580e-03
 2.1880e+01  3.3698e-03
 2.1940e+01  2.1034e-03
 2.1990e+01  2.2223e-03
 2.2050e+01  2.0670e-03
 2.2100e+01  1.8870e-03
 2.2160e+01  1.3464e-03
 2.2210e+01  1.9942e-03
 2.2270e+01  1.9694e-03
 2.2330e+01  1.9251e-03
 2.2380e+01  1.2895e-03
 2.2440e+01  2.1147e-03
 2.2500e+01  2.6634e-03
 2.2550e+01  1.4617e-03
 2.2610e+01  1.5584e-03
 2.2670e+01  1.4605e-03
 2.2720e+01  1.5441e-03
 2.2780e+01  1.4475e-03
 2.2840e+01  1.8108e-03
 2.2900e+01  1.7977e-03
 2.2950e+01  1.8226e-03
 2.3010e+01  1.6541e-03
 2.3070e+01  2.1024e-03
 2.3130e+01  2.7767e-03
 2.3190e+01  2.7532e-03
 2.3250e+01  2.9205e-03
 2.3310e+01  2.8357e-03
 2.3370e+01  2.2699e-03
 2.3430e+01  2.5458e-03
 2.3490e+01  2.5080e-03
 2.3550e+01  2.6700e-03
 2.3610e+01  2.6413e-03
 2.3670e+01  2.6530e-03
 2.3730e+01  2.5719e-03
 2.3790e+01  2.5341e-03
 2.3850e+01  2.3892e-03
 2.3910e+01  2.2011e-03
 2.3970e+01  2.1096e-03
 2.4030e+01  2.7919e-03
 2.4090e+01  2.0261e-03
 2.4160e+01  1.8145e-03
 2.4220e+01  2.3309e-03
 2.4280e+01  1.9832e-03
 2.4340e+01  1.8695e-03
 2.4410e+01  1.8839e-03
 2.4470e+01  1.9599e-03
 2.4530e+01  2.1457e-03
 2.4600e+01  2.6885e-03
 2.4660e+01  2.4060e-03
 2.4720e+01  1.9902e-03
 2.4790e+01  1.9786e-03
 2.4850e+01  2.4130e-03
 2.4920e+01  2.3803e-03
 2.4980e+01  2.5059e-03
 2.5050e+01  2.6773e-03
 2.5110e+01  3.2582e-03
 2.5180e+01  3.0713e-03
 2.5240e+01  3.0531e-03
 2.5310e+01  2.8414e-03
 2.5380e+01  2.5067e-03
 2.5440e+01  1.2846e-03
 2.5510e+01  1.4418e-03
 2.5580e+01  1.7912e-03
 2.5640e+01  2.3396e-03
 2.5710e+01  2.6603e-03
 2.5780e+01  2.7456e-03
 2.5850e+01  3.8594e-03
 2.5920e+01  2.5024e-03
 2.5980e+01  2.3101e-03
 2.6050e+01  2.2304e-03
 2.6120e+01  2.1690e-03
 2.6190e+01  1.7658e-03
 2.6260e+01  1.7738e-03
 2.6330e+01  1.8289e-03
 2.6400e+01  1.7125e-03
 2.6470e+01  2.8018e-03
 2.6540e+01  2.8647e-03
 2.6610e+01  2.7366e-03
 2.6680e+01  2.8572e-03
 2.6750e+01  1.4654e-03
 2.6830e+01  1.3751e-03
 2.6900e+01  1.3568e-03
 2.6970e+01  1.9226e-03
 2.7040e+01  2.1388e-03
 2.7110e+01  1.7840e-03
 2.7190e+01  3.4214e-03
 2.7260e+01  2.6027e-03
 2.7330e+01  2.7260e-03
 2.7410e+01  3.0563e-03
 2.7480e+01  3.0956e-03
 2.7550e+01  3.0432e-03
 2.7630e+01  2.8638e-03
 2.7700e+01  1.6534e-03
 2.7780e+01  2.4396e-03
 2.7850e+01  2.6323e-03
 2.7930e+01  1.9499e-03
 2.8010e+01  1.8818e-03
 2.8080e+01  1.8137e-03
 2.8160e+01  1.9368e-03
 2.8230e+01  2.1400e-03
 2.8310e+01  2.8359e-03
 2.8390e+01  3.1873e-03
 2.8470e+01  3.2712e-03
 2.8540e+01  2.9239e-03
 2.8620e+01  2.9672e-03
 2.8700e+01  2.9609e-03
 2.8780e+01  2.6754e-03
 2.8860e+01  2.9428e-03
 2.8940e+01  2.9652e-03
 2.9020e+01  3.0321e-03
 2.9100e+01  2.4725e-03
 2.9180e+01  3.5410e-03
 2.9260e+01  3.6053e-03
 2.9340e+01  3.8727e-03
 2.9420e+01  3.1872e-03
 2.9500e+01  3.2660e-03
 2.9580e+01  2.6183e-03
 2.9670e+01  2.2827e-03
 2.9750e+01  1.9707e-03
 2.9830e+01  1.7977e-03
 2.9910e+01  1.8359e-03
 3.0000e+01  1.8138e-03
 3.0080e+01  1.9358e-03
 3.0170e+01  2.4604e-03
 3.0250e+01  2.6808e-03
 3.0340e+01  2.5930e-03
 3.0420e+01  3.7800e-03
 3.0510e+01  2.9210e-03
 3.0590e+01  2.6968e-03
 3.0680e+01  2.1172e-03
 3.0770e+01  1.9060e-03
 3.0850e+01  2.0634e-03
 3.0940e+01  1.9533e-03
 3.1030e+01  1.5782e-03
 3.1110e+01  2.3693e-03
 3.1200e+01  2.6213e-03
 3.1290e+01  3.0005e-03
 3.1380e+01  4.6917e-03
 3.1470e+01  3.9284e-03
 3.1560e+01  1.9604e-03
 3.1650e+01  1.9119e-03
 3.1740e+01  1.6797e-03
 3.1830e+01  1.6627e-03
 3.1920e+01  1.6154e-03
 3.2010e+01  1.7126e-03
 3.2110e+01  1.8898e-03
 3.2200e+01  2.3190e-03
 3.2290e+01  3.1472e-03
 3.2380e+01  3.5346e-03
 3.2480e+01  3.5780e-03
 3.2570e+01  3.4114e-03
 3.2670e+01  1.7510e-03
 3.2760e+01  1.9125e-03
 3.2860e+01  2.5176e-03
 3.2950e+01  2.8563e-03
 3.3050e+01  3.4734e-03
 3.3140e+01  3.5207e-03
 3.3240e+01  3.2293e-03
 3.3340e+01  3.1873e-03
 3.3440e+01  2.4431e-03
 3.3530e+01  1.4769e-03
 3.3630e+01  1.3942e-03
 3.3730e+01  2.0507e-03
 3.3830e+01  2.1638e-03
 3.3930e+01  2.2151e-03
 3.4030e+01  3.1881e-03
 3.4130e+01  3.3103e-03
 3.4230e+01  2.8520e-03
 3.4330e+01  2.8127e-03
 3.4440e+01  2.5317e-03
 3.4540e+01  2.2547e-03
 3.4640e+01  2.3716e-03
 3.4750e+01  3.2609e-03
 3.4850e+01  3.5264e-03
 3.4950e+01  4.2829e-03
 3.5060e+01  3.3256e-03
 3.5160e+01  2.9631e-03
 3.5270e+01  2.0884e-03
 3.5380e+01  3.3744e-03
 3.5480e+01  3.0816e-03
 3.5590e+01  2.3302e-03
 3.5700e+01  3.2143e-03
 3.5800e+01  3.6820e-03
 3.5910e+01  4.0551e-03
 3.6020e+01  4.5163e-03
 3.6130e+01  4.0514e-03
 3.6240e+01  2.8639e-03
 3.6350e+01  2.9547e-03
 3.6460e+01  2.4778e-03
 3.6580e+01  2.3268e-03
 3.6690e+01  3.3279e-03
 3.6800e+01  2.4699e-03
 3.6910e+01  2.7524e-03
 3.7030e+01  3.6565e-03
 3.7140e+01  3.0758e-03
 3.7260e+01  3.2793e-03
 3.7370e+01  2.6447e-03
 3.7490e+01  2.2899e-03
 3.7610e+01  2.8233e-03
 3.7720e+01  4.7098e-03
 3.7840e+01  4.2881e-03
 3.7960e+01  3.4276e-03
 3.8080e+01  3.8782e-03
 3.8200e+01  3.9003e-03
 3.8320e+01  1.7458e-03
 3.8440e+01  1.7984e-03
 3.8560e+01  2.8230e-03
 3.8680e+01  3.1565e-03
 3.8800e+01  3.7096e-03
 3.8930e+01  2.9331e-03
 3.9050e+01  2.5507e-03
 3.9170e+01  2.1093e-03
 3.9300e+01  2.3600e-03
 3.9420e+01  2.0487e-03
 3.9550e+01  2.3506e-03
 3.9680e+01  2.4779e-03
 3.9800e+01  2.4752e-03
 3.9930e+01  2.2046e-03
 4.0060e+01  1.9918e-03
 4.0190e+01  2.0796e-03
 4.0320e+01  2.4470e-03
 4.0450e+01  2.5140e-03
 4.0580e+01  5.2141e-03
 4.0710e+01  5.0852e-03
 4.0850e+01  4.3169e-03
 4.0980e+01  2.1418e-03
 4.1110e+01  3.0734e-03
 4.1250e+01  2.8646e-03
 4.1380e+01  2.8947e-03
 4.1520e+01  3.7473e-03
 4.1660e+01  3.6905e-03
 4.1800e+01  3.8595e-03
 4.1930e+01  3.3162e-03
 4.2070e+01  3.2214e-03
 4.2210e+01  2.6127e-03
 4.2350e+01  3.4990e-03
 4.2500e+01  3.7660e-03
 4.2640e+01  3.7605e-03
 4.2780e+01  3.6463e-03
 4.2920e+01  3.3655e-03
 4.3070e+01  3.0674e-03
 4.3220e+01  2.7644e-03
 4.3360e+01  2.6358e-03
 4.3510e+01  2.5634e-03
 4.3660e+01  2.5200e-03
 4.3810e+01  2.5144e-03
 4.3950e+01  3.9867e-03
 4.4110e+01  2.8795e-03
 4.4260e+01  3.8183e-03
 4.4410e+01  4.0168e-03
 4.4560e+01  3.7205e-03
 4.4720e+01  2.7274e-03
 4.4870e+01  2.5399e-03
 4.5030e+01  1.9061e-03
 4.5180e+01  2.7802e-03
 4.5340e+01  2.9134e-03
 4.5500e+01  5.1401e-03
 4.5660e+01  4.6187e-03
 4.5820e+01  4.6062e-03
 4.5980e+01  4.3947e-03
 4.6140e+01  3.7153e-03
 4.6310e+01  3.1994e-03
 4.6470e+01  3.5886e-03
 4.6640e+01  3.3969e-03
 4.6800e+01  3.2488e-03
 4.6970e+01  3.1372e-03
 4.7140e+01  2.9054e-03
 4.7310e+01  2.8658e-03
 4.7480e+01  2.9813e-03
 4.7650e+01  3.2470e-03
 4.7820e+01  4.2110e-03
 4.8000e+01  3.1725e-03
 4.8170e+01  2.9318e-03
 4.8350e+01  3.3260e-03
 4.8530e+01  2.9131e-03
 4.8700e+01  4.0571e-03
 4.8880e+01  3.1996e-03
 4.9070e+01  3.1765e-03
 4.9250e+01  2.8554e-03
 4.9430e+01  2.7271e-03
 4.9610e+01  2.3630e-03
 4.9800e+01  2.9089e-03
 4.9990e+01  3.0160e-03
 5.0180e+01  3.4210e-03
 5.0360e+01  3.4994e-03
 5.0560e+01  3.3903e-03
 5.0750e+01  3.0706e-03
 5.0940e+01  2.9577e-03
 5.1140e+01  2.9786e-03
 5.1330e+01  3.1474e-03
 5.1530e+01  3.4848e-03
 5.1730e+01  4.6417e-03
 5.1930e+01  4.9928e-03
 5.2130e+01  5.0661e-03
 5.2330e+01  4.9967e-03
 5.2540e+01  4.7835e-03
 5.2740e+01  4.5329e-03
 5.2950e+01  3.1959e-03
 5.3160e+01  3.3392e-03
 5.3370e+01  3.0466e-03
 5.3580e+01  2.9146e-03
 5.3800e+01  2.7722e-03
 5.4010e+01  2.7837e-03
 5.4230e+01  2.6929e-03
 5.4450e+01  2.7532e-03
 5.4670e+01  2.5381e-03
 5.4890e+01  2.6399e-03
 5.5110e+01  2.7751e-03
 5.5340e+01  4.0485e-03
 5.5570e+01  4.5004e-03
 5.5800e+01  4.6185e-03
 5.6030e+01  4.2525e-03
 5.6260e+01  3.3346e-03
 5.6490e+01  4.5598e-03
 5.6730e+01  4.9142e-03
 5.6970e+01  5.1848e-03
 5.7210e+01  5.2334e-03
 5.7450e+01  5.5055e-03
 5.7700e+01  4.2248e-03
 5.7940e+01  3.7401e-03
 5.8190e+01  3.7558e-03
 5.8440e+01  3.5609e-03
 5.8690e+01  3.6301e-03
 5.8950e+01  3.8331e-03
 5.9210e+01  4.3769e-03
 5.9470e+01  3.6916e-03
 5.9730e+01  3.4932e-03
 5.9990e+01  3.4089e-03
 6.0260e+01  3.5140e-03
 6.0530e+01  3.0747e-03
 6.0800e+01  3.7230e-03
 6.1070e+01  4.0714e-03
 6.1350e+01  4.5020e-03
 6.1630e+01  4.7208e-03
 6.1910e+01  4.7234e-03
 6.2200e+01  5.7624e-03
 6.2480e+01  5.2605e-03
 6.2770e+01  4.7246e-03
 6.3060e+01  4.8144e-03
 6.3360e+01  2.7807e-03
 6.3660e+01  2.9747e-03
 6.3960e+01  3.7729e-03
 6.4260e+01  3.8044e-03
 6.4570e+01  4.6599e-03
 6.4880e+01  5.5618e-03
 6.5200e+01  5.8077e-03
 6.5510e+01  4.8391e-03
 6.5830e+01  4.5143e-03
 6.6160e+01  5.1078e-03
 6.6480e+01  4.5294e-03
 6.6820e+01  3.5320e-03
 6.7150e+01  2.1793e-03
 6.7490e+01  3.9377e-03
 6.7830e+01  5.6507e-03
 6.8180e+01  6.3587e-03
 6.8530e+01  6.8606e-03
 6.8880e+01  4.1070e-03
 6.9240e+01  3.0867e-03
 6.9600e+01  2.8751e-03
