#      mass       lower
 2.1410e-01  1.7472e-05
 2.1420e-01  1.6437e-05
 2.1430e-01  1.2153e-05
 2.1450e-01  1.0976e-05
 2.1460e-01  1.0283e-05
 2.1470e-01  1.2314e-05
 2.1490e-01  1.5718e-05
 2.1500e-01  1.9278e-05
 2.1520e-01  2.0779e-05
 2.1530e-01  1.8247e-05
 2.1550e-01  1.8011e-05
 2.1560e-01  1.4924e-05
 2.1580e-01  1.4259e-05
 2.1590e-01  1.4495e-05
 2.1610e-01  1.5408e-05
 2.1620e-01  1.5681e-05
 2.1640e-01  1.9462e-05
 2.1660e-01  1.7110e-05
 2.1670e-01  1.6657e-05
 2.1690e-01  1.7547e-05
 2.1710e-01  1.8557e-05
 2.1730e-01  1.9617e-05
 2.1750e-01  2.2185e-05
 2.1770e-01  1.7021e-05
 2.1780e-01  1.3251e-05
 2.1800e-01  1.5998e-05
 2.1820e-01  1.3389e-05
 2.1840e-01  1.2543e-05
 2.1860e-01  1.2367e-05
 2.1880e-01  1.5195e-05
 2.1910e-01  1.8544e-05
 2.1930e-01  2.0744e-05
 2.1950e-01  2.1709e-05
 2.1970e-01  2.1809e-05
 2.1990e-01  2.1811e-05
 2.2010e-01  2.1771e-05
 2.2040e-01  2.2498e-05
 2.2060e-01  2.2758e-05
 2.2080e-01  2.1198e-05
 2.2110e-01  2.1236e-05
 2.2130e-01  2.1029e-05
 2.2160e-01  1.9717e-05
 2.2180e-01  1.5669e-05
 2.2200e-01  1.9257e-05
 2.2230e-01  1.6251e-05
 2.2260e-01  2.0679e-05
 2.2280e-01  2.0762e-05
 2.2310e-01  1.9102e-05
 2.2330e-01  1.8754e-05
 2.2360e-01  1.7040e-05
 2.2390e-01  1.6429e-05
 2.2410e-01  1.6258e-05
 2.2440e-01  1.7684e-05
 2.2470e-01  1.8156e-05
 2.2500e-01  2.0572e-05
 2.2530e-01  2.2638e-05
 2.2560e-01  2.4028e-05
 2.2590e-01  2.2135e-05
 2.2620e-01  1.9755e-05
 2.2650e-01  2.0240e-05
 2.2680e-01  1.6494e-05
 2.2710e-01  1.6472e-05
 2.2740e-01  1.7781e-05
 2.2770e-01  2.0892e-05
 2.2800e-01  1.8802e-05
 2.2830e-01  2.0811e-05
 2.2860e-01  2.4177e-05
 2.2900e-01  2.6750e-05
 2.2930e-01  2.4608e-05
 2.2960e-01  2.3942e-05
 2.3000e-01  2.2487e-05
 2.3030e-01  2.1541e-05
 2.3060e-01  2.0938e-05
 2.3100e-01  2.1012e-05
 2.3130e-01  2.2205e-05
 2.3170e-01  2.2869e-05
 2.3200e-01  2.1958e-05
 2.3240e-01  2.1192e-05
 2.3270e-01  1.7126e-05
 2.3310e-01  1.6175e-05
 2.3350e-01  1.6343e-05
 2.3380e-01  1.8319e-05
 2.3420e-01  2.0579e-05
 2.3460e-01  2.2680e-05
 2.3500e-01  2.5408e-05
 2.3530e-01  2.3483e-05
 2.3570e-01  2.3712e-05
 2.3610e-01  2.2279e-05
 2.3650e-01  2.6162e-05
 2.3690e-01  2.6611e-05
 2.3730e-01  2.5840e-05
 2.3770e-01  2.1870e-05
 2.3810e-01  2.1528e-05
 2.3850e-01  2.3979e-05
 2.3890e-01  2.5084e-05
 2.3930e-01  2.1619e-05
 2.3980e-01  2.0298e-05
 2.4020e-01  2.0285e-05
 2.4060e-01  2.0904e-05
 2.4100e-01  2.4355e-05
 2.4150e-01  2.3312e-05
 2.4190e-01  2.1973e-05
 2.4230e-01  1.7421e-05
 2.4280e-01  1.9364e-05
 2.4320e-01  1.8187e-05
 2.4370e-01  2.0089e-05
 2.4410e-01  2.3878e-05
 2.4460e-01  2.5520e-05
 2.4500e-01  2.8807e-05
 2.4550e-01  2.7729e-05
 2.4600e-01  2.7669e-05
 2.4640e-01  2.4515e-05
 2.4690e-01  2.7615e-05
 2.4740e-01  2.5776e-05
 2.4780e-01  2.1327e-05
 2.4830e-01  2.4501e-05
 2.4880e-01  2.4703e-05
 2.4930e-01  1.8932e-05
 2.4980e-01  1.8026e-05
 2.5030e-01  1.7602e-05
 2.5080e-01  1.8253e-05
 2.5130e-01  2.2496e-05
 2.5180e-01  2.2970e-05
 2.5230e-01  2.1171e-05
 2.5280e-01  1.9880e-05
 2.5330e-01  1.9114e-05
 2.5380e-01  2.0912e-05
 2.5430e-01  2.3257e-05
 2.5480e-01  2.8055e-05
 2.5540e-01  2.5881e-05
 2.5590e-01  2.4897e-05
 2.5640e-01  2.4422e-05
 2.5700e-01  2.5716e-05
 2.5750e-01  2.0851e-05
 2.5800e-01  2.4763e-05
 2.5860e-01  2.0024e-05
 2.5910e-01  2.2705e-05
 2.5970e-01  2.4020e-05
 2.6020e-01  2.4988e-05
 2.6080e-01  2.4941e-05
 2.6130e-01  2.4504e-05
 2.6190e-01  2.4357e-05
 2.6250e-01  2.7376e-05
 2.6300e-01  2.7220e-05
 2.6360e-01  2.6916e-05
 2.6420e-01  2.2220e-05
 2.6480e-01  1.7969e-05
 2.6530e-01  1.9002e-05
 2.6590e-01  1.9581e-05
 2.6650e-01  2.6456e-05
 2.6710e-01  3.2690e-05
 2.6770e-01  2.9471e-05
 2.6830e-01  2.7552e-05
 2.6890e-01  2.0416e-05
 2.6950e-01  1.9410e-05
 2.7010e-01  2.1243e-05
 2.7070e-01  1.9155e-05
 2.7130e-01  2.5272e-05
 2.7190e-01  2.5810e-05
 2.7260e-01  2.7321e-05
 2.7320e-01  2.7364e-05
 2.7380e-01  2.8526e-05
 2.7440e-01  2.5630e-05
 2.7510e-01  2.3699e-05
 2.7570e-01  2.2818e-05
 2.7630e-01  1.9810e-05
 2.7700e-01  1.8645e-05
 2.7760e-01  1.7071e-05
 2.7830e-01  1.6602e-05
 2.7890e-01  2.3324e-05
 2.7960e-01  2.6662e-05
 2.8020e-01  2.9259e-05
 2.8090e-01  3.4611e-05
 2.8160e-01  3.4265e-05
 2.8220e-01  2.9367e-05
 2.8290e-01  2.6161e-05
 2.8360e-01  1.8178e-05
 2.8420e-01  1.7388e-05
 2.8490e-01  1.9309e-05
 2.8560e-01  2.1566e-05
 2.8630e-01  2.5894e-05
 2.8700e-01  2.9620e-05
 2.8770e-01  3.2973e-05
 2.8830e-01  2.9112e-05
 2.8900e-01  2.9517e-05
 2.8970e-01  2.6404e-05
 2.9040e-01  2.8781e-05
 2.9120e-01  2.2756e-05
 2.9190e-01  1.7047e-05
 2.9260e-01  1.6386e-05
 2.9330e-01  1.7897e-05
 2.9400e-01  2.3423e-05
 2.9470e-01  3.0132e-05
 2.9540e-01  3.3588e-05
 2.9620e-01  2.7875e-05
 2.9690e-01  2.9471e-05
 2.9760e-01  2.4095e-05
 2.9840e-01  2.2258e-05
 2.9910e-01  2.0664e-05
 2.9990e-01  1.6368e-05
 3.0060e-01  1.9459e-05
 3.0140e-01  2.2742e-05
 3.0210e-01  2.8100e-05
 3.0290e-01  2.9966e-05
 3.0360e-01  3.0212e-05
 3.0440e-01  3.0361e-05
 3.0510e-01  3.0366e-05
 3.0590e-01  2.7909e-05
 3.0670e-01  2.6957e-05
 3.0740e-01  2.5139e-05
 3.0820e-01  2.3934e-05
 3.0900e-01  2.5876e-05
 3.0980e-01  2.3183e-05
 3.1060e-01  2.1518e-05
 3.1130e-01  2.3415e-05
 3.1210e-01  2.6136e-05
 3.1290e-01  2.8298e-05
 3.1370e-01  2.6220e-05
 3.1450e-01  1.9563e-05
 3.1530e-01  1.9729e-05
 3.1610e-01  1.8122e-05
 3.1690e-01  1.6784e-05
 3.1780e-01  2.6676e-05
 3.1860e-01  2.9550e-05
 3.1940e-01  3.1548e-05
 3.2020e-01  3.2306e-05
 3.2100e-01  3.1199e-05
 3.2190e-01  3.0945e-05
 3.2270e-01  3.0260e-05
 3.2350e-01  2.8732e-05
 3.2430e-01  2.3012e-05
 3.2520e-01  1.8974e-05
 3.2600e-01  1.7972e-05
 3.2690e-01  2.0092e-05
 3.2770e-01  2.2511e-05
 3.2860e-01  2.7156e-05
 3.2940e-01  3.1030e-05
 3.3030e-01  3.2751e-05
 3.3110e-01  2.8710e-05
 3.3200e-01  2.9633e-05
 3.3280e-01  2.3595e-05
 3.3370e-01  2.2775e-05
 3.3460e-01  2.2419e-05
 3.3550e-01  2.2271e-05
 3.3630e-01  2.2634e-05
 3.3720e-01  2.1393e-05
 3.3810e-01  2.2892e-05
 3.3900e-01  2.6839e-05
 3.3990e-01  2.3405e-05
 3.4080e-01  2.5385e-05
 3.4160e-01  2.6104e-05
 3.4250e-01  2.1876e-05
 3.4340e-01  2.0499e-05
 3.4430e-01  2.2691e-05
 3.4520e-01  2.1454e-05
 3.4620e-01  2.5698e-05
 3.4710e-01  2.7522e-05
 3.4800e-01  3.1379e-05
 3.4890e-01  3.3355e-05
 3.4980e-01  2.8137e-05
 3.5070e-01  2.4669e-05
 3.5170e-01  2.2280e-05
 3.5260e-01  2.1585e-05
 3.5350e-01  1.9606e-05
 3.5440e-01  2.1205e-05
 3.5540e-01  2.8851e-05
 3.5630e-01  3.4500e-05
 3.5730e-01  3.5790e-05
 3.5820e-01  3.7891e-05
 3.5920e-01  3.3337e-05
 3.6010e-01  2.9985e-05
 3.6110e-01  2.6938e-05
 3.6200e-01  2.4717e-05
 3.6300e-01  2.4028e-05
 3.6390e-01  2.3052e-05
 3.6490e-01  2.2913e-05
 3.6590e-01  2.2956e-05
 3.6680e-01  2.8428e-05
 3.6780e-01  2.6268e-05
 3.6880e-01  2.6093e-05
 3.6980e-01  2.4100e-05
 3.7070e-01  2.1908e-05
 3.7170e-01  2.2064e-05
 3.7270e-01  2.2783e-05
 3.7370e-01  2.4418e-05
 3.7470e-01  2.6343e-05
 3.7570e-01  2.5840e-05
 3.7670e-01  2.4532e-05
 3.7770e-01  2.8050e-05
 3.7870e-01  2.4257e-05
 3.7970e-01  2.8931e-05
 3.8070e-01  2.9151e-05
 3.8170e-01  3.5266e-05
 3.8270e-01  3.0199e-05
 3.8380e-01  3.1210e-05
 3.8480e-01  3.1150e-05
 3.8580e-01  2.3734e-05
 3.8680e-01  3.2784e-05
 3.8790e-01  3.4174e-05
 3.8890e-01  3.2621e-05
 3.8990e-01  3.3064e-05
 3.9100e-01  3.6723e-05
 3.9200e-01  2.9731e-05
 3.9310e-01  2.6599e-05
 3.9410e-01  2.5377e-05
 3.9520e-01  2.3764e-05
 3.9620e-01  2.3252e-05
 3.9730e-01  2.3572e-05
 3.9830e-01  2.6252e-05
 3.9940e-01  2.7493e-05
 4.0040e-01  3.0285e-05
 4.0150e-01  2.9110e-05
 4.0260e-01  2.8699e-05
 4.0360e-01  2.4875e-05
 4.0470e-01  3.2642e-05
 4.0580e-01  3.3129e-05
 4.0690e-01  2.4643e-05
 4.0800e-01  2.4514e-05
 4.0900e-01  2.7335e-05
 4.1010e-01  2.5658e-05
 4.1120e-01  2.4240e-05
 4.1230e-01  2.3963e-05
 4.1340e-01  2.5257e-05
 4.1450e-01  3.0261e-05
 4.1560e-01  2.6441e-05
 4.1670e-01  3.3810e-05
 4.1780e-01  2.5080e-05
 4.1890e-01  2.5534e-05
 4.2010e-01  2.7807e-05
 4.2120e-01  3.2297e-05
 4.2230e-01  3.6251e-05
 4.2340e-01  3.9025e-05
 4.2450e-01  4.0027e-05
 4.2570e-01  3.9062e-05
 4.2680e-01  3.7371e-05
 4.2790e-01  3.4281e-05
 4.2910e-01  3.0258e-05
 4.3020e-01  2.6671e-05
 4.3140e-01  2.1779e-05
 4.3250e-01  2.2043e-05
 4.3360e-01  3.0733e-05
 4.3480e-01  3.3025e-05
 4.3600e-01  3.2716e-05
 4.3710e-01  3.1972e-05
 4.3830e-01  3.5505e-05
 4.3940e-01  2.5321e-05
 4.4060e-01  2.3322e-05
 4.4180e-01  2.2422e-05
 4.4290e-01  2.4783e-05
 4.4410e-01  3.8319e-05
 4.4530e-01  4.0386e-05
 4.4650e-01  3.5893e-05
 4.4760e-01  3.7282e-05
 4.4880e-01  3.7544e-05
 4.5000e-01  3.7146e-05
 4.5120e-01  2.8403e-05
 4.5240e-01  2.6421e-05
 4.5360e-01  2.6606e-05
 4.5480e-01  3.0028e-05
 4.5600e-01  3.0832e-05
 4.5720e-01  3.2640e-05
 4.5840e-01  3.5183e-05
 4.5960e-01  3.6407e-05
 4.6080e-01  3.8434e-05
 4.6200e-01  3.7704e-05
 4.6320e-01  3.4157e-05
 4.6450e-01  3.0744e-05
 4.6570e-01  2.6007e-05
 4.6690e-01  3.3772e-05
 4.6810e-01  3.1791e-05
 4.6940e-01  3.1516e-05
 4.7060e-01  2.9828e-05
 4.7180e-01  3.3556e-05
 4.7310e-01  3.2524e-05
 4.7430e-01  4.0761e-05
 4.7560e-01  4.1153e-05
 4.7680e-01  4.5589e-05
 4.7810e-01  3.7620e-05
 4.7930e-01  3.9844e-05
 4.8060e-01  3.7044e-05
 4.8180e-01  3.0088e-05
 4.8310e-01  2.5766e-05
 4.8440e-01  2.3922e-05
 4.8560e-01  2.8450e-05
 4.8690e-01  4.1606e-05
 4.8820e-01  3.1837e-05
 4.8950e-01  3.5145e-05
 4.9070e-01  5.4189e-05
 4.9200e-01  5.1707e-05
 4.9330e-01  4.1423e-05
 4.9460e-01  3.3564e-05
 4.9590e-01  2.4782e-05
 4.9720e-01  2.7175e-05
 4.9850e-01  2.3778e-05
 4.9980e-01  2.4566e-05
 5.0110e-01  2.3443e-05
 5.0240e-01  2.4907e-05
 5.0370e-01  2.8107e-05
 5.0500e-01  4.7943e-05
 5.0630e-01  6.2305e-05
 5.0760e-01  6.0751e-05
 5.0900e-01  5.1720e-05
 5.1030e-01  2.5108e-05
 5.1160e-01  2.0660e-05
 5.1290e-01  2.3529e-05
 5.1430e-01  2.8656e-05
 5.1560e-01  3.3581e-05
 5.1690e-01  4.1370e-05
 5.1830e-01  5.9776e-05
 5.1960e-01  6.2368e-05
 5.2100e-01  3.1699e-05
 5.2230e-01  2.8654e-05
 5.2370e-01  2.4284e-05
 5.3000e-01  1.0000e+05
 5.7270e-01  7.4280e-05
 5.7420e-01  6.6665e-05
 5.7570e-01  8.1524e-05
 5.7710e-01  1.0621e-04
 5.7860e-01  1.0176e-04
 5.8010e-01  6.2045e-05
 5.8150e-01  5.8468e-05
 5.8300e-01  4.4889e-05
 5.8450e-01  4.4442e-05
 5.8590e-01  3.8452e-05
 5.8740e-01  4.6615e-05
 5.8890e-01  6.8696e-05
 5.9040e-01  5.9081e-05
 5.9190e-01  9.1613e-05
 5.9340e-01  7.8350e-05
 5.9490e-01  1.0317e-04
 5.9640e-01  1.1635e-04
 5.9790e-01  1.1114e-04
 5.9940e-01  9.5899e-05
 6.0090e-01  3.7558e-05
 6.0240e-01  3.0913e-05
 6.0390e-01  3.7435e-05
 6.0540e-01  4.1934e-05
 6.0700e-01  7.4690e-05
 6.0850e-01  8.6220e-05
 6.1000e-01  1.0599e-04
 6.1150e-01  1.2708e-04
 6.1310e-01  1.6975e-04
 6.1460e-01  1.3249e-04
 6.1610e-01  9.3709e-05
 6.1770e-01  6.6841e-05
 6.1920e-01  3.4573e-05
 6.2080e-01  2.8257e-05
 6.2230e-01  3.1061e-05
 6.2390e-01  5.7742e-05
 6.2540e-01  1.0345e-04
 6.2700e-01  1.4874e-04
 6.2850e-01  1.5696e-04
 6.3010e-01  1.7540e-04
 6.3170e-01  9.6662e-05
 6.3320e-01  6.7398e-05
 6.3480e-01  5.7853e-05
 6.3640e-01  5.1583e-05
 6.3800e-01  8.2328e-05
 6.3960e-01  1.0222e-04
 6.4110e-01  1.1281e-04
 6.4270e-01  1.2521e-04
 6.4430e-01  1.3125e-04
 6.4590e-01  6.8406e-05
 6.4750e-01  8.8555e-05
 6.4910e-01  7.4608e-05
 6.5070e-01  8.3240e-05
 6.5230e-01  1.7056e-04
 6.5390e-01  1.3865e-04
 6.5560e-01  1.0644e-04
 6.5720e-01  1.1937e-04
 6.5880e-01  1.0507e-04
 6.6040e-01  9.0782e-05
 6.6200e-01  7.4196e-05
 6.6370e-01  8.2697e-05
 6.6530e-01  1.1334e-04
 6.6690e-01  8.4883e-05
 6.6860e-01  9.5430e-05
 6.7020e-01  1.1695e-04
 6.7190e-01  1.4905e-04
 6.7350e-01  1.5777e-04
 6.7520e-01  1.5627e-04
 6.7680e-01  1.1934e-04
 6.7850e-01  1.6458e-04
 6.8010e-01  9.4023e-05
 6.8180e-01  1.6145e-04
 6.8350e-01  1.2298e-04
 6.8510e-01  1.8528e-04
 6.8680e-01  1.7432e-04
 6.8850e-01  1.5418e-04
 6.9010e-01  1.0236e-04
 6.9180e-01  8.1203e-05
 6.9350e-01  9.4796e-05
 6.9520e-01  8.9031e-05
 6.9690e-01  1.0744e-04
 6.9860e-01  1.0794e-04
 7.0030e-01  1.0337e-04
 7.0200e-01  9.5335e-05
 7.0370e-01  1.1645e-04
 7.0540e-01  1.3913e-04
 7.0710e-01  1.3849e-04
 7.0880e-01  1.7053e-04
 7.1050e-01  1.2101e-04
 7.1230e-01  1.4518e-04
 7.1400e-01  2.0502e-04
 7.1570e-01  2.0087e-04
 7.1740e-01  2.4317e-04
 7.1920e-01  1.5534e-04
 7.2090e-01  2.5557e-04
 7.2260e-01  1.9204e-04
 7.2440e-01  1.4206e-04
 7.2610e-01  1.2356e-04
 7.2790e-01  1.3084e-04
 7.2960e-01  1.6089e-04
 7.3140e-01  1.4111e-04
 7.3310e-01  2.3126e-04
 7.3490e-01  3.3081e-04
 7.3670e-01  3.3348e-04
 7.3840e-01  3.1597e-04
 7.4020e-01  3.0699e-04
 7.5000e-01  1.0000e+05
 8.2750e-01  2.7899e-04
 8.2940e-01  6.6362e-04
 8.3140e-01  5.8350e-04
 8.3330e-01  5.1627e-04
 8.3530e-01  3.6934e-04
 8.3720e-01  2.4089e-04
 8.3920e-01  2.2788e-04
 8.4110e-01  2.4610e-04
 8.4310e-01  2.1500e-04
 8.4500e-01  2.3953e-04
 8.4700e-01  5.5051e-04
 8.4890e-01  6.2122e-04
 8.5090e-01  6.3921e-04
 8.5290e-01  5.2595e-04
 8.5490e-01  3.8592e-04
 8.5680e-01  4.0478e-04
 8.5880e-01  4.7995e-04
 8.6080e-01  4.2359e-04
 8.6280e-01  4.4595e-04
 8.6480e-01  3.3162e-04
 8.6680e-01  5.0754e-04
 8.6880e-01  5.2085e-04
 8.7080e-01  5.9693e-04
 8.7280e-01  5.0506e-04
 8.7480e-01  3.8439e-04
 8.7680e-01  4.6600e-04
 8.7890e-01  2.7051e-04
 8.8090e-01  4.7897e-04
 8.8290e-01  3.3733e-04
 8.8490e-01  3.3775e-04
 8.8700e-01  3.5461e-04
 8.8900e-01  4.6899e-04
 8.9100e-01  4.2907e-04
 8.9310e-01  4.8716e-04
 8.9510e-01  5.2063e-04
 8.9720e-01  3.3184e-04
 8.9920e-01  3.5188e-04
 9.0130e-01  4.5807e-04
 9.0330e-01  2.7131e-04
 9.0540e-01  5.5555e-04
 9.0750e-01  7.2113e-04
 9.0960e-01  8.6141e-04
 9.1160e-01  5.8947e-04
 9.1370e-01  5.1311e-04
 9.1580e-01  2.8723e-04
 9.1790e-01  2.1555e-04
 9.2000e-01  6.0547e-04
 9.2210e-01  8.4167e-04
 9.2420e-01  9.2893e-04
 9.2630e-01  6.2008e-04
 9.2840e-01  6.4277e-04
 9.3050e-01  2.6997e-04
 9.3260e-01  1.7877e-04
 9.3470e-01  5.9489e-04
 9.3680e-01  5.7295e-04
 9.3890e-01  2.2130e-04
 9.4110e-01  5.8285e-04
 9.4320e-01  9.7173e-04
 9.4530e-01  1.1179e-03
 9.4750e-01  1.0252e-03
 9.4960e-01  8.8042e-04
 9.5180e-01  5.1830e-04
 9.5390e-01  3.1808e-04
 9.5610e-01  7.7976e-04
 9.5820e-01  8.5090e-04
 9.6000e-01  1.0000e+05
 1.1620e+00  1.1323e-03
 1.1650e+00  1.1622e-03
 1.1670e+00  1.2529e-03
 1.1700e+00  1.1812e-03
 1.1720e+00  1.1464e-03
 1.1750e+00  1.2884e-03
 1.1780e+00  1.5268e-03
 1.1800e+00  1.4196e-03
 1.1830e+00  1.1838e-03
 1.1850e+00  8.0787e-04
 1.1880e+00  8.1707e-04
 1.1900e+00  1.3370e-03
 1.1930e+00  1.3817e-03
 1.1950e+00  1.5174e-03
 1.1980e+00  1.5365e-03
 1.2000e+00  1.4702e-03
 1.2030e+00  1.2564e-03
 1.2060e+00  1.0154e-03
 1.2080e+00  8.5886e-04
 1.2110e+00  8.4703e-04
 1.2130e+00  1.1434e-03
 1.2160e+00  8.5121e-04
 1.2190e+00  8.0733e-04
 1.2210e+00  8.4484e-04
 1.2240e+00  1.0923e-03
 1.2260e+00  1.2882e-03
 1.2290e+00  1.1492e-03
 1.2320e+00  1.3612e-03
 1.2340e+00  9.9623e-04
 1.2370e+00  1.5480e-03
 1.2400e+00  1.3962e-03
 1.2420e+00  1.4400e-03
 1.2450e+00  1.5332e-03
 1.2470e+00  1.5837e-03
 1.2500e+00  1.6433e-03
 1.2530e+00  1.6867e-03
 1.2550e+00  1.6565e-03
 1.2580e+00  1.6020e-03
 1.2610e+00  1.6079e-03
 1.2630e+00  1.1203e-03
 1.2660e+00  9.5606e-04
 1.2690e+00  8.4098e-04
 1.2710e+00  7.3683e-04
 1.2740e+00  6.4122e-04
 1.2770e+00  8.4384e-04
 1.2800e+00  1.1598e-03
 1.2820e+00  1.3967e-03
 1.2850e+00  1.6046e-03
 1.2880e+00  1.7852e-03
 1.2900e+00  1.6345e-03
 1.2930e+00  1.4790e-03
 1.2960e+00  1.0638e-03
 1.2990e+00  7.2969e-04
 1.3010e+00  8.2917e-04
 1.3040e+00  1.6734e-03
 1.3070e+00  1.5743e-03
 1.3100e+00  1.4285e-03
 1.3120e+00  1.3538e-03
 1.3150e+00  1.5317e-03
 1.3180e+00  8.4006e-04
 1.3210e+00  8.1850e-04
 1.3230e+00  7.6655e-04
 1.3260e+00  6.1252e-04
 1.3290e+00  6.9889e-04
 1.3320e+00  8.0583e-04
 1.3350e+00  8.3111e-04
 1.3370e+00  9.3537e-04
 1.3400e+00  1.0105e-03
 1.3430e+00  1.1477e-03
 1.3460e+00  9.7169e-04
 1.3490e+00  1.4405e-03
 1.3510e+00  1.7999e-03
 1.3540e+00  1.2198e-03
 1.3570e+00  1.1101e-03
 1.3600e+00  1.1185e-03
 1.3630e+00  1.4578e-03
 1.3660e+00  1.1821e-03
 1.3680e+00  1.1368e-03
 1.3710e+00  1.6490e-03
 1.3740e+00  1.4626e-03
 1.3770e+00  1.8444e-03
 1.3800e+00  1.8701e-03
 1.3830e+00  7.2872e-04
 1.3860e+00  7.6186e-04
 1.3890e+00  7.7628e-04
 1.3910e+00  9.9858e-04
 1.3940e+00  1.1266e-03
 1.3970e+00  1.5186e-03
 1.4000e+00  1.6897e-03
 1.4030e+00  1.8367e-03
 1.4060e+00  1.8396e-03
 1.4090e+00  1.8493e-03
 1.4120e+00  1.1762e-03
 1.4150e+00  9.3363e-04
 1.4180e+00  9.8012e-04
 1.4210e+00  7.7365e-04
 1.4230e+00  1.3097e-03
 1.4260e+00  8.5847e-04
 1.4290e+00  1.1635e-03
 1.4320e+00  1.1398e-03
 1.4350e+00  1.2871e-03
 1.4380e+00  1.2490e-03
 1.4410e+00  1.1023e-03
 1.4440e+00  1.1412e-03
 1.4470e+00  1.0254e-03
 1.4500e+00  1.1158e-03
 1.4530e+00  1.4460e-03
 1.4560e+00  1.5344e-03
 1.4590e+00  1.8350e-03
 1.4620e+00  2.0402e-03
 1.4650e+00  1.9370e-03
 1.4680e+00  2.0373e-03
 1.4710e+00  1.4430e-03
 1.4740e+00  1.3005e-03
 1.4770e+00  1.5062e-03
 1.4800e+00  1.3108e-03
 1.4830e+00  1.5145e-03
 1.4860e+00  1.4366e-03
 1.4890e+00  1.0583e-03
 1.4920e+00  1.1845e-03
 1.4960e+00  1.2772e-03
 1.4990e+00  1.6684e-03
 1.5020e+00  1.7064e-03
 1.5050e+00  1.6523e-03
 1.5080e+00  1.6085e-03
 1.5110e+00  1.7667e-03
 1.5140e+00  1.6241e-03
 1.5170e+00  1.2824e-03
 1.5200e+00  9.6469e-04
 1.5230e+00  9.2888e-04
 1.5260e+00  9.6356e-04
 1.5300e+00  9.9004e-04
 1.5330e+00  1.1210e-03
 1.5360e+00  1.1138e-03
 1.5390e+00  1.3890e-03
 1.5420e+00  2.0074e-03
 1.5450e+00  2.2457e-03
 1.5480e+00  1.8733e-03
 1.5510e+00  1.9593e-03
 1.5550e+00  1.4742e-03
 1.5580e+00  1.5288e-03
 1.5610e+00  1.9061e-03
 1.5640e+00  1.8529e-03
 1.5670e+00  1.8136e-03
 1.5700e+00  1.5465e-03
 1.5740e+00  1.3846e-03
 1.5770e+00  1.1721e-03
 1.5800e+00  1.0830e-03
 1.5830e+00  1.1958e-03
 1.5860e+00  2.0366e-03
 1.5900e+00  1.1984e-03
 1.5930e+00  1.4601e-03
 1.5960e+00  2.2810e-03
 1.5990e+00  2.3920e-03
 1.6030e+00  2.6149e-03
 1.6060e+00  1.9418e-03
 1.6090e+00  1.6969e-03
 1.6120e+00  1.7307e-03
 1.6160e+00  1.7777e-03
 1.6190e+00  1.8741e-03
 1.6220e+00  2.0633e-03
 1.6250e+00  1.3852e-03
 1.6290e+00  1.8345e-03
 1.6320e+00  1.7785e-03
 1.6350e+00  1.9562e-03
 1.6390e+00  1.6384e-03
 1.6420e+00  1.5160e-03
 1.6450e+00  1.3981e-03
 1.6480e+00  1.3503e-03
 1.6520e+00  1.2179e-03
 1.6550e+00  1.1782e-03
 1.6580e+00  1.4200e-03
 1.6620e+00  1.7232e-03
 1.6650e+00  1.3490e-03
 1.6680e+00  2.9661e-03
 1.6720e+00  2.1722e-03
 1.6750e+00  2.6686e-03
 1.6790e+00  2.4399e-03
 1.6820e+00  1.8509e-03
 1.6850e+00  2.0413e-03
 1.6890e+00  1.7645e-03
 1.6920e+00  1.2961e-03
 1.6950e+00  1.0531e-03
 1.6990e+00  1.8625e-03
 1.7020e+00  1.5885e-03
 1.7060e+00  1.3552e-03
 1.7090e+00  1.2741e-03
 1.7120e+00  1.1299e-03
 1.7160e+00  1.5377e-03
 1.7190e+00  1.7608e-03
 1.7230e+00  1.4882e-03
 1.7260e+00  1.6599e-03
 1.7300e+00  2.1281e-03
 1.7330e+00  2.1872e-03
 1.7370e+00  2.5602e-03
 1.7400e+00  2.5124e-03
 1.7430e+00  1.0279e-03
 1.7470e+00  7.7953e-04
 1.7500e+00  7.2357e-04
 1.7540e+00  8.1039e-04
 1.7570e+00  2.4779e-03
 1.7610e+00  2.5955e-03
 1.7640e+00  2.6270e-03
 1.7680e+00  2.7421e-03
 1.7710e+00  2.2969e-03
 1.7750e+00  1.9256e-03
 1.7780e+00  1.2025e-03
 1.7820e+00  9.9285e-04
 1.7860e+00  1.0684e-03
 1.7890e+00  1.1007e-03
 1.7930e+00  1.2305e-03
 1.7960e+00  1.7428e-03
 1.8000e+00  1.5291e-03
 1.8030e+00  1.5944e-03
 1.8070e+00  1.6664e-03
 1.8100e+00  1.2934e-03
 1.8140e+00  1.0497e-03
 1.8180e+00  9.5652e-04
 1.8210e+00  1.1496e-03
 1.8250e+00  1.6565e-03
 1.8280e+00  2.2423e-03
 1.8320e+00  2.2733e-03
 1.8360e+00  1.8963e-03
 1.8390e+00  1.6580e-03
 1.8430e+00  1.2537e-03
 1.8470e+00  1.2809e-03
 1.8500e+00  1.6216e-03
 1.8540e+00  1.9072e-03
 1.8570e+00  2.0071e-03
 1.8610e+00  1.5832e-03
 1.8650e+00  1.4528e-03
 1.8680e+00  1.6696e-03
 1.8720e+00  1.7460e-03
 1.8760e+00  1.6692e-03
 1.8800e+00  1.7532e-03
 1.8830e+00  1.5439e-03
 1.8870e+00  1.4355e-03
 1.8910e+00  1.1973e-03
 1.8940e+00  1.4139e-03
 1.8980e+00  1.0949e-03
 1.9020e+00  2.0454e-03
 1.9060e+00  2.2722e-03
 1.9090e+00  2.2510e-03
 1.9130e+00  2.3828e-03
 1.9170e+00  2.1694e-03
 1.9210e+00  2.2695e-03
 1.9240e+00  2.2999e-03
 1.9280e+00  2.1953e-03
 1.9320e+00  2.1735e-03
 1.9360e+00  2.0109e-03
 1.9390e+00  2.1537e-03
 1.9430e+00  1.5637e-03
 1.9470e+00  1.4346e-03
 1.9510e+00  1.6428e-03
 1.9550e+00  1.7269e-03
 1.9580e+00  1.7483e-03
 1.9620e+00  1.8065e-03
 1.9660e+00  2.0342e-03
 1.9700e+00  1.6815e-03
 1.9740e+00  1.6494e-03
 1.9780e+00  1.8651e-03
 1.9820e+00  1.6839e-03
 1.9850e+00  1.4829e-03
 1.9890e+00  1.0974e-03
 1.9930e+00  1.7583e-03
 1.9970e+00  1.2979e-03
 2.0010e+00  1.7322e-03
 2.0050e+00  1.6971e-03
 2.0090e+00  1.5878e-03
 2.0130e+00  1.2466e-03
 2.0170e+00  1.2594e-03
 2.0200e+00  1.5993e-03
 2.0240e+00  2.2812e-03
 2.0280e+00  1.5666e-03
 2.0320e+00  2.0782e-03
 2.0360e+00  1.9949e-03
 2.0400e+00  1.7911e-03
 2.0440e+00  1.3325e-03
 2.0480e+00  1.1977e-03
 2.0520e+00  1.5868e-03
 2.0560e+00  1.7515e-03
 2.0600e+00  1.9723e-03
 2.0640e+00  2.0449e-03
 2.0680e+00  1.6462e-03
 2.0720e+00  1.8434e-03
 2.0760e+00  1.3968e-03
 2.0800e+00  1.3682e-03
 2.0840e+00  1.6342e-03
 2.0880e+00  1.3148e-03
 2.0920e+00  2.0819e-03
 2.0960e+00  1.0381e-03
 2.1000e+00  1.3951e-03
 2.1040e+00  1.3976e-03
 2.1080e+00  1.2684e-03
 2.1120e+00  1.9257e-03
 2.1170e+00  1.5765e-03
 2.1210e+00  2.3652e-03
 2.1250e+00  2.4613e-03
 2.1290e+00  2.4131e-03
 2.1330e+00  2.2522e-03
 2.1370e+00  1.5321e-03
 2.1410e+00  1.6371e-03
 2.1450e+00  1.5799e-03
 2.1490e+00  1.7990e-03
 2.1540e+00  2.1453e-03
 2.1580e+00  2.7626e-03
 2.1620e+00  1.9338e-03
 2.1660e+00  1.0401e-03
 2.1700e+00  1.0819e-03
 2.1740e+00  1.0605e-03
 2.1780e+00  1.2647e-03
 2.1830e+00  1.4731e-03
 2.1870e+00  2.2692e-03
 2.1910e+00  2.5751e-03
 2.1950e+00  2.6644e-03
 2.1990e+00  2.5827e-03
 2.2040e+00  2.4140e-03
 2.2080e+00  2.2039e-03
 2.2120e+00  1.2214e-03
 2.2160e+00  1.5569e-03
 2.2210e+00  1.5621e-03
 2.2250e+00  1.3481e-03
 2.2290e+00  1.3675e-03
 2.2330e+00  1.4298e-03
 2.2380e+00  1.4996e-03
 2.2420e+00  1.5372e-03
 2.2460e+00  1.3597e-03
 2.2510e+00  1.3155e-03
 2.2550e+00  1.9234e-03
 2.2590e+00  2.0218e-03
 2.2640e+00  2.1345e-03
 2.2680e+00  1.9660e-03
 2.2720e+00  1.9308e-03
 2.2770e+00  2.3637e-03
 2.2810e+00  1.6249e-03
 2.2850e+00  1.4953e-03
 2.2900e+00  2.3310e-03
 2.2940e+00  2.1520e-03
 2.2980e+00  2.0717e-03
 2.3030e+00  1.8566e-03
 2.3070e+00  1.3629e-03
 2.3110e+00  1.2002e-03
 2.3160e+00  1.2533e-03
 2.3200e+00  1.1803e-03
 2.3250e+00  1.2540e-03
 2.3290e+00  1.1647e-03
 2.3340e+00  1.3032e-03
 2.3380e+00  2.1969e-03
 2.3420e+00  1.5634e-03
 2.3470e+00  1.9805e-03
 2.3510e+00  1.9182e-03
 2.3560e+00  1.3432e-03
 2.3600e+00  1.0704e-03
 2.3650e+00  1.9530e-03
 2.3690e+00  1.4881e-03
 2.3740e+00  1.9114e-03
 2.3780e+00  2.1394e-03
 2.3830e+00  2.2118e-03
 2.3870e+00  2.1858e-03
 2.3920e+00  2.1108e-03
 2.3960e+00  2.1145e-03
 2.4010e+00  1.6924e-03
 2.4050e+00  2.0718e-03
 2.4100e+00  2.7916e-03
 2.4150e+00  1.8153e-03
 2.4190e+00  1.6262e-03
 2.4240e+00  1.2849e-03
 2.4280e+00  1.2848e-03
 2.4330e+00  1.6534e-03
 2.4380e+00  1.3646e-03
 2.4420e+00  2.4689e-03
 2.4470e+00  2.9880e-03
 2.4510e+00  2.0131e-03
 2.4560e+00  1.7943e-03
 2.4610e+00  1.5262e-03
 2.4650e+00  1.9353e-03
 2.4700e+00  1.3333e-03
 2.4750e+00  1.6078e-03
 2.4790e+00  1.7528e-03
 2.4840e+00  1.9248e-03
 2.4890e+00  1.6918e-03
 2.4930e+00  1.7759e-03
 2.4980e+00  1.6917e-03
 2.5030e+00  1.8523e-03
 2.5070e+00  1.8496e-03
 2.5120e+00  2.4191e-03
 2.5170e+00  2.5652e-03
 2.5220e+00  2.5522e-03
 2.5260e+00  2.4746e-03
 2.5310e+00  2.1550e-03
 2.5360e+00  1.8236e-03
 2.5410e+00  1.9038e-03
 2.5450e+00  1.3589e-03
 2.5500e+00  1.5776e-03
 2.5550e+00  1.2810e-03
 2.5600e+00  1.9114e-03
 2.5650e+00  1.6331e-03
 2.5690e+00  1.6641e-03
 2.5740e+00  1.9501e-03
 2.5790e+00  2.3421e-03
 2.5840e+00  2.4909e-03
 2.5890e+00  2.0471e-03
 2.5940e+00  1.3120e-03
 2.5980e+00  1.3819e-03
 2.6030e+00  2.2591e-03
 2.6080e+00  1.9719e-03
 2.6130e+00  2.3291e-03
 2.6180e+00  1.9060e-03
 2.6230e+00  2.2268e-03
 2.6280e+00  1.1914e-03
 2.6330e+00  1.2716e-03
 2.6380e+00  2.2254e-03
 2.6430e+00  1.3364e-03
 2.6480e+00  1.4943e-03
 2.6520e+00  1.5085e-03
 2.6570e+00  2.1838e-03
 2.6620e+00  2.4012e-03
 2.6670e+00  2.7685e-03
 2.6720e+00  2.7929e-03
 2.6770e+00  2.8149e-03
 2.6820e+00  2.3557e-03
 2.6870e+00  2.5264e-03
 2.6920e+00  2.3233e-03
 2.6970e+00  1.6751e-03
 2.9000e+00  1.0000e+05
 3.3000e+00  1.8451e-03
 3.3070e+00  1.9204e-03
 3.3140e+00  2.7547e-03
 3.3210e+00  2.7923e-03
 3.3290e+00  2.6275e-03
 3.3360e+00  2.0177e-03
 3.3440e+00  1.7517e-03
 3.3510e+00  1.7011e-03
 3.3580e+00  1.7918e-03
 3.3660e+00  2.2395e-03
 3.3730e+00  1.9319e-03
 3.3810e+00  1.7451e-03
 3.3880e+00  1.6543e-03
 3.3950e+00  2.2474e-03
 3.4030e+00  2.9806e-03
 3.4100e+00  2.8249e-03
 3.4180e+00  2.8079e-03
 3.4250e+00  2.7404e-03
 3.4330e+00  2.9623e-03
 3.4400e+00  1.8568e-03
 3.4480e+00  1.3974e-03
 3.4560e+00  1.2174e-03
 3.4630e+00  1.1890e-03
 3.4710e+00  2.5482e-03
 3.4780e+00  2.6701e-03
 3.4860e+00  2.5393e-03
 3.4940e+00  2.8520e-03
 3.5010e+00  3.0103e-03
 3.5090e+00  3.0712e-03
 3.5170e+00  2.9168e-03
 3.5240e+00  2.7286e-03
 3.5320e+00  3.3591e-03
 3.6000e+00  1.0000e+05
 3.9340e+00  3.2775e-03
 3.9430e+00  2.2418e-03
 3.9510e+00  2.0398e-03
 3.9600e+00  1.8732e-03
 3.9680e+00  2.5485e-03
 3.9770e+00  1.9882e-03
 3.9850e+00  1.5657e-03
 3.9940e+00  1.6584e-03
 4.0030e+00  2.0033e-03
 4.0110e+00  3.5839e-03
 4.0200e+00  2.8369e-03
 4.0280e+00  3.0762e-03
 4.0370e+00  3.7836e-03
 4.0460e+00  4.2715e-03
 4.0540e+00  3.5218e-03
 4.0630e+00  3.0344e-03
 4.0720e+00  3.2167e-03
 4.0800e+00  2.5682e-03
 4.0890e+00  2.3001e-03
 4.0980e+00  2.2481e-03
 4.1060e+00  2.2329e-03
 4.1150e+00  2.9645e-03
 4.1240e+00  4.2548e-03
 4.1330e+00  3.2252e-03
 4.1420e+00  1.3768e-03
 4.1510e+00  1.1988e-03
 4.1590e+00  1.1942e-03
 4.1680e+00  1.2043e-03
 4.1770e+00  1.2390e-03
 4.1860e+00  2.3412e-03
 4.1950e+00  2.9409e-03
 4.2040e+00  2.4909e-03
 4.2130e+00  2.5014e-03
 4.2220e+00  2.5300e-03
 4.2310e+00  2.1559e-03
 4.2400e+00  2.0863e-03
 4.2490e+00  2.9711e-03
 4.2580e+00  2.0135e-03
 4.2670e+00  2.2309e-03
 4.2760e+00  2.0639e-03
 4.2850e+00  2.1047e-03
 4.2940e+00  2.1798e-03
 4.3030e+00  2.2923e-03
 4.3120e+00  2.5799e-03
 4.3220e+00  2.9071e-03
 4.3310e+00  2.6637e-03
 4.3400e+00  2.5736e-03
 4.3490e+00  1.4832e-03
 4.3580e+00  1.2511e-03
 4.3680e+00  1.4524e-03
 4.3770e+00  2.0962e-03
 4.3860e+00  1.9988e-03
 4.3950e+00  1.9247e-03
 4.4050e+00  2.6772e-03
 4.4140e+00  2.9024e-03
 4.4230e+00  2.8801e-03
 4.4330e+00  2.9995e-03
 4.4420e+00  2.9702e-03
 4.4520e+00  3.2859e-03
 4.4610e+00  2.8967e-03
 4.4700e+00  3.0198e-03
 4.4800e+00  2.0092e-03
 4.4890e+00  1.8505e-03
 4.4990e+00  1.7254e-03
 4.5080e+00  2.5399e-03
 4.5180e+00  2.4186e-03
 4.5270e+00  2.6675e-03
 4.5370e+00  2.2486e-03
 4.5470e+00  2.9549e-03
 4.5560e+00  2.5733e-03
 4.5660e+00  2.7196e-03
 4.5750e+00  2.8329e-03
 4.5850e+00  1.9498e-03
 4.5950e+00  1.6314e-03
 4.6040e+00  1.1498e-03
 4.6140e+00  1.1529e-03
 4.6240e+00  1.6344e-03
 4.6340e+00  1.6815e-03
 4.6430e+00  2.1587e-03
 4.6530e+00  2.2031e-03
 4.6630e+00  2.2659e-03
 4.6730e+00  2.4250e-03
 4.6830e+00  2.4696e-03
 4.6920e+00  2.5188e-03
 4.7020e+00  2.1286e-03
 4.7120e+00  1.4760e-03
 4.7220e+00  1.9999e-03
 4.7320e+00  2.1171e-03
 4.7420e+00  2.6855e-03
 4.7520e+00  2.9548e-03
 4.7620e+00  3.2972e-03
 4.7720e+00  3.3841e-03
 4.7820e+00  3.5382e-03
 4.7920e+00  2.9668e-03
 4.8020e+00  1.3893e-03
 4.8120e+00  1.2053e-03
 4.8220e+00  1.2442e-03
 4.8330e+00  1.6133e-03
 4.8430e+00  2.0247e-03
 4.8530e+00  3.4481e-03
 4.8630e+00  2.9982e-03
 4.8730e+00  2.8699e-03
 4.8830e+00  2.8129e-03
 4.8940e+00  2.4063e-03
 4.9040e+00  2.2348e-03
 4.9140e+00  1.6101e-03
 4.9250e+00  1.6485e-03
 4.9350e+00  1.5786e-03
 4.9450e+00  1.5048e-03
 4.9560e+00  1.6785e-03
 4.9660e+00  1.9604e-03
 4.9760e+00  1.9939e-03
 4.9870e+00  1.6118e-03
 4.9970e+00  1.5911e-03
 5.0080e+00  1.3464e-03
 5.0180e+00  1.5608e-03
 5.0290e+00  1.8814e-03
 5.0390e+00  1.7511e-03
 5.0500e+00  2.2763e-03
 5.0600e+00  2.7620e-03
 5.0710e+00  2.4207e-03
 5.0820e+00  1.6930e-03
 5.0920e+00  1.4072e-03
 5.1030e+00  2.0952e-03
 5.1140e+00  1.8179e-03
 5.1240e+00  1.6842e-03
 5.1350e+00  1.7889e-03
 5.1460e+00  2.7438e-03
 5.1570e+00  2.3054e-03
 5.1670e+00  2.6521e-03
 5.1780e+00  2.5968e-03
 5.1890e+00  1.9089e-03
 5.2000e+00  2.1845e-03
 5.2110e+00  2.1833e-03
 5.2220e+00  2.2879e-03
 5.2320e+00  2.4746e-03
 5.2430e+00  2.5574e-03
 5.2540e+00  2.6271e-03
 5.2650e+00  2.5067e-03
 5.2760e+00  2.4102e-03
 5.2870e+00  1.8961e-03
 5.2980e+00  2.1018e-03
 5.3090e+00  1.9789e-03
 5.3210e+00  2.2305e-03
 5.3320e+00  1.7032e-03
 5.3430e+00  1.6007e-03
 5.3540e+00  1.6670e-03
 5.3650e+00  1.7944e-03
 5.3760e+00  2.2277e-03
 5.3880e+00  2.4297e-03
 5.3990e+00  2.3345e-03
 5.4100e+00  2.2840e-03
 5.4210e+00  1.2731e-03
 5.4330e+00  1.4380e-03
 5.4440e+00  2.7614e-03
 5.4550e+00  2.7528e-03
 5.4670e+00  2.5026e-03
 5.4780e+00  2.2101e-03
 5.4900e+00  1.7828e-03
 5.5010e+00  1.3919e-03
 5.5120e+00  1.2944e-03
 5.5240e+00  1.5313e-03
 5.5350e+00  1.4832e-03
 5.5470e+00  1.6479e-03
 5.5590e+00  1.9040e-03
 5.5700e+00  2.0003e-03
 5.5820e+00  1.9316e-03
 5.5930e+00  2.1746e-03
 5.6050e+00  2.2081e-03
 5.6170e+00  2.1634e-03
 5.6280e+00  2.5929e-03
 5.6400e+00  2.5410e-03
 5.6520e+00  2.6587e-03
 5.6640e+00  2.2981e-03
 5.6750e+00  2.7705e-03
 5.6870e+00  1.9563e-03
 5.6990e+00  2.8030e-03
 5.7110e+00  1.7423e-03
 5.7230e+00  2.8062e-03
 5.7350e+00  2.8544e-03
 5.7470e+00  2.7052e-03
 5.7590e+00  3.2784e-03
 5.7710e+00  2.5764e-03
 5.7830e+00  2.5366e-03
 5.7950e+00  1.7887e-03
 5.8070e+00  2.2036e-03
 5.8190e+00  2.1722e-03
 5.8310e+00  2.0097e-03
 5.8430e+00  1.9762e-03
 5.8550e+00  2.1191e-03
 5.8670e+00  1.9111e-03
 5.8800e+00  1.6983e-03
 5.8920e+00  1.2921e-03
 5.9040e+00  1.4675e-03
 5.9160e+00  1.5155e-03
 5.9290e+00  1.4434e-03
 5.9410e+00  1.3616e-03
 5.9530e+00  1.2786e-03
 5.9660e+00  1.4205e-03
 5.9780e+00  2.5644e-03
 5.9910e+00  2.7530e-03
 6.0030e+00  2.3983e-03
 6.0150e+00  2.1689e-03
 6.0280e+00  1.9009e-03
 6.0410e+00  1.9032e-03
 6.0530e+00  1.9730e-03
 6.0660e+00  1.6100e-03
 6.0780e+00  2.2996e-03
 6.0910e+00  1.3876e-03
 6.1040e+00  1.4477e-03
 6.1160e+00  1.8850e-03
 6.1290e+00  2.2837e-03
 6.1420e+00  3.2798e-03
 6.1540e+00  3.3577e-03
 6.1670e+00  3.2663e-03
 6.1800e+00  2.1141e-03
 6.1930e+00  2.3424e-03
 6.2060e+00  2.0781e-03
 6.2190e+00  1.2564e-03
 6.2320e+00  2.2929e-03
 6.2450e+00  2.1741e-03
 6.2580e+00  1.4041e-03
 6.2710e+00  1.7271e-03
 6.2840e+00  1.8437e-03
 6.2970e+00  2.4586e-03
 6.3100e+00  2.2759e-03
 6.3230e+00  2.2878e-03
 6.3360e+00  1.9060e-03
 6.3490e+00  1.6117e-03
 6.3620e+00  1.9238e-03
 6.3760e+00  2.0318e-03
 6.3890e+00  2.4702e-03
 6.4020e+00  1.0482e-03
 6.4150e+00  1.0178e-03
 6.4290e+00  1.5502e-03
 6.4420e+00  1.8588e-03
 6.4560e+00  2.1578e-03
 6.4690e+00  2.4543e-03
 6.4820e+00  3.1602e-03
 6.4960e+00  3.2348e-03
 6.5090e+00  2.5083e-03
 6.5230e+00  2.2896e-03
 6.5360e+00  1.6196e-03
 6.5500e+00  1.3735e-03
 6.5640e+00  1.2030e-03
 6.5770e+00  1.4563e-03
 6.5910e+00  1.6195e-03
 6.6050e+00  1.3241e-03
 6.6180e+00  2.8392e-03
 6.6320e+00  2.3205e-03
 6.6460e+00  2.3348e-03
 6.6600e+00  1.5665e-03
 6.6740e+00  1.3841e-03
 6.6870e+00  1.2232e-03
 6.7010e+00  1.2616e-03
 6.7150e+00  1.1812e-03
 6.7290e+00  2.0130e-03
 6.7430e+00  2.2002e-03
 6.7570e+00  1.5112e-03
 6.7710e+00  1.5123e-03
 6.7850e+00  1.2519e-03
 6.8000e+00  1.1870e-03
 6.8140e+00  1.1207e-03
 6.8280e+00  1.8614e-03
 6.8420e+00  2.2792e-03
 6.8560e+00  2.5132e-03
 6.8710e+00  2.5443e-03
 6.8850e+00  2.7398e-03
 6.8990e+00  2.6845e-03
 6.9130e+00  2.3642e-03
 6.9280e+00  2.1073e-03
 6.9420e+00  1.3536e-03
 6.9570e+00  1.4892e-03
 6.9710e+00  2.1673e-03
 6.9860e+00  2.5477e-03
 7.0000e+00  3.2784e-03
 7.0150e+00  2.9962e-03
 7.0290e+00  1.6368e-03
 7.0440e+00  1.3572e-03
 7.0590e+00  1.3595e-03
 7.0730e+00  1.0193e-03
 7.0880e+00  1.0514e-03
 7.1030e+00  1.6451e-03
 7.1180e+00  2.8809e-03
 7.1320e+00  3.3907e-03
 7.1470e+00  3.6845e-03
 7.1620e+00  2.4477e-03
 7.1770e+00  1.4458e-03
 7.1920e+00  1.4733e-03
 7.2070e+00  8.9789e-04
 7.2220e+00  1.9183e-03
 7.2370e+00  2.1560e-03
 7.2520e+00  2.8494e-03
 7.2670e+00  2.8673e-03
 7.2820e+00  2.4581e-03
 7.2980e+00  2.2471e-03
 7.3130e+00  2.3958e-03
 7.3280e+00  1.1237e-03
 7.3430e+00  2.2217e-03
 7.3590e+00  2.4603e-03
 7.3740e+00  2.7148e-03
 7.3890e+00  2.5516e-03
 7.4050e+00  2.6918e-03
 7.4200e+00  2.4854e-03
 7.4360e+00  1.9997e-03
 7.4510e+00  1.5823e-03
 7.4670e+00  1.3615e-03
 7.4820e+00  1.1030e-03
 7.4980e+00  1.1657e-03
 7.5130e+00  1.2211e-03
 7.5290e+00  1.7837e-03
 7.5450e+00  4.2282e-03
 7.5610e+00  2.0007e-03
 7.5760e+00  1.5810e-03
 7.5920e+00  1.3074e-03
 7.6080e+00  1.0122e-03
 7.6240e+00  1.6120e-03
 7.6400e+00  1.8950e-03
 7.6560e+00  2.7528e-03
 7.6720e+00  2.9170e-03
 7.6880e+00  2.7106e-03
 7.7040e+00  2.5450e-03
 7.7200e+00  2.1841e-03
 7.7360e+00  1.1538e-03
 7.7520e+00  1.2761e-03
 7.7680e+00  1.3121e-03
 7.7850e+00  1.4200e-03
 7.8010e+00  1.6851e-03
 7.8170e+00  2.3135e-03
 7.8340e+00  1.9321e-03
 7.8500e+00  1.9896e-03
 7.8660e+00  2.0833e-03
 7.8830e+00  2.0137e-03
 7.8990e+00  1.5819e-03
 7.9160e+00  2.1059e-03
 7.9320e+00  2.0435e-03
 7.9490e+00  1.7486e-03
 7.9660e+00  2.0496e-03
 7.9820e+00  1.4211e-03
 7.9990e+00  1.6969e-03
 8.0160e+00  1.4607e-03
 8.0320e+00  2.0604e-03
 8.0490e+00  2.1790e-03
 8.0660e+00  2.1754e-03
 8.0830e+00  1.9571e-03
 8.1000e+00  1.3755e-03
 8.1170e+00  1.5794e-03
 8.1340e+00  1.5134e-03
 8.1510e+00  1.5973e-03
 8.1680e+00  1.6094e-03
 8.1850e+00  1.7833e-03
 8.2020e+00  1.7736e-03
 8.2190e+00  1.8707e-03
 8.2370e+00  1.9174e-03
 8.2540e+00  2.1477e-03
 8.2710e+00  2.2089e-03
 8.2890e+00  2.5638e-03
 8.3060e+00  2.2268e-03
 8.3230e+00  2.1801e-03
 8.3410e+00  1.9403e-03
 8.3580e+00  2.0782e-03
 8.3760e+00  2.2375e-03
 8.3930e+00  2.8371e-03
 8.4110e+00  2.8121e-03
 8.4290e+00  2.7173e-03
 8.4460e+00  2.7795e-03
 8.4640e+00  1.8046e-03
 8.4820e+00  2.1620e-03
 8.5000e+00  1.8383e-03
 8.5180e+00  1.3550e-03
 8.5350e+00  1.3478e-03
 8.5530e+00  1.7148e-03
 8.5710e+00  2.4547e-03
 8.5890e+00  2.7447e-03
 8.6070e+00  2.8058e-03
 8.6260e+00  2.8261e-03
 8.6440e+00  2.8994e-03
 8.6620e+00  2.1416e-03
 8.6800e+00  2.3849e-03
 8.6980e+00  3.4184e-03
 8.7170e+00  4.3502e-03
 8.7350e+00  2.5025e-03
 8.7530e+00  1.0621e-03
 8.7720e+00  7.9615e-04
 8.7900e+00  8.7498e-04
 8.8090e+00  1.0546e-03
 8.8270e+00  3.4389e-03
 9.1000e+00  1.0000e+05
 1.0690e+01  2.0749e-03
 1.0710e+01  3.2800e-03
 1.0740e+01  2.7815e-03
 1.0760e+01  2.0046e-03
 1.0780e+01  1.3452e-03
 1.0810e+01  1.5412e-03
 1.0830e+01  1.7588e-03
 1.0850e+01  2.4095e-03
 1.0880e+01  3.3049e-03
 1.0900e+01  3.6524e-03
 1.0920e+01  3.1930e-03
 1.0950e+01  3.0722e-03
 1.0970e+01  2.5411e-03
 1.0990e+01  1.9043e-03
 1.1020e+01  1.9811e-03
 1.1040e+01  8.2008e-04
 1.1060e+01  2.3051e-03
 1.1090e+01  2.1363e-03
 1.1110e+01  2.3099e-03
 1.1140e+01  2.8556e-03
 1.1160e+01  3.1719e-03
 1.1180e+01  2.9239e-03
 1.1210e+01  2.0517e-03
 1.1230e+01  1.7436e-03
 1.1260e+01  1.6025e-03
 1.1280e+01  1.3897e-03
 1.1310e+01  1.9587e-03
 1.1330e+01  1.8786e-03
 1.1350e+01  1.6045e-03
 1.1380e+01  1.6050e-03
 1.1400e+01  1.2033e-03
 1.1430e+01  1.2395e-03
 1.1450e+01  1.0053e-03
 1.1480e+01  9.9760e-04
 1.1500e+01  2.1917e-03
 1.1530e+01  2.6792e-03
 1.1550e+01  2.4165e-03
 1.1580e+01  2.0413e-03
 1.1600e+01  1.1080e-03
 1.1630e+01  1.5651e-03
 1.1650e+01  9.1381e-04
 1.1680e+01  9.0053e-04
 1.1710e+01  1.0873e-03
 1.1730e+01  1.8200e-03
 1.1760e+01  1.5901e-03
 1.1780e+01  2.3909e-03
 1.1810e+01  2.0165e-03
 1.1830e+01  2.5362e-03
 1.1860e+01  2.3319e-03
 1.1880e+01  1.2238e-03
 1.1910e+01  1.0769e-03
 1.1940e+01  1.0168e-03
 1.1960e+01  1.1387e-03
 1.1990e+01  1.0597e-03
 1.2020e+01  1.1240e-03
 1.2040e+01  1.3336e-03
 1.2070e+01  1.7788e-03
 1.2090e+01  2.3640e-03
 1.2120e+01  2.9280e-03
 1.2150e+01  3.0447e-03
 1.2170e+01  3.4815e-03
 1.2200e+01  2.4208e-03
 1.2230e+01  1.5334e-03
 1.2250e+01  1.0351e-03
 1.2280e+01  1.0323e-03
 1.2310e+01  1.0752e-03
 1.2330e+01  1.3790e-03
 1.2360e+01  1.3434e-03
 1.2390e+01  2.7832e-03
 1.2420e+01  2.5775e-03
 1.2440e+01  2.0929e-03
 1.2470e+01  1.6430e-03
 1.2500e+01  1.2561e-03
 1.2530e+01  1.0463e-03
 1.2550e+01  9.7879e-04
 1.2580e+01  1.4570e-03
 1.2610e+01  1.2309e-03
 1.2640e+01  2.4980e-03
 1.2660e+01  2.2605e-03
 1.2690e+01  1.9649e-03
 1.2720e+01  2.2821e-03
 1.2750e+01  2.1792e-03
 1.2780e+01  2.1499e-03
 1.2800e+01  1.5473e-03
 1.2830e+01  1.1403e-03
 1.2860e+01  1.2460e-03
 1.2890e+01  1.8782e-03
 1.2920e+01  1.2748e-03
 1.2950e+01  1.9967e-03
 1.2980e+01  2.2663e-03
 1.3000e+01  2.4465e-03
 1.3030e+01  2.5103e-03
 1.3060e+01  2.2336e-03
 1.3090e+01  1.7259e-03
 1.3120e+01  1.3867e-03
 1.3150e+01  1.2178e-03
 1.3180e+01  1.2561e-03
 1.3210e+01  1.5519e-03
 1.3240e+01  1.3394e-03
 1.3270e+01  1.3590e-03
 1.3300e+01  1.4488e-03
 1.3320e+01  1.7849e-03
 1.3350e+01  1.7176e-03
 1.3380e+01  1.8073e-03
 1.3410e+01  1.7970e-03
 1.3440e+01  1.5624e-03
 1.3470e+01  1.9791e-03
 1.3500e+01  1.5252e-03
 1.3530e+01  2.3197e-03
 1.3560e+01  2.4070e-03
 1.3590e+01  2.6811e-03
 1.3620e+01  2.8347e-03
 1.3650e+01  2.1923e-03
 1.3690e+01  2.1496e-03
 1.3720e+01  2.2330e-03
 1.3750e+01  1.9630e-03
 1.3780e+01  1.7605e-03
 1.3810e+01  2.1634e-03
 1.3840e+01  1.2950e-03
 1.3870e+01  1.1485e-03
 1.3900e+01  1.3724e-03
 1.3930e+01  1.4258e-03
 1.3960e+01  2.2605e-03
 1.3990e+01  2.7471e-03
 1.4030e+01  2.6694e-03
 1.4060e+01  1.1213e-03
 1.4090e+01  1.0993e-03
 1.4120e+01  1.4254e-03
 1.4150e+01  1.3110e-03
 1.4180e+01  1.2579e-03
 1.4220e+01  1.0763e-03
 1.4250e+01  1.3933e-03
 1.4280e+01  1.2844e-03
 1.4310e+01  1.3675e-03
 1.4340e+01  1.9856e-03
 1.4380e+01  2.3048e-03
 1.4410e+01  2.3155e-03
 1.4440e+01  2.4524e-03
 1.4470e+01  2.7389e-03
 1.4510e+01  2.9240e-03
 1.4540e+01  2.6664e-03
 1.4570e+01  2.8176e-03
 1.4610e+01  2.4780e-03
 1.4640e+01  1.7868e-03
 1.4670e+01  1.5343e-03
 1.4710e+01  1.2695e-03
 1.4740e+01  1.1573e-03
 1.4770e+01  1.6740e-03
 1.4810e+01  2.5289e-03
 1.4840e+01  2.5591e-03
 1.4870e+01  2.4446e-03
 1.4910e+01  1.9496e-03
 1.4940e+01  1.6473e-03
 1.4970e+01  1.1784e-03
 1.5010e+01  1.1783e-03
 1.5040e+01  1.2756e-03
 1.5080e+01  1.4080e-03
 1.5110e+01  1.7081e-03
 1.5150e+01  3.2822e-03
 1.5180e+01  3.5902e-03
 1.5210e+01  2.4936e-03
 1.5250e+01  2.3582e-03
 1.5280e+01  2.0258e-03
 1.5320e+01  9.7801e-04
 1.5350e+01  1.4247e-03
 1.5390e+01  1.4314e-03
 1.5420e+01  1.4824e-03
 1.5460e+01  1.6079e-03
 1.5490e+01  2.5269e-03
 1.5530e+01  2.6615e-03
 1.5570e+01  1.9607e-03
 1.5600e+01  1.4622e-03
 1.5640e+01  1.1323e-03
 1.5670e+01  1.4532e-03
 1.5710e+01  1.7236e-03
 1.5740e+01  1.8165e-03
 1.5780e+01  1.9069e-03
 1.5820e+01  2.3785e-03
 1.5850e+01  2.5746e-03
 1.5890e+01  2.8833e-03
 1.5930e+01  1.5600e-03
 1.5960e+01  2.1349e-03
 1.6000e+01  1.2981e-03
 1.6040e+01  1.3082e-03
 1.6070e+01  2.9301e-03
 1.6110e+01  2.8113e-03
 1.6150e+01  2.6456e-03
 1.6190e+01  2.6341e-03
 1.6220e+01  2.3244e-03
 1.6260e+01  1.9218e-03
 1.6300e+01  1.5324e-03
 1.6340e+01  1.4450e-03
 1.6370e+01  1.4241e-03
 1.6410e+01  1.2059e-03
 1.6450e+01  2.4327e-03
 1.6490e+01  1.8993e-03
 1.6530e+01  3.0728e-03
 1.6560e+01  2.6778e-03
 1.6600e+01  2.9684e-03
 1.6640e+01  2.6312e-03
 1.6680e+01  1.6657e-03
 1.6720e+01  1.4891e-03
 1.6760e+01  7.5103e-04
 1.6800e+01  1.0860e-03
 1.6840e+01  1.5797e-03
 1.6880e+01  1.8298e-03
 1.6910e+01  3.3116e-03
 1.6950e+01  3.4365e-03
 1.6990e+01  2.8631e-03
 1.7030e+01  2.0214e-03
 1.7070e+01  1.5856e-03
 1.7110e+01  9.9073e-04
 1.7150e+01  1.0018e-03
 1.7190e+01  1.0639e-03
 1.7230e+01  1.3176e-03
 1.7270e+01  1.8127e-03
 1.7310e+01  2.9497e-03
 1.7360e+01  3.3770e-03
 1.7400e+01  3.3485e-03
 1.7440e+01  1.7752e-03
 1.7480e+01  1.5421e-03
 1.7520e+01  1.0882e-03
 1.7560e+01  9.3675e-04
 1.7600e+01  1.2917e-03
 1.7640e+01  1.6199e-03
 1.7680e+01  2.8140e-03
 1.7730e+01  2.8497e-03
 1.7770e+01  2.9965e-03
 1.7810e+01  3.0754e-03
 1.7850e+01  3.0311e-03
 1.7890e+01  2.7925e-03
 1.7940e+01  2.4873e-03
 1.7980e+01  1.0492e-03
 1.8020e+01  1.0377e-03
 1.8060e+01  1.6000e-03
 1.8110e+01  1.1852e-03
 1.8150e+01  2.9304e-03
 1.8190e+01  2.0950e-03
 1.8240e+01  2.7865e-03
 1.8280e+01  1.7974e-03
 1.8320e+01  1.6426e-03
 1.8370e+01  1.5667e-03
 1.8410e+01  1.7729e-03
 1.8450e+01  1.5447e-03
 1.8500e+01  2.5147e-03
 1.8540e+01  2.5201e-03
 1.8590e+01  2.5913e-03
 1.8630e+01  1.5701e-03
 1.8680e+01  1.6897e-03
 1.8720e+01  2.0483e-03
 1.8770e+01  2.0905e-03
 1.8810e+01  2.1379e-03
 1.8860e+01  1.3102e-03
 1.8900e+01  1.4119e-03
 1.8950e+01  1.9520e-03
 1.8990e+01  2.3592e-03
 1.9040e+01  3.4998e-03
 1.9080e+01  2.7538e-03
 1.9130e+01  2.4307e-03
 1.9170e+01  2.2902e-03
 1.9220e+01  1.9068e-03
 1.9270e+01  1.5429e-03
 1.9310e+01  1.4813e-03
 1.9360e+01  1.9507e-03
 1.9410e+01  2.0942e-03
 1.9450e+01  2.4557e-03
 1.9500e+01  2.3494e-03
 1.9550e+01  1.7554e-03
 1.9600e+01  1.5384e-03
 1.9640e+01  1.5662e-03
 1.9690e+01  1.5611e-03
 1.9740e+01  1.5861e-03
 1.9790e+01  1.9387e-03
 1.9830e+01  1.9297e-03
 1.9880e+01  1.6470e-03
 1.9930e+01  1.3617e-03
 1.9980e+01  1.4815e-03
 2.0030e+01  1.3237e-03
 2.0080e+01  2.3542e-03
 2.0130e+01  2.4319e-03
 2.0170e+01  2.6966e-03
 2.0220e+01  2.6930e-03
 2.0270e+01  2.6326e-03
 2.0320e+01  2.0615e-03
 2.0370e+01  1.7364e-03
 2.0420e+01  1.7247e-03
 2.0470e+01  2.0408e-03
 2.0520e+01  2.0962e-03
 2.0570e+01  3.0524e-03
 2.0620e+01  2.1782e-03
 2.0670e+01  2.1915e-03
 2.0720e+01  1.9454e-03
 2.0780e+01  2.1707e-03
 2.0830e+01  1.7889e-03
 2.0880e+01  1.7442e-03
 2.0930e+01  1.7535e-03
 2.0980e+01  1.8735e-03
 2.1030e+01  1.6998e-03
 2.1080e+01  2.3521e-03
 2.1140e+01  2.8161e-03
 2.1190e+01  2.6886e-03
 2.1240e+01  2.7164e-03
 2.1290e+01  2.7036e-03
 2.1350e+01  2.8618e-03
 2.1400e+01  2.4401e-03
 2.1450e+01  2.1688e-03
 2.1510e+01  2.0409e-03
 2.1560e+01  1.8947e-03
 2.1610e+01  1.7974e-03
 2.1670e+01  1.6207e-03
 2.1720e+01  2.2157e-03
 2.1780e+01  2.5430e-03
 2.1830e+01  3.3925e-03
 2.1880e+01  3.4044e-03
 2.1940e+01  2.1251e-03
 2.1990e+01  2.2452e-03
 2.2050e+01  2.0884e-03
 2.2100e+01  1.9065e-03
 2.2160e+01  1.3604e-03
 2.2210e+01  2.0149e-03
 2.2270e+01  1.9899e-03
 2.2330e+01  1.9452e-03
 2.2380e+01  1.3030e-03
 2.2440e+01  2.1368e-03
 2.2500e+01  2.6913e-03
 2.2550e+01  1.4770e-03
 2.2610e+01  1.5748e-03
 2.2670e+01  1.4758e-03
 2.2720e+01  1.5603e-03
 2.2780e+01  1.4627e-03
 2.2840e+01  1.8298e-03
 2.2900e+01  1.8167e-03
 2.2950e+01  1.8418e-03
 2.3010e+01  1.6716e-03
 2.3070e+01  2.1246e-03
 2.3130e+01  2.8061e-03
 2.3190e+01  2.7824e-03
 2.3250e+01  2.9516e-03
 2.3310e+01  2.8659e-03
 2.3370e+01  2.2941e-03
 2.3430e+01  2.5729e-03
 2.3490e+01  2.5347e-03
 2.3550e+01  2.6985e-03
 2.3610e+01  2.6695e-03
 2.3670e+01  2.6814e-03
 2.3730e+01  2.5994e-03
 2.3790e+01  2.5612e-03
 2.3850e+01  2.4148e-03
 2.3910e+01  2.2246e-03
 2.3970e+01  2.1322e-03
 2.4030e+01  2.8219e-03
 2.4090e+01  2.0479e-03
 2.4160e+01  1.8341e-03
 2.4220e+01  2.3561e-03
 2.4280e+01  2.0046e-03
 2.4340e+01  1.8897e-03
 2.4410e+01  1.9043e-03
 2.4470e+01  1.9811e-03
 2.4530e+01  2.1691e-03
 2.4600e+01  2.7177e-03
 2.4660e+01  2.4322e-03
 2.4720e+01  2.0119e-03
 2.4790e+01  2.0002e-03
 2.4850e+01  2.4394e-03
 2.4920e+01  2.4065e-03
 2.4980e+01  2.5334e-03
 2.5050e+01  2.7068e-03
 2.5110e+01  3.2942e-03
 2.5180e+01  3.1052e-03
 2.5240e+01  3.0868e-03
 2.5310e+01  2.8729e-03
 2.5380e+01  2.5345e-03
 2.5440e+01  1.2988e-03
 2.5510e+01  1.4579e-03
 2.5580e+01  1.8112e-03
 2.5640e+01  2.3658e-03
 2.5710e+01  2.6901e-03
 2.5780e+01  2.7764e-03
 2.5850e+01  3.9029e-03
 2.5920e+01  2.5307e-03
 2.5980e+01  2.3362e-03
 2.6050e+01  2.2556e-03
 2.6120e+01  2.1935e-03
 2.6190e+01  1.7859e-03
 2.6260e+01  1.7940e-03
 2.6330e+01  1.8497e-03
 2.6400e+01  1.7321e-03
 2.6470e+01  2.8338e-03
 2.6540e+01  2.8975e-03
 2.6610e+01  2.7680e-03
 2.6680e+01  2.8900e-03
 2.6750e+01  1.4822e-03
 2.6830e+01  1.3909e-03
 2.6900e+01  1.3725e-03
 2.6970e+01  1.9448e-03
 2.7040e+01  2.1635e-03
 2.7110e+01  1.8047e-03
 2.7190e+01  3.4611e-03
 2.7260e+01  2.6330e-03
 2.7330e+01  2.7577e-03
 2.7410e+01  3.0919e-03
 2.7480e+01  3.1317e-03
 2.7550e+01  3.0788e-03
 2.7630e+01  2.8974e-03
 2.7700e+01  1.6728e-03
 2.7780e+01  2.4682e-03
 2.7850e+01  2.6632e-03
 2.7930e+01  1.9728e-03
 2.8010e+01  1.9040e-03
 2.8080e+01  1.8351e-03
 2.8160e+01  1.9597e-03
 2.8230e+01  2.1653e-03
 2.8310e+01  2.8695e-03
 2.8390e+01  3.2250e-03
 2.8470e+01  3.3100e-03
 2.8540e+01  2.9586e-03
 2.8620e+01  3.0025e-03
 2.8700e+01  2.9961e-03
 2.8780e+01  2.7073e-03
 2.8860e+01  2.9779e-03
 2.8940e+01  3.0006e-03
 2.9020e+01  3.0684e-03
 2.9100e+01  2.5020e-03
 2.9180e+01  3.5834e-03
 2.9260e+01  3.6485e-03
 2.9340e+01  3.9192e-03
 2.9420e+01  3.2255e-03
 2.9500e+01  3.3052e-03
 2.9580e+01  2.6498e-03
 2.9670e+01  2.3102e-03
 2.9750e+01  1.9945e-03
 2.9830e+01  1.8194e-03
 2.9910e+01  1.8581e-03
 3.0000e+01  1.8358e-03
 3.0080e+01  1.9593e-03
 3.0170e+01  2.4903e-03
 3.0250e+01  2.7134e-03
 3.0340e+01  2.6245e-03
 3.0420e+01  3.8261e-03
 3.0510e+01  2.9566e-03
 3.0590e+01  2.7297e-03
 3.0680e+01  2.1430e-03
 3.0770e+01  1.9293e-03
 3.0850e+01  2.0887e-03
 3.0940e+01  1.9773e-03
 3.1030e+01  1.5976e-03
 3.1110e+01  2.3985e-03
 3.1200e+01  2.6536e-03
 3.1290e+01  3.0375e-03
 3.1380e+01  4.7495e-03
 3.1470e+01  3.9769e-03
 3.1560e+01  1.9847e-03
 3.1650e+01  1.9356e-03
 3.1740e+01  1.7005e-03
 3.1830e+01  1.6833e-03
 3.1920e+01  1.6355e-03
 3.2010e+01  1.7339e-03
 3.2110e+01  1.9133e-03
 3.2200e+01  2.3479e-03
 3.2290e+01  3.1864e-03
 3.2380e+01  3.5787e-03
 3.2480e+01  3.6226e-03
 3.2570e+01  3.4540e-03
 3.2670e+01  1.7729e-03
 3.2760e+01  1.9364e-03
 3.2860e+01  2.5491e-03
 3.2950e+01  2.8921e-03
 3.3050e+01  3.5169e-03
 3.3140e+01  3.5649e-03
 3.3240e+01  3.2699e-03
 3.3340e+01  3.2273e-03
 3.3440e+01  2.4738e-03
 3.3530e+01  1.4955e-03
 3.3630e+01  1.4118e-03
 3.3730e+01  2.0766e-03
 3.3830e+01  2.1912e-03
 3.3930e+01  2.2431e-03
 3.4030e+01  3.2284e-03
 3.4130e+01  3.3522e-03
 3.4230e+01  2.8882e-03
 3.4330e+01  2.8483e-03
 3.4440e+01  2.5638e-03
 3.4540e+01  2.2833e-03
 3.4640e+01  2.4018e-03
 3.4750e+01  3.3024e-03
 3.4850e+01  3.5713e-03
 3.4950e+01  4.3376e-03
 3.5060e+01  3.3681e-03
 3.5160e+01  3.0010e-03
 3.5270e+01  2.1151e-03
 3.5380e+01  3.4176e-03
 3.5480e+01  3.1211e-03
 3.5590e+01  2.3601e-03
 3.5700e+01  3.2556e-03
 3.5800e+01  3.7293e-03
 3.5910e+01  4.1072e-03
 3.6020e+01  4.5744e-03
 3.6130e+01  4.1035e-03
 3.6240e+01  2.9008e-03
 3.6350e+01  2.9927e-03
 3.6460e+01  2.5098e-03
 3.6580e+01  2.3568e-03
 3.6690e+01  3.3709e-03
 3.6800e+01  2.5018e-03
 3.6910e+01  2.7880e-03
 3.7030e+01  3.7038e-03
 3.7140e+01  3.1155e-03
 3.7260e+01  3.3216e-03
 3.7370e+01  2.6789e-03
 3.7490e+01  2.3195e-03
 3.7610e+01  2.8598e-03
 3.7720e+01  4.7705e-03
 3.7840e+01  4.3434e-03
 3.7960e+01  3.4717e-03
 3.8080e+01  3.9282e-03
 3.8200e+01  3.9505e-03
 3.8320e+01  1.7683e-03
 3.8440e+01  1.8216e-03
 3.8560e+01  2.8592e-03
 3.8680e+01  3.1971e-03
 3.8800e+01  3.7572e-03
 3.8930e+01  2.9707e-03
 3.9050e+01  2.5833e-03
 3.9170e+01  2.1362e-03
 3.9300e+01  2.3901e-03
 3.9420e+01  2.0748e-03
 3.9550e+01  2.3805e-03
 3.9680e+01  2.5093e-03
 3.9800e+01  2.5065e-03
 3.9930e+01  2.2325e-03
 4.0060e+01  2.0170e-03
 4.0190e+01  2.1058e-03
 4.0320e+01  2.4778e-03
 4.0450e+01  2.5456e-03
 4.0580e+01  5.2795e-03
 4.0710e+01  5.1488e-03
 4.0850e+01  4.3708e-03
 4.0980e+01  2.1684e-03
 4.1110e+01  3.1116e-03
 4.1250e+01  2.9001e-03
 4.1380e+01  2.9305e-03
 4.1520e+01  3.7935e-03
 4.1660e+01  3.7358e-03
 4.1800e+01  3.9068e-03
 4.1930e+01  3.3567e-03
 4.2070e+01  3.2607e-03
 4.2210e+01  2.6445e-03
 4.2350e+01  3.5414e-03
 4.2500e+01  3.8114e-03
 4.2640e+01  3.8058e-03
 4.2780e+01  3.6901e-03
 4.2920e+01  3.4058e-03
 4.3070e+01  3.1040e-03
 4.3220e+01  2.7973e-03
 4.3360e+01  2.6671e-03
 4.3510e+01  2.5937e-03
 4.3660e+01  2.5497e-03
 4.3810e+01  2.5438e-03
 4.3950e+01  4.0332e-03
 4.4110e+01  2.9130e-03
 4.4260e+01  3.8624e-03
 4.4410e+01  4.0631e-03
 4.4560e+01  3.7632e-03
 4.4720e+01  2.7586e-03
 4.4870e+01  2.5688e-03
 4.5030e+01  1.9277e-03
 4.5180e+01  2.8115e-03
 4.5340e+01  2.9460e-03
 4.5500e+01  5.1974e-03
 4.5660e+01  4.6699e-03
 4.5820e+01  4.6569e-03
 4.5980e+01  4.4428e-03
 4.6140e+01  3.7557e-03
 4.6310e+01  3.2340e-03
 4.6470e+01  3.6270e-03
 4.6640e+01  3.4331e-03
 4.6800e+01  3.2832e-03
 4.6970e+01  3.1701e-03
 4.7140e+01  2.9356e-03
 4.7310e+01  2.8954e-03
 4.7480e+01  3.0119e-03
 4.7650e+01  3.2800e-03
 4.7820e+01  4.2533e-03
 4.8000e+01  3.2041e-03
 4.8170e+01  2.9607e-03
 4.8350e+01  3.3584e-03
 4.8530e+01  2.9411e-03
 4.8700e+01  4.0957e-03
 4.8880e+01  3.2297e-03
 4.9070e+01  3.2060e-03
 4.9250e+01  2.8816e-03
 4.9430e+01  2.7518e-03
 4.9610e+01  2.3842e-03
 4.9800e+01  2.9346e-03
 4.9990e+01  3.0422e-03
 5.0180e+01  3.4502e-03
 5.0360e+01  3.5289e-03
 5.0560e+01  3.4184e-03
 5.0750e+01  3.0955e-03
 5.0940e+01  2.9813e-03
 5.1140e+01  3.0019e-03
 5.1330e+01  3.1714e-03
 5.1530e+01  3.5108e-03
 5.1730e+01  4.6756e-03
 5.1930e+01  5.0286e-03
 5.2130e+01  5.1015e-03
 5.2330e+01  5.0309e-03
 5.2540e+01  4.8153e-03
 5.2740e+01  4.5623e-03
 5.2950e+01  3.2160e-03
 5.3160e+01  3.3596e-03
 5.3370e+01  3.0645e-03
 5.3580e+01  2.9312e-03
 5.3800e+01  2.7874e-03
 5.4010e+01  2.7982e-03
 5.4230e+01  2.7062e-03
 5.4450e+01  2.7662e-03
 5.4670e+01  2.5496e-03
 5.4890e+01  2.6514e-03
 5.5110e+01  2.7866e-03
 5.5340e+01  4.0644e-03
 5.5570e+01  4.5171e-03
 5.5800e+01  4.6346e-03
 5.6030e+01  4.2662e-03
 5.6260e+01  3.3445e-03
 5.6490e+01  4.5721e-03
 5.6730e+01  4.9261e-03
 5.6970e+01  5.1958e-03
 5.7210e+01  5.2428e-03
 5.7450e+01  5.5137e-03
 5.7700e+01  4.2298e-03
 5.7940e+01  3.7438e-03
 5.8190e+01  3.7588e-03
 5.8440e+01  3.5628e-03
 5.8690e+01  3.6312e-03
 5.8950e+01  3.8333e-03
 5.9210e+01  4.3760e-03
 5.9470e+01  3.6898e-03
 5.9730e+01  3.4904e-03
 5.9990e+01  3.4051e-03
 6.0260e+01  3.5090e-03
 6.0530e+01  3.0692e-03
 6.0800e+01  3.7150e-03
 6.1070e+01  4.0611e-03
 6.1350e+01  4.4890e-03
 6.1630e+01  4.7063e-03
 6.1910e+01  4.7079e-03
 6.2200e+01  5.7422e-03
 6.2480e+01  5.2408e-03
 6.2770e+01  4.7057e-03
 6.3060e+01  4.7938e-03
 6.3360e+01  2.7679e-03
 6.3660e+01  2.9601e-03
 6.3960e+01  3.7531e-03
 6.4260e+01  3.7831e-03
 6.4570e+01  4.6319e-03
 6.4880e+01  5.5259e-03
 6.5200e+01  5.7675e-03
 6.5510e+01  4.8038e-03
 6.5830e+01  4.4805e-03
 6.6160e+01  5.0685e-03
 6.6480e+01  4.4937e-03
 6.6820e+01  3.5032e-03
 6.7150e+01  2.1609e-03
 6.7490e+01  3.9034e-03
 6.7830e+01  5.5996e-03
 6.8180e+01  6.2989e-03
 6.8530e+01  6.7933e-03
 6.8880e+01  4.0649e-03
 6.9240e+01  3.0533e-03
 6.9600e+01  2.8423e-03
