#      mass       lower
 2.1410e-01  6.9117e-04
 2.1420e-01  6.1987e-04
 2.1430e-01  3.6390e-04
 2.1450e-01  2.9518e-04
 2.1460e-01  2.5849e-04
 2.1470e-01  3.5613e-04
 2.1490e-01  5.3793e-04
 2.1500e-01  7.5027e-04
 2.1520e-01  8.3399e-04
 2.1530e-01  6.7060e-04
 2.1550e-01  6.4674e-04
 2.1560e-01  4.6316e-04
 2.1580e-01  4.2024e-04
 2.1590e-01  4.2956e-04
 2.1610e-01  4.7242e-04
 2.1620e-01  4.8408e-04
 2.1640e-01  6.9589e-04
 2.1660e-01  5.5059e-04
 2.1670e-01  5.2194e-04
 2.1690e-01  5.6558e-04
 2.1710e-01  6.1693e-04
 2.1730e-01  6.7227e-04
 2.1750e-01  8.2011e-04
 2.1770e-01  5.1333e-04
 2.1780e-01  3.2245e-04
 2.1800e-01  4.5204e-04
 2.1820e-01  3.2188e-04
 2.1840e-01  2.8176e-04
 2.1860e-01  2.7162e-04
 2.1880e-01  3.9601e-04
 2.1910e-01  5.6219e-04
 2.1930e-01  6.8043e-04
 2.1950e-01  7.3128e-04
 2.1970e-01  7.3218e-04
 2.1990e-01  7.2745e-04
 2.2010e-01  7.2044e-04
 2.2040e-01  7.5572e-04
 2.2060e-01  7.6638e-04
 2.2080e-01  6.7284e-04
 2.2110e-01  6.6904e-04
 2.2130e-01  6.5376e-04
 2.2160e-01  5.7752e-04
 2.2180e-01  3.7582e-04
 2.2200e-01  5.4716e-04
 2.2230e-01  3.9661e-04
 2.2260e-01  6.1282e-04
 2.2280e-01  6.1424e-04
 2.2310e-01  5.2401e-04
 2.2330e-01  5.0417e-04
 2.2360e-01  4.1901e-04
 2.2390e-01  3.8846e-04
 2.2410e-01  3.7912e-04
 2.2440e-01  4.4084e-04
 2.2470e-01  4.5999e-04
 2.2500e-01  5.7558e-04
 2.2530e-01  6.8054e-04
 2.2560e-01  7.5274e-04
 2.2590e-01  6.4639e-04
 2.2620e-01  5.2221e-04
 2.2650e-01  5.4318e-04
 2.2680e-01  3.6854e-04
 2.2710e-01  3.6561e-04
 2.2740e-01  4.2025e-04
 2.2770e-01  5.6446e-04
 2.2800e-01  4.6202e-04
 2.2830e-01  5.5528e-04
 2.2860e-01  7.2633e-04
 2.2900e-01  8.6463e-04
 2.2930e-01  7.4275e-04
 2.2960e-01  7.0428e-04
 2.3000e-01  6.2526e-04
 2.3030e-01  5.7562e-04
 2.3060e-01  5.4417e-04
 2.3100e-01  5.4502e-04
 2.3130e-01  6.0135e-04
 2.3170e-01  6.3185e-04
 2.3200e-01  5.8447e-04
 2.3240e-01  5.4495e-04
 2.3270e-01  3.6377e-04
 2.3310e-01  3.2476e-04
 2.3350e-01  3.2979e-04
 2.3380e-01  4.0859e-04
 2.3420e-01  5.0657e-04
 2.3460e-01  6.0447e-04
 2.3500e-01  7.4115e-04
 2.3530e-01  6.4041e-04
 2.3570e-01  6.4972e-04
 2.3610e-01  5.7727e-04
 2.3650e-01  7.7196e-04
 2.3690e-01  7.9356e-04
 2.3730e-01  7.5041e-04
 2.3770e-01  5.5080e-04
 2.3810e-01  5.3323e-04
 2.3850e-01  6.4923e-04
 2.3890e-01  7.0313e-04
 2.3930e-01  5.3291e-04
 2.3980e-01  4.7186e-04
 2.4020e-01  4.7003e-04
 2.4060e-01  4.9606e-04
 2.4100e-01  6.5736e-04
 2.4150e-01  6.0456e-04
 2.4190e-01  5.4027e-04
 2.4230e-01  3.4726e-04
 2.4280e-01  4.2356e-04
 2.4320e-01  3.7506e-04
 2.4370e-01  4.5184e-04
 2.4410e-01  6.2303e-04
 2.4460e-01  7.0237e-04
 2.4500e-01  8.7293e-04
 2.4550e-01  8.1336e-04
 2.4600e-01  8.0839e-04
 2.4640e-01  6.4696e-04
 2.4690e-01  8.0248e-04
 2.4740e-01  7.0645e-04
 2.4780e-01  4.9591e-04
 2.4830e-01  6.4114e-04
 2.4880e-01  6.4966e-04
 2.4930e-01  3.9321e-04
 2.4980e-01  3.5731e-04
 2.5030e-01  3.4071e-04
 2.5080e-01  3.6461e-04
 2.5130e-01  5.4090e-04
 2.5180e-01  5.6146e-04
 2.5230e-01  4.8092e-04
 2.5280e-01  4.2618e-04
 2.5330e-01  3.9478e-04
 2.5380e-01  4.6761e-04
 2.5430e-01  5.7021e-04
 2.5480e-01  8.0430e-04
 2.5540e-01  6.9305e-04
 2.5590e-01  6.4437e-04
 2.5640e-01  6.2096e-04
 2.5700e-01  6.8213e-04
 2.5750e-01  4.6030e-04
 2.5800e-01  6.3464e-04
 2.5860e-01  4.2510e-04
 2.5910e-01  5.3841e-04
 2.5970e-01  5.9741e-04
 2.6020e-01  6.4224e-04
 2.6080e-01  6.3917e-04
 2.6130e-01  6.1790e-04
 2.6190e-01  6.1030e-04
 2.6250e-01  7.5622e-04
 2.6300e-01  7.4768e-04
 2.6360e-01  7.3168e-04
 2.6420e-01  5.1172e-04
 2.6480e-01  3.4113e-04
 2.6530e-01  3.7942e-04
 2.6590e-01  4.0143e-04
 2.6650e-01  7.0555e-04
 2.6710e-01  1.0323e-03
 2.6770e-01  8.5737e-04
 2.6830e-01  7.5811e-04
 2.6890e-01  4.3271e-04
 2.6950e-01  3.9263e-04
 2.7010e-01  4.6584e-04
 2.7070e-01  3.8221e-04
 2.7130e-01  6.4423e-04
 2.7190e-01  6.6936e-04
 2.7260e-01  7.4263e-04
 2.7320e-01  7.4430e-04
 2.7380e-01  8.0249e-04
 2.7440e-01  6.5909e-04
 2.7510e-01  5.6930e-04
 2.7570e-01  5.2997e-04
 2.7630e-01  4.0522e-04
 2.7700e-01  3.6063e-04
 2.7760e-01  3.0414e-04
 2.7830e-01  2.8805e-04
 2.7890e-01  5.5086e-04
 2.7960e-01  7.0591e-04
 2.8020e-01  8.3603e-04
 2.8090e-01  1.1263e-03
 2.8160e-01  1.1062e-03
 2.8220e-01  8.4058e-04
 2.8290e-01  6.8029e-04
 2.8360e-01  3.4194e-04
 2.8420e-01  3.1381e-04
 2.8490e-01  3.8368e-04
 2.8560e-01  4.7335e-04
 2.8630e-01  6.6634e-04
 2.8700e-01  8.5159e-04
 2.8770e-01  1.0308e-03
 2.8830e-01  8.2494e-04
 2.8900e-01  8.4554e-04
 2.8970e-01  6.8977e-04
 2.9040e-01  8.0733e-04
 2.9120e-01  5.2267e-04
 2.9190e-01  3.0109e-04
 2.9260e-01  2.7888e-04
 2.9330e-01  3.3062e-04
 2.9400e-01  5.5137e-04
 2.9470e-01  8.7591e-04
 2.9540e-01  1.0619e-03
 2.9620e-01  7.6042e-04
 2.9690e-01  8.4116e-04
 2.9760e-01  5.8090e-04
 2.9840e-01  5.0054e-04
 2.9910e-01  4.3485e-04
 2.9990e-01  2.7797e-04
 3.0060e-01  3.8774e-04
 3.0140e-01  5.2108e-04
 3.0210e-01  7.7090e-04
 3.0290e-01  8.6585e-04
 3.0360e-01  8.7859e-04
 3.0440e-01  8.8630e-04
 3.0510e-01  8.8650e-04
 3.0590e-01  7.6113e-04
 3.0670e-01  7.1438e-04
 3.0740e-01  6.2811e-04
 3.0820e-01  5.7330e-04
 3.0900e-01  6.6260e-04
 3.0980e-01  5.4016e-04
 3.1060e-01  4.6954e-04
 3.1130e-01  5.5041e-04
 3.1210e-01  6.7500e-04
 3.1290e-01  7.8051e-04
 3.1370e-01  6.7906e-04
 3.1450e-01  3.9202e-04
 3.1530e-01  3.9846e-04
 3.1610e-01  3.3872e-04
 3.1690e-01  2.9227e-04
 3.1780e-01  7.0111e-04
 3.1860e-01  8.4419e-04
 3.1940e-01  9.4869e-04
 3.2020e-01  9.8929e-04
 3.2100e-01  9.3020e-04
 3.2190e-01  9.1686e-04
 3.2270e-01  8.8110e-04
 3.2350e-01  8.0296e-04
 3.2430e-01  5.3383e-04
 3.2520e-01  3.7067e-04
 3.2600e-01  3.3417e-04
 3.2690e-01  4.1358e-04
 3.2770e-01  5.1266e-04
 3.2860e-01  7.2538e-04
 3.2940e-01  9.2183e-04
 3.3030e-01  1.0137e-03
 3.3110e-01  8.0257e-04
 3.3200e-01  8.4953e-04
 3.3280e-01  5.6038e-04
 3.3370e-01  5.2472e-04
 3.3460e-01  5.0956e-04
 3.3550e-01  5.0341e-04
 3.3630e-01  5.1897e-04
 3.3720e-01  4.6698e-04
 3.3810e-01  5.3034e-04
 3.3900e-01  7.1121e-04
 3.3990e-01  5.5293e-04
 3.4080e-01  6.4260e-04
 3.4160e-01  6.7643e-04
 3.4250e-01  4.8772e-04
 3.4340e-01  4.3162e-04
 3.4430e-01  5.2250e-04
 3.4520e-01  4.7056e-04
 3.4620e-01  6.5794e-04
 3.4710e-01  7.4540e-04
 3.4800e-01  9.4150e-04
 3.4890e-01  1.0469e-03
 3.4980e-01  7.7595e-04
 3.5070e-01  6.1098e-04
 3.5170e-01  5.0595e-04
 3.5260e-01  4.7694e-04
 3.5350e-01  3.9798e-04
 3.5440e-01  4.6155e-04
 3.5540e-01  8.1199e-04
 3.5630e-01  1.1088e-03
 3.5730e-01  1.1795e-03
 3.5820e-01  1.2965e-03
 3.5920e-01  1.0456e-03
 3.6010e-01  8.6968e-04
 3.6110e-01  7.1844e-04
 3.6200e-01  6.1445e-04
 3.6300e-01  5.8347e-04
 3.6390e-01  5.4058e-04
 3.6490e-01  5.3469e-04
 3.6590e-01  5.3664e-04
 3.6680e-01  7.9159e-04
 3.6780e-01  6.8707e-04
 3.6880e-01  6.7889e-04
 3.6980e-01  5.8750e-04
 3.7070e-01  4.9267e-04
 3.7170e-01  4.9933e-04
 3.7270e-01  5.3009e-04
 3.7370e-01  6.0226e-04
 3.7470e-01  6.9128e-04
 3.7570e-01  6.6777e-04
 3.7670e-01  6.0772e-04
 3.7770e-01  7.7360e-04
 3.7870e-01  5.9557e-04
 3.7970e-01  8.1713e-04
 3.8070e-01  8.2805e-04
 3.8170e-01  1.1461e-03
 3.8270e-01  8.8064e-04
 3.8380e-01  9.3217e-04
 3.8480e-01  9.2904e-04
 3.8580e-01  5.7302e-04
 3.8680e-01  1.0135e-03
 3.8790e-01  1.0865e-03
 3.8890e-01  1.0049e-03
 3.8990e-01  1.0279e-03
 3.9100e-01  1.2219e-03
 3.9200e-01  8.5716e-04
 3.9310e-01  7.0490e-04
 3.9410e-01  6.4812e-04
 3.9520e-01  5.7561e-04
 3.9620e-01  5.5333e-04
 3.9730e-01  5.6743e-04
 3.9830e-01  6.8898e-04
 3.9940e-01  7.4774e-04
 4.0040e-01  8.8456e-04
 4.0150e-01  8.2625e-04
 4.0260e-01  8.0608e-04
 4.0360e-01  6.2603e-04
 4.0470e-01  1.0034e-03
 4.0580e-01  1.0280e-03
 4.0690e-01  6.1572e-04
 4.0800e-01  6.0997e-04
 4.0900e-01  7.4006e-04
 4.1010e-01  6.6183e-04
 4.1120e-01  5.9786e-04
 4.1230e-01  5.8565e-04
 4.1340e-01  6.4347e-04
 4.1450e-01  8.8101e-04
 4.1560e-01  6.9771e-04
 4.1670e-01  1.0583e-03
 4.1780e-01  6.3532e-04
 4.1890e-01  6.5580e-04
 4.2010e-01  7.6117e-04
 4.2120e-01  9.7978e-04
 4.2230e-01  1.1790e-03
 4.2340e-01  1.3197e-03
 4.2450e-01  1.3694e-03
 4.2570e-01  1.3184e-03
 4.2680e-01  1.2310e-03
 4.2790e-01  1.0741e-03
 4.2910e-01  8.7507e-04
 4.3020e-01  7.0538e-04
 4.3140e-01  4.9193e-04
 4.3250e-01  5.0266e-04
 4.3360e-01  8.9492e-04
 4.3480e-01  1.0050e-03
 4.3600e-01  9.8874e-04
 4.3710e-01  9.5160e-04
 4.3830e-01  1.1219e-03
 4.3940e-01  6.4122e-04
 4.4060e-01  5.5444e-04
 4.4180e-01  5.1658e-04
 4.4290e-01  6.1633e-04
 4.4410e-01  1.2480e-03
 4.4530e-01  1.3440e-03
 4.4650e-01  1.1277e-03
 4.4760e-01  1.1919e-03
 4.4880e-01  1.2020e-03
 4.5000e-01  1.1809e-03
 4.5120e-01  7.7333e-04
 4.5240e-01  6.8431e-04
 4.5360e-01  6.9180e-04
 4.5480e-01  8.4393e-04
 4.5600e-01  8.7922e-04
 4.5720e-01  9.5999e-04
 4.5840e-01  1.0739e-03
 4.5960e-01  1.1269e-03
 4.6080e-01  1.2149e-03
 4.6200e-01  1.1791e-03
 4.6320e-01  1.0182e-03
 4.6450e-01  8.6464e-04
 4.6570e-01  6.5832e-04
 4.6690e-01  9.9401e-04
 4.6810e-01  9.0525e-04
 4.6940e-01  8.9121e-04
 4.7060e-01  8.1670e-04
 4.7180e-01  9.7473e-04
 4.7310e-01  9.2800e-04
 4.7430e-01  1.2692e-03
 4.7560e-01  1.2797e-03
 4.7680e-01  1.4480e-03
 4.7810e-01  1.1274e-03
 4.7930e-01  1.2121e-03
 4.8060e-01  1.0956e-03
 4.8180e-01  8.1006e-04
 4.8310e-01  6.3373e-04
 4.8440e-01  5.6008e-04
 4.8560e-01  7.3752e-04
 4.8690e-01  1.2444e-03
 4.8820e-01  8.6648e-04
 4.8950e-01  9.9079e-04
 4.9070e-01  1.6483e-03
 4.9200e-01  1.5572e-03
 4.9330e-01  1.2037e-03
 4.9460e-01  9.1412e-04
 4.9590e-01  5.8114e-04
 4.9720e-01  6.6864e-04
 4.9850e-01  5.4103e-04
 4.9980e-01  5.6824e-04
 5.0110e-01  5.2599e-04
 5.0240e-01  5.7707e-04
 5.0370e-01  6.8987e-04
 5.0500e-01  1.3338e-03
 5.0630e-01  1.7317e-03
 5.0760e-01  1.6739e-03
 5.0900e-01  1.4083e-03
 5.1030e-01  5.7165e-04
 5.1160e-01  4.1917e-04
 5.1290e-01  5.1378e-04
 5.1430e-01  6.8223e-04
 5.1560e-01  8.3487e-04
 5.1690e-01  1.0563e-03
 5.1830e-01  1.5302e-03
 5.1960e-01  1.5819e-03
 5.2100e-01  7.5519e-04
 5.2230e-01  6.5849e-04
 5.2370e-01  5.1988e-04
 5.3000e-01  1.0000e+05
 5.7270e-01  1.1980e-03
 5.7420e-01  1.0597e-03
 5.7570e-01  1.2793e-03
 5.7710e-01  1.6425e-03
 5.7860e-01  1.5524e-03
 5.8010e-01  9.3339e-04
 5.8150e-01  8.6774e-04
 5.8300e-01  6.5656e-04
 5.8450e-01  6.4041e-04
 5.8590e-01  5.4620e-04
 5.8740e-01  6.5204e-04
 5.8890e-01  9.4646e-04
 5.9040e-01  8.0281e-04
 5.9190e-01  1.2248e-03
 5.9340e-01  1.0329e-03
 5.9490e-01  1.3381e-03
 5.9640e-01  1.4863e-03
 5.9790e-01  1.3987e-03
 5.9940e-01  1.1885e-03
 6.0090e-01  4.5826e-04
 6.0240e-01  3.7124e-04
 6.0390e-01  4.4235e-04
 6.0540e-01  4.8837e-04
 6.0700e-01  8.5439e-04
 6.0850e-01  9.7134e-04
 6.1000e-01  1.1755e-03
 6.1150e-01  1.3871e-03
 6.1310e-01  1.8206e-03
 6.1460e-01  1.3979e-03
 6.1610e-01  9.7324e-04
 6.1770e-01  6.8178e-04
 6.1920e-01  3.4697e-04
 6.2080e-01  2.7862e-04
 6.2230e-01  3.0110e-04
 6.2390e-01  5.5024e-04
 6.2540e-01  9.6964e-04
 6.2700e-01  1.3692e-03
 6.2850e-01  1.4201e-03
 6.3010e-01  1.5574e-03
 6.3170e-01  8.4277e-04
 6.3320e-01  5.7748e-04
 6.3480e-01  4.8664e-04
 6.3640e-01  4.2602e-04
 6.3800e-01  6.6726e-04
 6.3960e-01  8.1265e-04
 6.4110e-01  8.8111e-04
 6.4270e-01  9.5924e-04
 6.4430e-01  9.8655e-04
 6.4590e-01  5.0457e-04
 6.4750e-01  6.4036e-04
 6.4910e-01  5.2903e-04
 6.5070e-01  5.7888e-04
 6.5230e-01  1.1632e-03
 6.5390e-01  9.2708e-04
 6.5560e-01  6.9661e-04
 6.5720e-01  7.6552e-04
 6.5880e-01  6.6048e-04
 6.6040e-01  5.5902e-04
 6.6200e-01  4.4765e-04
 6.6370e-01  4.8820e-04
 6.6530e-01  6.5530e-04
 6.6690e-01  4.8054e-04
 6.6860e-01  5.2830e-04
 6.7020e-01  6.3383e-04
 6.7190e-01  7.8946e-04
 6.7350e-01  8.1790e-04
 6.7520e-01  7.9166e-04
 6.7680e-01  5.9138e-04
 6.7850e-01  7.9674e-04
 6.8010e-01  4.4504e-04
 6.8180e-01  7.4623e-04
 6.8350e-01  5.5489e-04
 6.8510e-01  8.1710e-04
 6.8680e-01  7.5023e-04
 6.8850e-01  6.4745e-04
 6.9010e-01  4.1989e-04
 6.9180e-01  3.2481e-04
 6.9350e-01  3.6966e-04
 6.9520e-01  3.3842e-04
 6.9690e-01  3.9799e-04
 6.9860e-01  3.8956e-04
 7.0030e-01  3.6342e-04
 7.0200e-01  3.2639e-04
 7.0370e-01  3.8811e-04
 7.0540e-01  4.5134e-04
 7.0710e-01  4.3715e-04
 7.0880e-01  5.2362e-04
 7.1050e-01  3.6139e-04
 7.1230e-01  4.2078e-04
 7.1400e-01  5.7761e-04
 7.1570e-01  5.4984e-04
 7.1740e-01  6.4660e-04
 7.1920e-01  4.0044e-04
 7.2090e-01  6.3961e-04
 7.2260e-01  4.6649e-04
 7.2440e-01  3.3426e-04
 7.2610e-01  2.8204e-04
 7.2790e-01  2.8912e-04
 7.2960e-01  3.4470e-04
 7.3140e-01  2.9252e-04
 7.3310e-01  4.6454e-04
 7.3490e-01  6.4264e-04
 7.3670e-01  6.2634e-04
 7.3840e-01  5.7475e-04
 7.4020e-01  5.3975e-04
 7.5000e-01  1.0000e+05
 8.2750e-01  3.7922e-04
 8.2940e-01  9.1421e-04
 8.3140e-01  8.1499e-04
 8.3330e-01  7.3033e-04
 8.3530e-01  5.2935e-04
 8.3720e-01  3.4945e-04
 8.3920e-01  3.3468e-04
 8.4110e-01  3.6559e-04
 8.4310e-01  3.2313e-04
 8.4500e-01  3.6389e-04
 8.4700e-01  8.4555e-04
 8.4890e-01  9.6380e-04
 8.5090e-01  1.0019e-03
 8.5290e-01  8.3258e-04
 8.5490e-01  6.1685e-04
 8.5680e-01  6.5298e-04
 8.5880e-01  7.8157e-04
 8.6080e-01  6.9613e-04
 8.6280e-01  7.3941e-04
 8.6480e-01  5.5462e-04
 8.6680e-01  8.5597e-04
 8.6880e-01  8.8558e-04
 8.7080e-01  1.0230e-03
 8.7280e-01  8.7213e-04
 8.7480e-01  6.6868e-04
 8.7680e-01  8.1642e-04
 8.7890e-01  4.7735e-04
 8.8090e-01  8.5080e-04
 8.8290e-01  6.0321e-04
 8.8490e-01  6.0792e-04
 8.8700e-01  6.4253e-04
 8.8900e-01  8.5498e-04
 8.9100e-01  7.8881e-04
 8.9310e-01  8.9862e-04
 8.9510e-01  9.6330e-04
 8.9720e-01  6.1590e-04
 8.9920e-01  6.5494e-04
 9.0130e-01  8.5497e-04
 9.0330e-01  5.0769e-04
 9.0540e-01  1.0422e-03
 9.0750e-01  1.3558e-03
 9.0960e-01  1.6229e-03
 9.1160e-01  1.1124e-03
 9.1370e-01  9.6987e-04
 9.1580e-01  5.4376e-04
 9.1790e-01  4.0867e-04
 9.2000e-01  1.1495e-03
 9.2210e-01  1.6001e-03
 9.2420e-01  1.7682e-03
 9.2630e-01  1.1817e-03
 9.2840e-01  1.2264e-03
 9.3050e-01  5.1566e-04
 9.3260e-01  3.4184e-04
 9.3470e-01  1.1388e-03
 9.3680e-01  1.0980e-03
 9.3890e-01  4.2461e-04
 9.4110e-01  1.1198e-03
 9.4320e-01  1.8693e-03
 9.4530e-01  2.1535e-03
 9.4750e-01  1.9777e-03
 9.4960e-01  1.7012e-03
 9.5180e-01  1.0032e-03
 9.5390e-01  6.1681e-04
 9.5610e-01  1.5153e-03
 9.5820e-01  1.6579e-03
 9.6000e-01  1.0000e+05
 1.1620e+00  1.5766e-03
 1.1650e+00  1.6187e-03
 1.1670e+00  1.7452e-03
 1.1700e+00  1.6454e-03
 1.1720e+00  1.5969e-03
 1.1750e+00  1.7948e-03
 1.1780e+00  2.1268e-03
 1.1800e+00  1.9773e-03
 1.1830e+00  1.6488e-03
 1.1850e+00  1.1251e-03
 1.1880e+00  1.1379e-03
 1.1900e+00  1.8619e-03
 1.1930e+00  1.9242e-03
 1.1950e+00  2.1132e-03
 1.1980e+00  2.1399e-03
 1.2000e+00  2.0477e-03
 1.2030e+00  1.7500e-03
 1.2060e+00  1.4145e-03
 1.2080e+00  1.1965e-03
 1.2110e+00  1.1801e-03
 1.2130e+00  1.5931e-03
 1.2160e+00  1.1861e-03
 1.2190e+00  1.1250e-03
 1.2210e+00  1.1773e-03
 1.2240e+00  1.5222e-03
 1.2260e+00  1.7952e-03
 1.2290e+00  1.6015e-03
 1.2320e+00  1.8967e-03
 1.2340e+00  1.3880e-03
 1.2370e+00  2.1565e-03
 1.2400e+00  1.9447e-03
 1.2420e+00  2.0053e-03
 1.2450e+00  2.1344e-03
 1.2470e+00  2.2042e-03
 1.2500e+00  2.2864e-03
 1.2530e+00  2.3459e-03
 1.2550e+00  2.3033e-03
 1.2580e+00  2.2267e-03
 1.2610e+00  2.2341e-03
 1.2630e+00  1.5561e-03
 1.2660e+00  1.3275e-03
 1.2690e+00  1.1673e-03
 1.2710e+00  1.0226e-03
 1.2740e+00  8.8966e-04
 1.2770e+00  1.1706e-03
 1.2800e+00  1.6086e-03
 1.2820e+00  1.9371e-03
 1.2850e+00  2.2256e-03
 1.2880e+00  2.4763e-03
 1.2900e+00  2.2676e-03
 1.2930e+00  2.0524e-03
 1.2960e+00  1.4768e-03
 1.2990e+00  1.0135e-03
 1.3010e+00  1.1521e-03
 1.3040e+00  2.3268e-03
 1.3070e+00  2.1905e-03
 1.3100e+00  1.9893e-03
 1.3120e+00  1.8864e-03
 1.3150e+00  2.1362e-03
 1.3180e+00  1.1728e-03
 1.3210e+00  1.1439e-03
 1.3230e+00  1.0721e-03
 1.3260e+00  8.5760e-04
 1.3290e+00  9.7964e-04
 1.3320e+00  1.1309e-03
 1.3350e+00  1.1677e-03
 1.3370e+00  1.3152e-03
 1.3400e+00  1.4225e-03
 1.3430e+00  1.6175e-03
 1.3460e+00  1.3710e-03
 1.3490e+00  2.0347e-03
 1.3510e+00  2.5443e-03
 1.3540e+00  1.7262e-03
 1.3570e+00  1.5728e-03
 1.3600e+00  1.5864e-03
 1.3630e+00  2.0698e-03
 1.3660e+00  1.6802e-03
 1.3680e+00  1.6170e-03
 1.3710e+00  2.3484e-03
 1.3740e+00  2.0853e-03
 1.3770e+00  2.6328e-03
 1.3800e+00  2.6727e-03
 1.3830e+00  1.0427e-03
 1.3860e+00  1.0915e-03
 1.3890e+00  1.1136e-03
 1.3910e+00  1.4338e-03
 1.3940e+00  1.6198e-03
 1.3970e+00  2.1865e-03
 1.4000e+00  2.4351e-03
 1.4030e+00  2.6485e-03
 1.4060e+00  2.6540e-03
 1.4090e+00  2.6693e-03
 1.4120e+00  1.6984e-03
 1.4150e+00  1.3486e-03
 1.4180e+00  1.4163e-03
 1.4210e+00  1.1182e-03
 1.4230e+00  1.8933e-03
 1.4260e+00  1.2413e-03
 1.4290e+00  1.6825e-03
 1.4320e+00  1.6485e-03
 1.4350e+00  1.8616e-03
 1.4380e+00  1.8065e-03
 1.4410e+00  1.5944e-03
 1.4440e+00  1.6505e-03
 1.4470e+00  1.4830e-03
 1.4500e+00  1.6135e-03
 1.4530e+00  2.0909e-03
 1.4560e+00  2.2183e-03
 1.4590e+00  2.6524e-03
 1.4620e+00  2.9481e-03
 1.4650e+00  2.7979e-03
 1.4680e+00  2.9414e-03
 1.4710e+00  2.0818e-03
 1.4740e+00  1.8748e-03
 1.4770e+00  2.1755e-03
 1.4800e+00  1.9030e-03
 1.4830e+00  2.1953e-03
 1.4860e+00  2.0785e-03
 1.4890e+00  1.5279e-03
 1.4920e+00  1.7059e-03
 1.4960e+00  1.8324e-03
 1.4990e+00  2.3859e-03
 1.5020e+00  2.4327e-03
 1.5050e+00  2.3482e-03
 1.5080e+00  2.2781e-03
 1.5110e+00  2.4929e-03
 1.5140e+00  2.2827e-03
 1.5170e+00  1.7950e-03
 1.5200e+00  1.3446e-03
 1.5230e+00  1.2890e-03
 1.5260e+00  1.3312e-03
 1.5300e+00  1.3596e-03
 1.5330e+00  1.5325e-03
 1.5360e+00  1.5160e-03
 1.5390e+00  1.8822e-03
 1.5420e+00  2.7084e-03
 1.5450e+00  3.0169e-03
 1.5480e+00  2.5062e-03
 1.5510e+00  2.6107e-03
 1.5550e+00  1.9544e-03
 1.5580e+00  2.0193e-03
 1.5610e+00  2.5088e-03
 1.5640e+00  2.4308e-03
 1.5670e+00  2.3717e-03
 1.5700e+00  2.0165e-03
 1.5740e+00  1.7989e-03
 1.5770e+00  1.5190e-03
 1.5800e+00  1.4003e-03
 1.5830e+00  1.5431e-03
 1.5860e+00  2.6231e-03
 1.5900e+00  1.5403e-03
 1.5930e+00  1.8744e-03
 1.5960e+00  2.9253e-03
 1.5990e+00  3.0654e-03
 1.6030e+00  3.3494e-03
 1.6060e+00  2.4871e-03
 1.6090e+00  2.1738e-03
 1.6120e+00  2.2181e-03
 1.6160e+00  2.2807e-03
 1.6190e+00  2.4068e-03
 1.6220e+00  2.6532e-03
 1.6250e+00  1.7839e-03
 1.6290e+00  2.3682e-03
 1.6320e+00  2.3006e-03
 1.6350e+00  2.5363e-03
 1.6390e+00  2.1256e-03
 1.6420e+00  1.9673e-03
 1.6450e+00  1.8150e-03
 1.6480e+00  1.7536e-03
 1.6520e+00  1.5824e-03
 1.6550e+00  1.5314e-03
 1.6580e+00  1.8464e-03
 1.6620e+00  2.2418e-03
 1.6650e+00  1.7557e-03
 1.6680e+00  3.8619e-03
 1.6720e+00  2.8298e-03
 1.6750e+00  3.4779e-03
 1.6790e+00  3.1817e-03
 1.6820e+00  2.4148e-03
 1.6850e+00  2.6646e-03
 1.6890e+00  2.3049e-03
 1.6920e+00  1.6942e-03
 1.6950e+00  1.3775e-03
 1.6990e+00  2.4389e-03
 1.7020e+00  2.0822e-03
 1.7060e+00  1.7790e-03
 1.7090e+00  1.6748e-03
 1.7120e+00  1.4854e-03
 1.7160e+00  2.0216e-03
 1.7190e+00  2.3148e-03
 1.7230e+00  1.9565e-03
 1.7260e+00  2.1822e-03
 1.7300e+00  2.7976e-03
 1.7330e+00  2.8753e-03
 1.7370e+00  3.3655e-03
 1.7400e+00  3.3026e-03
 1.7430e+00  1.3512e-03
 1.7470e+00  1.0247e-03
 1.7500e+00  9.5114e-04
 1.7540e+00  1.0652e-03
 1.7570e+00  3.2571e-03
 1.7610e+00  3.4116e-03
 1.7640e+00  3.4531e-03
 1.7680e+00  3.6043e-03
 1.7710e+00  3.0190e-03
 1.7750e+00  2.5309e-03
 1.7780e+00  1.5805e-03
 1.7820e+00  1.3049e-03
 1.7860e+00  1.4042e-03
 1.7890e+00  1.4466e-03
 1.7930e+00  1.6171e-03
 1.7960e+00  2.2904e-03
 1.8000e+00  2.0095e-03
 1.8030e+00  2.0953e-03
 1.8070e+00  2.1899e-03
 1.8100e+00  1.6997e-03
 1.8140e+00  1.3794e-03
 1.8180e+00  1.2570e-03
 1.8210e+00  1.5106e-03
 1.8250e+00  2.1768e-03
 1.8280e+00  2.9465e-03
 1.8320e+00  2.9872e-03
 1.8360e+00  2.4918e-03
 1.8390e+00  2.1785e-03
 1.8430e+00  1.6473e-03
 1.8470e+00  1.6829e-03
 1.8500e+00  2.1306e-03
 1.8540e+00  2.5059e-03
 1.8570e+00  2.6370e-03
 1.8610e+00  2.0801e-03
 1.8650e+00  1.9087e-03
 1.8680e+00  2.1934e-03
 1.8720e+00  2.2938e-03
 1.8760e+00  2.1929e-03
 1.8800e+00  2.3032e-03
 1.8830e+00  2.0282e-03
 1.8870e+00  1.8858e-03
 1.8910e+00  1.5729e-03
 1.8940e+00  1.8574e-03
 1.8980e+00  1.4383e-03
 1.9020e+00  2.6869e-03
 1.9060e+00  2.9848e-03
 1.9090e+00  2.9569e-03
 1.9130e+00  3.1300e-03
 1.9170e+00  2.8496e-03
 1.9210e+00  2.9812e-03
 1.9240e+00  3.0210e-03
 1.9280e+00  2.8836e-03
 1.9320e+00  2.8549e-03
 1.9360e+00  2.6413e-03
 1.9390e+00  2.8290e-03
 1.9430e+00  2.0540e-03
 1.9470e+00  1.8844e-03
 1.9510e+00  2.1578e-03
 1.9550e+00  2.2682e-03
 1.9580e+00  2.2963e-03
 1.9620e+00  2.3728e-03
 1.9660e+00  2.6719e-03
 1.9700e+00  2.2086e-03
 1.9740e+00  2.1664e-03
 1.9780e+00  2.4497e-03
 1.9820e+00  2.2116e-03
 1.9850e+00  1.9477e-03
 1.9890e+00  1.4414e-03
 1.9930e+00  2.3093e-03
 1.9970e+00  1.7046e-03
 2.0010e+00  2.2750e-03
 2.0050e+00  2.2288e-03
 2.0090e+00  2.0852e-03
 2.0130e+00  1.6371e-03
 2.0170e+00  1.6539e-03
 2.0200e+00  2.1003e-03
 2.0240e+00  2.9958e-03
 2.0280e+00  2.0573e-03
 2.0320e+00  2.7292e-03
 2.0360e+00  2.6197e-03
 2.0400e+00  2.3520e-03
 2.0440e+00  1.7499e-03
 2.0480e+00  1.5728e-03
 2.0520e+00  2.0837e-03
 2.0560e+00  2.3000e-03
 2.0600e+00  2.5899e-03
 2.0640e+00  2.6852e-03
 2.0680e+00  2.1616e-03
 2.0720e+00  2.4206e-03
 2.0760e+00  1.8342e-03
 2.0800e+00  1.7966e-03
 2.0840e+00  2.1458e-03
 2.0880e+00  1.7264e-03
 2.0920e+00  2.7336e-03
 2.0960e+00  1.3630e-03
 2.1000e+00  1.8319e-03
 2.1040e+00  1.8351e-03
 2.1080e+00  1.6654e-03
 2.1120e+00  2.5285e-03
 2.1170e+00  2.0699e-03
 2.1210e+00  3.1055e-03
 2.1250e+00  3.2316e-03
 2.1290e+00  3.1683e-03
 2.1330e+00  2.9570e-03
 2.1370e+00  2.0116e-03
 2.1410e+00  2.1494e-03
 2.1450e+00  2.0743e-03
 2.1490e+00  2.3620e-03
 2.1540e+00  2.8166e-03
 2.1580e+00  3.6270e-03
 2.1620e+00  2.5389e-03
 2.1660e+00  1.3656e-03
 2.1700e+00  1.4205e-03
 2.1740e+00  1.3923e-03
 2.1780e+00  1.6604e-03
 2.1830e+00  1.9339e-03
 2.1870e+00  2.9791e-03
 2.1910e+00  3.3807e-03
 2.1950e+00  3.4979e-03
 2.1990e+00  3.3907e-03
 2.2040e+00  3.1692e-03
 2.2080e+00  2.8933e-03
 2.2120e+00  1.6034e-03
 2.2160e+00  2.0439e-03
 2.2210e+00  2.0507e-03
 2.2250e+00  1.7698e-03
 2.2290e+00  1.7953e-03
 2.2330e+00  1.8770e-03
 2.2380e+00  1.9687e-03
 2.2420e+00  2.0180e-03
 2.2460e+00  1.7849e-03
 2.2510e+00  1.7269e-03
 2.2550e+00  2.5249e-03
 2.2590e+00  2.6540e-03
 2.2640e+00  2.8019e-03
 2.2680e+00  2.5808e-03
 2.2720e+00  2.5345e-03
 2.2770e+00  3.1028e-03
 2.2810e+00  2.1330e-03
 2.2850e+00  1.9628e-03
 2.2900e+00  3.0598e-03
 2.2940e+00  2.8249e-03
 2.2980e+00  2.7195e-03
 2.3030e+00  2.4371e-03
 2.3070e+00  1.7890e-03
 2.3110e+00  1.5755e-03
 2.3160e+00  1.6451e-03
 2.3200e+00  1.5493e-03
 2.3250e+00  1.6460e-03
 2.3290e+00  1.5288e-03
 2.3340e+00  1.7106e-03
 2.3380e+00  2.8836e-03
 2.3420e+00  2.0521e-03
 2.3470e+00  2.5996e-03
 2.3510e+00  2.5178e-03
 2.3560e+00  1.7630e-03
 2.3600e+00  1.4050e-03
 2.3650e+00  2.5635e-03
 2.3690e+00  1.9532e-03
 2.3740e+00  2.5088e-03
 2.3780e+00  2.8080e-03
 2.3830e+00  2.9031e-03
 2.3870e+00  2.8690e-03
 2.3920e+00  2.7705e-03
 2.3960e+00  2.7754e-03
 2.4010e+00  2.2214e-03
 2.4050e+00  2.7193e-03
 2.4100e+00  3.6640e-03
 2.4150e+00  2.3826e-03
 2.4190e+00  2.1344e-03
 2.4240e+00  1.6864e-03
 2.4280e+00  1.6863e-03
 2.4330e+00  2.1701e-03
 2.4380e+00  1.7910e-03
 2.4420e+00  3.2405e-03
 2.4470e+00  3.9216e-03
 2.4510e+00  2.6421e-03
 2.4560e+00  2.3550e-03
 2.4610e+00  2.0031e-03
 2.4650e+00  2.5401e-03
 2.4700e+00  1.7500e-03
 2.4750e+00  2.1101e-03
 2.4790e+00  2.3004e-03
 2.4840e+00  2.5262e-03
 2.4890e+00  2.2204e-03
 2.4930e+00  2.3308e-03
 2.4980e+00  2.2203e-03
 2.5030e+00  2.4310e-03
 2.5070e+00  2.4274e-03
 2.5120e+00  3.1749e-03
 2.5170e+00  3.3667e-03
 2.5220e+00  3.3495e-03
 2.5260e+00  3.2477e-03
 2.5310e+00  2.8283e-03
 2.5360e+00  2.3933e-03
 2.5410e+00  2.4985e-03
 2.5450e+00  1.7835e-03
 2.5500e+00  2.0704e-03
 2.5550e+00  1.6812e-03
 2.5600e+00  2.5085e-03
 2.5650e+00  2.1433e-03
 2.5690e+00  2.1839e-03
 2.5740e+00  2.5593e-03
 2.5790e+00  3.0737e-03
 2.5840e+00  3.2690e-03
 2.5890e+00  2.6865e-03
 2.5940e+00  1.7219e-03
 2.5980e+00  1.8136e-03
 2.6030e+00  2.9648e-03
 2.6080e+00  2.5878e-03
 2.6130e+00  3.0566e-03
 2.6180e+00  2.5013e-03
 2.6230e+00  2.9223e-03
 2.6280e+00  1.5636e-03
 2.6330e+00  1.6687e-03
 2.6380e+00  2.9204e-03
 2.6430e+00  1.7539e-03
 2.6480e+00  1.9611e-03
 2.6520e+00  1.9796e-03
 2.6570e+00  2.8659e-03
 2.6620e+00  3.1511e-03
 2.6670e+00  3.6332e-03
 2.6720e+00  3.6651e-03
 2.6770e+00  3.6940e-03
 2.6820e+00  3.0913e-03
 2.6870e+00  3.3153e-03
 2.6920e+00  3.0489e-03
 2.6970e+00  2.1983e-03
 2.9000e+00  1.0000e+05
 3.3000e+00  2.3216e-03
 3.3070e+00  2.4155e-03
 3.3140e+00  3.4638e-03
 3.3210e+00  3.5101e-03
 3.3290e+00  3.3017e-03
 3.3360e+00  2.5347e-03
 3.3440e+00  2.1998e-03
 3.3510e+00  2.1356e-03
 3.3580e+00  2.2490e-03
 3.3660e+00  2.8100e-03
 3.3730e+00  2.4234e-03
 3.3810e+00  2.1884e-03
 3.3880e+00  2.0739e-03
 3.3950e+00  2.8168e-03
 3.4030e+00  3.7348e-03
 3.4100e+00  3.5388e-03
 3.4180e+00  3.5167e-03
 3.4250e+00  3.4314e-03
 3.4330e+00  3.7082e-03
 3.4400e+00  2.3238e-03
 3.4480e+00  1.7485e-03
 3.4560e+00  1.5229e-03
 3.4630e+00  1.4870e-03
 3.4710e+00  3.1862e-03
 3.4780e+00  3.3379e-03
 3.4860e+00  3.1737e-03
 3.4940e+00  3.5638e-03
 3.5010e+00  3.7608e-03
 3.5090e+00  3.8361e-03
 3.5170e+00  3.6425e-03
 3.5240e+00  3.4069e-03
 3.5320e+00  4.1932e-03
 3.6000e+00  1.0000e+05
 3.9340e+00  4.1169e-03
 3.9430e+00  2.8160e-03
 3.9510e+00  2.5622e-03
 3.9600e+00  2.3530e-03
 3.9680e+00  3.2013e-03
 3.9770e+00  2.4974e-03
 3.9850e+00  1.9668e-03
 3.9940e+00  2.0832e-03
 4.0030e+00  2.5165e-03
 4.0110e+00  4.5019e-03
 4.0200e+00  3.5637e-03
 4.0280e+00  3.8643e-03
 4.0370e+00  4.7528e-03
 4.0460e+00  5.3657e-03
 4.0540e+00  4.4240e-03
 4.0630e+00  3.8118e-03
 4.0720e+00  4.0408e-03
 4.0800e+00  3.2261e-03
 4.0890e+00  2.8894e-03
 4.0980e+00  2.8241e-03
 4.1060e+00  2.8049e-03
 4.1150e+00  3.7240e-03
 4.1240e+00  5.3449e-03
 4.1330e+00  4.0515e-03
 4.1420e+00  1.7295e-03
 4.1510e+00  1.5059e-03
 4.1590e+00  1.5001e-03
 4.1680e+00  1.5129e-03
 4.1770e+00  1.5564e-03
 4.1860e+00  2.9409e-03
 4.1950e+00  3.6942e-03
 4.2040e+00  3.1290e-03
 4.2130e+00  3.1422e-03
 4.2220e+00  3.1781e-03
 4.2310e+00  2.7082e-03
 4.2400e+00  2.6207e-03
 4.2490e+00  3.7322e-03
 4.2580e+00  2.5293e-03
 4.2670e+00  2.8023e-03
 4.2760e+00  2.5925e-03
 4.2850e+00  2.6437e-03
 4.2940e+00  2.7381e-03
 4.3030e+00  2.8794e-03
 4.3120e+00  3.2407e-03
 4.3220e+00  3.6517e-03
 4.3310e+00  3.3460e-03
 4.3400e+00  3.2328e-03
 4.3490e+00  1.8630e-03
 4.3580e+00  1.5715e-03
 4.3680e+00  1.8243e-03
 4.3770e+00  2.6331e-03
 4.3860e+00  2.5106e-03
 4.3950e+00  2.4175e-03
 4.4050e+00  3.3628e-03
 4.4140e+00  3.6457e-03
 4.4230e+00  3.6177e-03
 4.4330e+00  3.7676e-03
 4.4420e+00  3.7308e-03
 4.4520e+00  4.1273e-03
 4.4610e+00  3.6385e-03
 4.4700e+00  3.7931e-03
 4.4800e+00  2.5237e-03
 4.4890e+00  2.3243e-03
 4.4990e+00  2.1671e-03
 4.5080e+00  3.1901e-03
 4.5180e+00  3.0379e-03
 4.5270e+00  3.3505e-03
 4.5370e+00  2.8243e-03
 4.5470e+00  3.7114e-03
 4.5560e+00  3.2322e-03
 4.5660e+00  3.4158e-03
 4.5750e+00  3.5581e-03
 4.5850e+00  2.4489e-03
 4.5950e+00  2.0490e-03
 4.6040e+00  1.4441e-03
 4.6140e+00  1.4480e-03
 4.6240e+00  2.0528e-03
 4.6340e+00  2.1120e-03
 4.6430e+00  2.7113e-03
 4.6530e+00  2.7671e-03
 4.6630e+00  2.8459e-03
 4.6730e+00  3.0458e-03
 4.6830e+00  3.1018e-03
 4.6920e+00  3.1636e-03
 4.7020e+00  2.6735e-03
 4.7120e+00  1.8538e-03
 4.7220e+00  2.5119e-03
 4.7320e+00  2.6590e-03
 4.7420e+00  3.3729e-03
 4.7520e+00  3.7111e-03
 4.7620e+00  4.1411e-03
 4.7720e+00  4.2503e-03
 4.7820e+00  4.4438e-03
 4.7920e+00  3.7261e-03
 4.8020e+00  1.7448e-03
 4.8120e+00  1.5137e-03
 4.8220e+00  1.5626e-03
 4.8330e+00  2.0262e-03
 4.8430e+00  2.5430e-03
 4.8530e+00  4.3306e-03
 4.8630e+00  3.7656e-03
 4.8730e+00  3.6044e-03
 4.8830e+00  3.5328e-03
 4.8940e+00  3.0222e-03
 4.9040e+00  2.8068e-03
 4.9140e+00  2.0221e-03
 4.9250e+00  2.0704e-03
 4.9350e+00  1.9826e-03
 4.9450e+00  1.8899e-03
 4.9560e+00  2.1080e-03
 4.9660e+00  2.4621e-03
 4.9760e+00  2.5042e-03
 4.9870e+00  2.0242e-03
 4.9970e+00  1.9983e-03
 5.0080e+00  1.6910e-03
 5.0180e+00  1.9603e-03
 5.0290e+00  2.3629e-03
 5.0390e+00  2.1992e-03
 5.0500e+00  2.8588e-03
 5.0600e+00  3.4688e-03
 5.0710e+00  3.0402e-03
 5.0820e+00  2.1262e-03
 5.0920e+00  1.7673e-03
 5.1030e+00  2.6314e-03
 5.1140e+00  2.2832e-03
 5.1240e+00  2.1152e-03
 5.1350e+00  2.2466e-03
 5.1460e+00  3.4460e-03
 5.1570e+00  2.8954e-03
 5.1670e+00  3.3308e-03
 5.1780e+00  3.2613e-03
 5.1890e+00  2.3974e-03
 5.2000e+00  2.7434e-03
 5.2110e+00  2.7420e-03
 5.2220e+00  2.8733e-03
 5.2320e+00  3.1078e-03
 5.2430e+00  3.2118e-03
 5.2540e+00  3.2993e-03
 5.2650e+00  3.1481e-03
 5.2760e+00  3.0269e-03
 5.2870e+00  2.3813e-03
 5.2980e+00  2.6396e-03
 5.3090e+00  2.4852e-03
 5.3210e+00  2.8012e-03
 5.3320e+00  2.1390e-03
 5.3430e+00  2.0103e-03
 5.3540e+00  2.0935e-03
 5.3650e+00  2.2536e-03
 5.3760e+00  2.7977e-03
 5.3880e+00  3.0514e-03
 5.3990e+00  2.9318e-03
 5.4100e+00  2.8684e-03
 5.4210e+00  1.5988e-03
 5.4330e+00  1.8059e-03
 5.4440e+00  3.4680e-03
 5.4550e+00  3.4571e-03
 5.4670e+00  3.1430e-03
 5.4780e+00  2.7756e-03
 5.4900e+00  2.2390e-03
 5.5010e+00  1.7481e-03
 5.5120e+00  1.6256e-03
 5.5240e+00  1.9230e-03
 5.5350e+00  1.8627e-03
 5.5470e+00  2.0695e-03
 5.5590e+00  2.3911e-03
 5.5700e+00  2.5120e-03
 5.5820e+00  2.4258e-03
 5.5930e+00  2.7310e-03
 5.6050e+00  2.7731e-03
 5.6170e+00  2.7169e-03
 5.6280e+00  3.2563e-03
 5.6400e+00  3.1911e-03
 5.6520e+00  3.3389e-03
 5.6640e+00  2.8860e-03
 5.6750e+00  3.4793e-03
 5.6870e+00  2.4568e-03
 5.6990e+00  3.5201e-03
 5.7110e+00  2.1880e-03
 5.7230e+00  3.5241e-03
 5.7350e+00  3.5847e-03
 5.7470e+00  3.3972e-03
 5.7590e+00  4.1171e-03
 5.7710e+00  3.2355e-03
 5.7830e+00  3.1855e-03
 5.7950e+00  2.2463e-03
 5.8070e+00  2.7673e-03
 5.8190e+00  2.7279e-03
 5.8310e+00  2.5239e-03
 5.8430e+00  2.4817e-03
 5.8550e+00  2.6613e-03
 5.8670e+00  2.4000e-03
 5.8800e+00  2.1327e-03
 5.8920e+00  1.6226e-03
 5.9040e+00  1.8429e-03
 5.9160e+00  1.9031e-03
 5.9290e+00  1.8127e-03
 5.9410e+00  1.7099e-03
 5.9530e+00  1.6057e-03
 5.9660e+00  1.7838e-03
 5.9780e+00  3.2204e-03
 5.9910e+00  3.4572e-03
 6.0030e+00  3.0118e-03
 6.0150e+00  2.7237e-03
 6.0280e+00  2.3872e-03
 6.0410e+00  2.3900e-03
 6.0530e+00  2.4777e-03
 6.0660e+00  2.0219e-03
 6.0780e+00  2.8878e-03
 6.0910e+00  1.7425e-03
 6.1040e+00  1.8180e-03
 6.1160e+00  2.3672e-03
 6.1290e+00  2.8679e-03
 6.1420e+00  4.1188e-03
 6.1540e+00  4.2166e-03
 6.1670e+00  4.1017e-03
 6.1800e+00  2.6549e-03
 6.1930e+00  2.9416e-03
 6.2060e+00  2.6097e-03
 6.2190e+00  1.5778e-03
 6.2320e+00  2.8793e-03
 6.2450e+00  2.7302e-03
 6.2580e+00  1.7632e-03
 6.2710e+00  2.1688e-03
 6.2840e+00  2.3153e-03
 6.2970e+00  3.0874e-03
 6.3100e+00  2.8580e-03
 6.3230e+00  2.8729e-03
 6.3360e+00  2.3935e-03
 6.3490e+00  2.0239e-03
 6.3620e+00  2.4159e-03
 6.3760e+00  2.5515e-03
 6.3890e+00  3.1020e-03
 6.4020e+00  1.3163e-03
 6.4150e+00  1.2781e-03
 6.4290e+00  1.9466e-03
 6.4420e+00  2.3342e-03
 6.4560e+00  2.7096e-03
 6.4690e+00  3.0820e-03
 6.4820e+00  3.9684e-03
 6.4960e+00  4.0621e-03
 6.5090e+00  3.1497e-03
 6.5230e+00  2.8752e-03
 6.5360e+00  2.0338e-03
 6.5500e+00  1.7248e-03
 6.5640e+00  1.5107e-03
 6.5770e+00  1.8287e-03
 6.5910e+00  2.0336e-03
 6.6050e+00  1.6627e-03
 6.6180e+00  3.5652e-03
 6.6320e+00  2.9140e-03
 6.6460e+00  2.9319e-03
 6.6600e+00  1.9671e-03
 6.6740e+00  1.7380e-03
 6.6870e+00  1.5360e-03
 6.7010e+00  1.5842e-03
 6.7150e+00  1.4833e-03
 6.7290e+00  2.5277e-03
 6.7430e+00  2.7628e-03
 6.7570e+00  1.8976e-03
 6.7710e+00  1.8990e-03
 6.7850e+00  1.5720e-03
 6.8000e+00  1.4905e-03
 6.8140e+00  1.4073e-03
 6.8280e+00  2.3374e-03
 6.8420e+00  2.8619e-03
 6.8560e+00  3.1558e-03
 6.8710e+00  3.1949e-03
 6.8850e+00  3.4403e-03
 6.8990e+00  3.3708e-03
 6.9130e+00  2.9686e-03
 6.9280e+00  2.6462e-03
 6.9420e+00  1.6997e-03
 6.9570e+00  1.8700e-03
 6.9710e+00  2.7215e-03
 6.9860e+00  3.1991e-03
 7.0000e+00  4.1167e-03
 7.0150e+00  3.7623e-03
 7.0290e+00  2.0553e-03
 7.0440e+00  1.7042e-03
 7.0590e+00  1.7071e-03
 7.0730e+00  1.2799e-03
 7.0880e+00  1.3202e-03
 7.1030e+00  2.0657e-03
 7.1180e+00  3.6175e-03
 7.1320e+00  4.2576e-03
 7.1470e+00  4.6265e-03
 7.1620e+00  3.0735e-03
 7.1770e+00  1.8154e-03
 7.1920e+00  1.8500e-03
 7.2070e+00  1.1274e-03
 7.2220e+00  2.4087e-03
 7.2370e+00  2.7071e-03
 7.2520e+00  3.5779e-03
 7.2670e+00  3.6003e-03
 7.2820e+00  3.0865e-03
 7.2980e+00  2.8215e-03
 7.3130e+00  3.0082e-03
 7.3280e+00  1.4110e-03
 7.3430e+00  2.7897e-03
 7.3590e+00  3.0893e-03
 7.3740e+00  3.4088e-03
 7.3890e+00  3.2039e-03
 7.4050e+00  3.3800e-03
 7.4200e+00  3.1208e-03
 7.4360e+00  2.5110e-03
 7.4510e+00  1.9868e-03
 7.4670e+00  1.7096e-03
 7.4820e+00  1.3849e-03
 7.4980e+00  1.4638e-03
 7.5130e+00  1.5333e-03
 7.5290e+00  2.2396e-03
 7.5450e+00  5.3090e-03
 7.5610e+00  2.5121e-03
 7.5760e+00  1.9851e-03
 7.5920e+00  1.6417e-03
 7.6080e+00  1.2710e-03
 7.6240e+00  2.0241e-03
 7.6400e+00  2.3794e-03
 7.6560e+00  3.4564e-03
 7.6720e+00  3.6627e-03
 7.6880e+00  3.4035e-03
 7.7040e+00  3.1956e-03
 7.7200e+00  2.7424e-03
 7.7360e+00  1.4488e-03
 7.7520e+00  1.6024e-03
 7.7680e+00  1.6475e-03
 7.7850e+00  1.7829e-03
 7.8010e+00  2.1158e-03
 7.8170e+00  2.9050e-03
 7.8340e+00  2.4260e-03
 7.8500e+00  2.4982e-03
 7.8660e+00  2.6158e-03
 7.8830e+00  2.5285e-03
 7.8990e+00  1.9862e-03
 7.9160e+00  2.6442e-03
 7.9320e+00  2.5658e-03
 7.9490e+00  2.1955e-03
 7.9660e+00  2.5735e-03
 7.9820e+00  1.7844e-03
 7.9990e+00  2.1306e-03
 8.0160e+00  1.8341e-03
 8.0320e+00  2.5870e-03
 8.0490e+00  2.7360e-03
 8.0660e+00  2.7315e-03
 8.0830e+00  2.4573e-03
 8.1000e+00  1.7271e-03
 8.1170e+00  1.9831e-03
 8.1340e+00  1.9003e-03
 8.1510e+00  2.0056e-03
 8.1680e+00  2.0208e-03
 8.1850e+00  2.2391e-03
 8.2020e+00  2.2270e-03
 8.2190e+00  2.3489e-03
 8.2370e+00  2.4075e-03
 8.2540e+00  2.6967e-03
 8.2710e+00  2.7736e-03
 8.2890e+00  3.2192e-03
 8.3060e+00  2.7960e-03
 8.3230e+00  2.7374e-03
 8.3410e+00  2.4363e-03
 8.3580e+00  2.6094e-03
 8.3760e+00  2.8095e-03
 8.3930e+00  3.5623e-03
 8.4110e+00  3.5309e-03
 8.4290e+00  3.4119e-03
 8.4460e+00  3.4900e-03
 8.4640e+00  2.2659e-03
 8.4820e+00  2.7147e-03
 8.5000e+00  2.3082e-03
 8.5180e+00  1.7014e-03
 8.5350e+00  1.6923e-03
 8.5530e+00  2.1531e-03
 8.5710e+00  3.0821e-03
 8.5890e+00  3.4463e-03
 8.6070e+00  3.5230e-03
 8.6260e+00  3.5485e-03
 8.6440e+00  3.6405e-03
 8.6620e+00  2.6890e-03
 8.6800e+00  2.9945e-03
 8.6980e+00  4.2921e-03
 8.7170e+00  5.4622e-03
 8.7350e+00  3.1422e-03
 8.7530e+00  1.3336e-03
 8.7720e+00  9.9965e-04
 8.7900e+00  1.0986e-03
 8.8090e+00  1.3242e-03
 8.8270e+00  4.3180e-03
 9.1000e+00  1.0000e+05
 1.0690e+01  2.5535e-03
 1.0710e+01  4.0361e-03
 1.0740e+01  3.4221e-03
 1.0760e+01  2.4660e-03
 1.0780e+01  1.6546e-03
 1.0810e+01  1.8954e-03
 1.0830e+01  2.1627e-03
 1.0850e+01  2.9625e-03
 1.0880e+01  4.0626e-03
 1.0900e+01  4.4893e-03
 1.0920e+01  3.9242e-03
 1.0950e+01  3.7751e-03
 1.0970e+01  3.1222e-03
 1.0990e+01  2.3395e-03
 1.1020e+01  2.4335e-03
 1.1040e+01  1.0072e-03
 1.1060e+01  2.8309e-03
 1.1090e+01  2.6232e-03
 1.1110e+01  2.8361e-03
 1.1140e+01  3.5056e-03
 1.1160e+01  3.8935e-03
 1.1180e+01  3.5888e-03
 1.1210e+01  2.5178e-03
 1.1230e+01  2.1395e-03
 1.1260e+01  1.9661e-03
 1.1280e+01  1.7049e-03
 1.1310e+01  2.4027e-03
 1.1330e+01  2.3043e-03
 1.1350e+01  1.9679e-03
 1.1380e+01  1.9682e-03
 1.1400e+01  1.4755e-03
 1.1430e+01  1.5197e-03
 1.1450e+01  1.2325e-03
 1.1480e+01  1.2230e-03
 1.1500e+01  2.6867e-03
 1.1530e+01  3.2840e-03
 1.1550e+01  2.9618e-03
 1.1580e+01  2.5017e-03
 1.1600e+01  1.3578e-03
 1.1630e+01  1.9178e-03
 1.1650e+01  1.1197e-03
 1.1680e+01  1.1033e-03
 1.1710e+01  1.3320e-03
 1.1730e+01  2.2295e-03
 1.1760e+01  1.9478e-03
 1.1780e+01  2.9286e-03
 1.1810e+01  2.4700e-03
 1.1830e+01  3.1063e-03
 1.1860e+01  2.8560e-03
 1.1880e+01  1.4988e-03
 1.1910e+01  1.3189e-03
 1.1940e+01  1.2452e-03
 1.1960e+01  1.3943e-03
 1.1990e+01  1.2976e-03
 1.2020e+01  1.3762e-03
 1.2040e+01  1.6328e-03
 1.2070e+01  2.1779e-03
 1.2090e+01  2.8944e-03
 1.2120e+01  3.5847e-03
 1.2150e+01  3.7274e-03
 1.2170e+01  4.2620e-03
 1.2200e+01  2.9634e-03
 1.2230e+01  1.8770e-03
 1.2250e+01  1.2671e-03
 1.2280e+01  1.2636e-03
 1.2310e+01  1.3160e-03
 1.2330e+01  1.6879e-03
 1.2360e+01  1.6443e-03
 1.2390e+01  3.4064e-03
 1.2420e+01  3.1546e-03
 1.2440e+01  2.5614e-03
 1.2470e+01  2.0108e-03
 1.2500e+01  1.5372e-03
 1.2530e+01  1.2804e-03
 1.2550e+01  1.1977e-03
 1.2580e+01  1.7829e-03
 1.2610e+01  1.5062e-03
 1.2640e+01  3.0564e-03
 1.2660e+01  2.7658e-03
 1.2690e+01  2.4040e-03
 1.2720e+01  2.7920e-03
 1.2750e+01  2.6660e-03
 1.2780e+01  2.6300e-03
 1.2800e+01  1.8928e-03
 1.2830e+01  1.3949e-03
 1.2860e+01  1.5242e-03
 1.2890e+01  2.2974e-03
 1.2920e+01  1.5593e-03
 1.2950e+01  2.4422e-03
 1.2980e+01  2.7719e-03
 1.3000e+01  2.9922e-03
 1.3030e+01  3.0701e-03
 1.3060e+01  2.7315e-03
 1.3090e+01  2.1106e-03
 1.3120e+01  1.6957e-03
 1.3150e+01  1.4892e-03
 1.3180e+01  1.5359e-03
 1.3210e+01  1.8976e-03
 1.3240e+01  1.6378e-03
 1.3270e+01  1.6616e-03
 1.3300e+01  1.7713e-03
 1.3320e+01  2.1823e-03
 1.3350e+01  2.0999e-03
 1.3380e+01  2.2095e-03
 1.3410e+01  2.1969e-03
 1.3440e+01  1.9099e-03
 1.3470e+01  2.4194e-03
 1.3500e+01  1.8644e-03
 1.3530e+01  2.8356e-03
 1.3560e+01  2.9421e-03
 1.3590e+01  3.2771e-03
 1.3620e+01  3.4647e-03
 1.3650e+01  2.6795e-03
 1.3690e+01  2.6273e-03
 1.3720e+01  2.7290e-03
 1.3750e+01  2.3990e-03
 1.3780e+01  2.1514e-03
 1.3810e+01  2.6438e-03
 1.3840e+01  1.5825e-03
 1.3870e+01  1.4035e-03
 1.3900e+01  1.6770e-03
 1.3930e+01  1.7422e-03
 1.3960e+01  2.7622e-03
 1.3990e+01  3.3566e-03
 1.4030e+01  3.2616e-03
 1.4060e+01  1.3700e-03
 1.4090e+01  1.3431e-03
 1.4120e+01  1.7415e-03
 1.4150e+01  1.6018e-03
 1.4180e+01  1.5368e-03
 1.4220e+01  1.3149e-03
 1.4250e+01  1.7022e-03
 1.4280e+01  1.5690e-03
 1.4310e+01  1.6705e-03
 1.4340e+01  2.4256e-03
 1.4380e+01  2.8154e-03
 1.4410e+01  2.8285e-03
 1.4440e+01  2.9956e-03
 1.4470e+01  3.3455e-03
 1.4510e+01  3.5715e-03
 1.4540e+01  3.2568e-03
 1.4570e+01  3.4415e-03
 1.4610e+01  3.0265e-03
 1.4640e+01  2.1823e-03
 1.4670e+01  1.8739e-03
 1.4710e+01  1.5504e-03
 1.4740e+01  1.4134e-03
 1.4770e+01  2.0444e-03
 1.4810e+01  3.0885e-03
 1.4840e+01  3.1253e-03
 1.4870e+01  2.9854e-03
 1.4910e+01  2.3808e-03
 1.4940e+01  2.0117e-03
 1.4970e+01  1.4390e-03
 1.5010e+01  1.4389e-03
 1.5040e+01  1.5577e-03
 1.5080e+01  1.7194e-03
 1.5110e+01  2.0857e-03
 1.5150e+01  4.0079e-03
 1.5180e+01  4.3839e-03
 1.5210e+01  3.0448e-03
 1.5250e+01  2.8795e-03
 1.5280e+01  2.4736e-03
 1.5320e+01  1.1942e-03
 1.5350e+01  1.7395e-03
 1.5390e+01  1.7478e-03
 1.5420e+01  1.8100e-03
 1.5460e+01  1.9631e-03
 1.5490e+01  3.0852e-03
 1.5530e+01  3.2495e-03
 1.5570e+01  2.3938e-03
 1.5600e+01  1.7852e-03
 1.5640e+01  1.3824e-03
 1.5670e+01  1.7743e-03
 1.5710e+01  2.1044e-03
 1.5740e+01  2.2177e-03
 1.5780e+01  2.3281e-03
 1.5820e+01  2.9038e-03
 1.5850e+01  3.1432e-03
 1.5890e+01  3.5201e-03
 1.5930e+01  1.9045e-03
 1.5960e+01  2.6063e-03
 1.6000e+01  1.5847e-03
 1.6040e+01  1.5970e-03
 1.6070e+01  3.5770e-03
 1.6110e+01  3.4320e-03
 1.6150e+01  3.2297e-03
 1.6190e+01  3.2156e-03
 1.6220e+01  2.8375e-03
 1.6260e+01  2.3461e-03
 1.6300e+01  1.8707e-03
 1.6340e+01  1.7639e-03
 1.6370e+01  1.7384e-03
 1.6410e+01  1.4721e-03
 1.6450e+01  2.9697e-03
 1.6490e+01  2.3185e-03
 1.6530e+01  3.7509e-03
 1.6560e+01  3.2688e-03
 1.6600e+01  3.6235e-03
 1.6640e+01  3.2119e-03
 1.6680e+01  2.0332e-03
 1.6720e+01  1.8176e-03
 1.6760e+01  9.1675e-04
 1.6800e+01  1.3257e-03
 1.6840e+01  1.9283e-03
 1.6880e+01  2.2335e-03
 1.6910e+01  4.0422e-03
 1.6950e+01  4.1946e-03
 1.6990e+01  3.4948e-03
 1.7030e+01  2.4674e-03
 1.7070e+01  1.9353e-03
 1.7110e+01  1.2093e-03
 1.7150e+01  1.2227e-03
 1.7190e+01  1.2986e-03
 1.7230e+01  1.6082e-03
 1.7270e+01  2.2126e-03
 1.7310e+01  3.6002e-03
 1.7360e+01  4.1218e-03
 1.7400e+01  4.0870e-03
 1.7440e+01  2.1667e-03
 1.7480e+01  1.8822e-03
 1.7520e+01  1.3282e-03
 1.7560e+01  1.1433e-03
 1.7600e+01  1.5766e-03
 1.7640e+01  1.9771e-03
 1.7680e+01  3.4345e-03
 1.7730e+01  3.4781e-03
 1.7770e+01  3.6573e-03
 1.7810e+01  3.7536e-03
 1.7850e+01  3.6995e-03
 1.7890e+01  3.4083e-03
 1.7940e+01  3.0358e-03
 1.7980e+01  1.2805e-03
 1.8020e+01  1.2665e-03
 1.8060e+01  1.9529e-03
 1.8110e+01  1.4466e-03
 1.8150e+01  3.5767e-03
 1.8190e+01  2.5569e-03
 1.8240e+01  3.4011e-03
 1.8280e+01  2.1938e-03
 1.8320e+01  2.0049e-03
 1.8370e+01  1.9123e-03
 1.8410e+01  2.1639e-03
 1.8450e+01  1.8854e-03
 1.8500e+01  3.0692e-03
 1.8540e+01  3.0759e-03
 1.8590e+01  3.1627e-03
 1.8630e+01  1.9163e-03
 1.8680e+01  2.0623e-03
 1.8720e+01  2.5000e-03
 1.8770e+01  2.5516e-03
 1.8810e+01  2.6094e-03
 1.8860e+01  1.5992e-03
 1.8900e+01  1.7234e-03
 1.8950e+01  2.3825e-03
 1.8990e+01  2.8796e-03
 1.9040e+01  4.2718e-03
 1.9080e+01  3.3612e-03
 1.9130e+01  2.9668e-03
 1.9170e+01  2.7954e-03
 1.9220e+01  2.3274e-03
 1.9270e+01  1.8833e-03
 1.9310e+01  1.8081e-03
 1.9360e+01  2.3810e-03
 1.9410e+01  2.5562e-03
 1.9450e+01  2.9975e-03
 1.9500e+01  2.8678e-03
 1.9550e+01  2.1426e-03
 1.9600e+01  1.8779e-03
 1.9640e+01  1.9117e-03
 1.9690e+01  1.9055e-03
 1.9740e+01  1.9360e-03
 1.9790e+01  2.3665e-03
 1.9830e+01  2.3555e-03
 1.9880e+01  2.0104e-03
 1.9930e+01  1.6622e-03
 1.9980e+01  1.8084e-03
 2.0030e+01  1.6158e-03
 2.0080e+01  2.8738e-03
 2.0130e+01  2.9686e-03
 2.0170e+01  3.2917e-03
 2.0220e+01  3.2873e-03
 2.0270e+01  3.2136e-03
 2.0320e+01  2.5165e-03
 2.0370e+01  2.1196e-03
 2.0420e+01  2.1053e-03
 2.0470e+01  2.4913e-03
 2.0520e+01  2.5588e-03
 2.0570e+01  3.7261e-03
 2.0620e+01  2.6590e-03
 2.0670e+01  2.6753e-03
 2.0720e+01  2.3749e-03
 2.0780e+01  2.6499e-03
 2.0830e+01  2.1838e-03
 2.0880e+01  2.1293e-03
 2.0930e+01  2.1406e-03
 2.0980e+01  2.2872e-03
 2.1030e+01  2.0751e-03
 2.1080e+01  2.8714e-03
 2.1140e+01  3.4379e-03
 2.1190e+01  3.2822e-03
 2.1240e+01  3.3163e-03
 2.1290e+01  3.3006e-03
 2.1350e+01  3.4938e-03
 2.1400e+01  2.9790e-03
 2.1450e+01  2.6478e-03
 2.1510e+01  2.4917e-03
 2.1560e+01  2.3132e-03
 2.1610e+01  2.1944e-03
 2.1670e+01  1.9787e-03
 2.1720e+01  2.7051e-03
 2.1780e+01  3.1048e-03
 2.1830e+01  4.1419e-03
 2.1880e+01  4.1565e-03
 2.1940e+01  2.5945e-03
 2.1990e+01  2.7411e-03
 2.2050e+01  2.5497e-03
 2.2100e+01  2.3277e-03
 2.2160e+01  1.6609e-03
 2.2210e+01  2.4600e-03
 2.2270e+01  2.4295e-03
 2.2330e+01  2.3750e-03
 2.2380e+01  1.5909e-03
 2.2440e+01  2.6090e-03
 2.2500e+01  3.2860e-03
 2.2550e+01  1.8034e-03
 2.2610e+01  1.9227e-03
 2.2670e+01  1.8019e-03
 2.2720e+01  1.9051e-03
 2.2780e+01  1.7859e-03
 2.2840e+01  2.2342e-03
 2.2900e+01  2.2182e-03
 2.2950e+01  2.2489e-03
 2.3010e+01  2.0410e-03
 2.3070e+01  2.5941e-03
 2.3130e+01  3.4262e-03
 2.3190e+01  3.3973e-03
 2.3250e+01  3.6038e-03
 2.3310e+01  3.4992e-03
 2.3370e+01  2.8011e-03
 2.3430e+01  3.1415e-03
 2.3490e+01  3.0949e-03
 2.3550e+01  3.2949e-03
 2.3610e+01  3.2595e-03
 2.3670e+01  3.2740e-03
 2.3730e+01  3.1739e-03
 2.3790e+01  3.1273e-03
 2.3850e+01  2.9485e-03
 2.3910e+01  2.7163e-03
 2.3970e+01  2.6035e-03
 2.4030e+01  3.4456e-03
 2.4090e+01  2.5006e-03
 2.4160e+01  2.2395e-03
 2.4220e+01  2.8768e-03
 2.4280e+01  2.4477e-03
 2.4340e+01  2.3075e-03
 2.4410e+01  2.3253e-03
 2.4470e+01  2.4191e-03
 2.4530e+01  2.6486e-03
 2.4600e+01  3.3186e-03
 2.4660e+01  2.9700e-03
 2.4720e+01  2.4568e-03
 2.4790e+01  2.4425e-03
 2.4850e+01  2.9788e-03
 2.4920e+01  2.9386e-03
 2.4980e+01  3.0936e-03
 2.5050e+01  3.3054e-03
 2.5110e+01  4.0227e-03
 2.5180e+01  3.7919e-03
 2.5240e+01  3.7695e-03
 2.5310e+01  3.5083e-03
 2.5380e+01  3.0951e-03
 2.5440e+01  1.5861e-03
 2.5510e+01  1.7804e-03
 2.5580e+01  2.2119e-03
 2.5640e+01  2.8892e-03
 2.5710e+01  3.2853e-03
 2.5780e+01  3.3908e-03
 2.5850e+01  4.7665e-03
 2.5920e+01  3.0907e-03
 2.5980e+01  2.8532e-03
 2.6050e+01  2.7547e-03
 2.6120e+01  2.6790e-03
 2.6190e+01  2.1811e-03
 2.6260e+01  2.1911e-03
 2.6330e+01  2.2592e-03
 2.6400e+01  2.1155e-03
 2.6470e+01  3.4612e-03
 2.6540e+01  3.5390e-03
 2.6610e+01  3.3809e-03
 2.6680e+01  3.5299e-03
 2.6750e+01  1.8104e-03
 2.6830e+01  1.6989e-03
 2.6900e+01  1.6764e-03
 2.6970e+01  2.3755e-03
 2.7040e+01  2.6427e-03
 2.7110e+01  2.2044e-03
 2.7190e+01  4.2276e-03
 2.7260e+01  3.2161e-03
 2.7330e+01  3.3685e-03
 2.7410e+01  3.7768e-03
 2.7480e+01  3.8254e-03
 2.7550e+01  3.7608e-03
 2.7630e+01  3.5392e-03
 2.7700e+01  2.0434e-03
 2.7780e+01  3.0150e-03
 2.7850e+01  3.2533e-03
 2.7930e+01  2.4099e-03
 2.8010e+01  2.3258e-03
 2.8080e+01  2.2417e-03
 2.8160e+01  2.3939e-03
 2.8230e+01  2.6451e-03
 2.8310e+01  3.5053e-03
 2.8390e+01  3.9396e-03
 2.8470e+01  4.0434e-03
 2.8540e+01  3.6143e-03
 2.8620e+01  3.6678e-03
 2.8700e+01  3.6601e-03
 2.8780e+01  3.3073e-03
 2.8860e+01  3.6380e-03
 2.8940e+01  3.6657e-03
 2.9020e+01  3.7485e-03
 2.9100e+01  3.0566e-03
 2.9180e+01  4.3777e-03
 2.9260e+01  4.4573e-03
 2.9340e+01  4.7880e-03
 2.9420e+01  3.9405e-03
 2.9500e+01  4.0380e-03
 2.9580e+01  3.2373e-03
 2.9670e+01  2.8224e-03
 2.9750e+01  2.4367e-03
 2.9830e+01  2.2228e-03
 2.9910e+01  2.2701e-03
 3.0000e+01  2.2429e-03
 3.0080e+01  2.3938e-03
 3.0170e+01  3.0426e-03
 3.0250e+01  3.3152e-03
 3.0340e+01  3.2066e-03
 3.0420e+01  4.6747e-03
 3.0510e+01  3.6124e-03
 3.0590e+01  3.3352e-03
 3.0680e+01  2.6184e-03
 3.0770e+01  2.3573e-03
 3.0850e+01  2.5520e-03
 3.0940e+01  2.4159e-03
 3.1030e+01  1.9520e-03
 3.1110e+01  2.9306e-03
 3.1200e+01  3.2423e-03
 3.1290e+01  3.7114e-03
 3.1380e+01  5.8033e-03
 3.1470e+01  4.8593e-03
 3.1560e+01  2.4251e-03
 3.1650e+01  2.3651e-03
 3.1740e+01  2.0779e-03
 3.1830e+01  2.0568e-03
 3.1920e+01  1.9984e-03
 3.2010e+01  2.1187e-03
 3.2110e+01  2.3379e-03
 3.2200e+01  2.8689e-03
 3.2290e+01  3.8937e-03
 3.2380e+01  4.3730e-03
 3.2480e+01  4.4267e-03
 3.2570e+01  4.2207e-03
 3.2670e+01  2.1664e-03
 3.2760e+01  2.3662e-03
 3.2860e+01  3.1150e-03
 3.2950e+01  3.5341e-03
 3.3050e+01  4.2976e-03
 3.3140e+01  4.3562e-03
 3.3240e+01  3.9958e-03
 3.3340e+01  3.9438e-03
 3.3440e+01  3.0230e-03
 3.3530e+01  1.8275e-03
 3.3630e+01  1.7252e-03
 3.3730e+01  2.5376e-03
 3.3830e+01  2.6777e-03
 3.3930e+01  2.7412e-03
 3.4030e+01  3.9454e-03
 3.4130e+01  4.0966e-03
 3.4230e+01  3.5296e-03
 3.4330e+01  3.4809e-03
 3.4440e+01  3.1332e-03
 3.4540e+01  2.7904e-03
 3.4640e+01  2.9352e-03
 3.4750e+01  4.0359e-03
 3.4850e+01  4.3646e-03
 3.4950e+01  5.3011e-03
 3.5060e+01  4.1163e-03
 3.5160e+01  3.6677e-03
 3.5270e+01  2.5850e-03
 3.5380e+01  4.1769e-03
 3.5480e+01  3.8145e-03
 3.5590e+01  2.8845e-03
 3.5700e+01  3.9789e-03
 3.5800e+01  4.5579e-03
 3.5910e+01  5.0198e-03
 3.6020e+01  5.5908e-03
 3.6130e+01  5.0153e-03
 3.6240e+01  3.5453e-03
 3.6350e+01  3.6578e-03
 3.6460e+01  3.0675e-03
 3.6580e+01  2.8806e-03
 3.6690e+01  4.1200e-03
 3.6800e+01  3.0577e-03
 3.6910e+01  3.4076e-03
 3.7030e+01  4.5269e-03
 3.7140e+01  3.8079e-03
 3.7260e+01  4.0598e-03
 3.7370e+01  3.2742e-03
 3.7490e+01  2.8349e-03
 3.7610e+01  3.4952e-03
 3.7720e+01  5.8305e-03
 3.7840e+01  5.3085e-03
 3.7960e+01  4.2431e-03
 3.8080e+01  4.8010e-03
 3.8200e+01  4.8282e-03
 3.8320e+01  2.1612e-03
 3.8440e+01  2.2263e-03
 3.8560e+01  3.4945e-03
 3.8680e+01  3.9073e-03
 3.8800e+01  4.5918e-03
 3.8930e+01  3.6306e-03
 3.9050e+01  3.1572e-03
 3.9170e+01  2.6107e-03
 3.9300e+01  2.9209e-03
 3.9420e+01  2.5355e-03
 3.9550e+01  2.9091e-03
 3.9680e+01  3.0665e-03
 3.9800e+01  3.0630e-03
 3.9930e+01  2.7281e-03
 4.0060e+01  2.4647e-03
 4.0190e+01  2.5733e-03
 4.0320e+01  3.0277e-03
 4.0450e+01  3.1106e-03
 4.0580e+01  6.4511e-03
 4.0710e+01  6.2913e-03
 4.0850e+01  5.3405e-03
 4.0980e+01  2.6495e-03
 4.1110e+01  3.8018e-03
 4.1250e+01  3.5434e-03
 4.1380e+01  3.5804e-03
 4.1520e+01  4.6348e-03
 4.1660e+01  4.5642e-03
 4.1800e+01  4.7730e-03
 4.1930e+01  4.1009e-03
 4.2070e+01  3.9835e-03
 4.2210e+01  3.2306e-03
 4.2350e+01  4.3263e-03
 4.2500e+01  4.6560e-03
 4.2640e+01  4.6491e-03
 4.2780e+01  4.5076e-03
 4.2920e+01  4.1602e-03
 4.3070e+01  3.7915e-03
 4.3220e+01  3.4168e-03
 4.3360e+01  3.2576e-03
 4.3510e+01  3.1680e-03
 4.3660e+01  3.1141e-03
 4.3810e+01  3.1068e-03
 4.3950e+01  4.9258e-03
 4.4110e+01  3.5575e-03
 4.4260e+01  4.7169e-03
 4.4410e+01  4.9618e-03
 4.4560e+01  4.5955e-03
 4.4720e+01  3.3686e-03
 4.4870e+01  3.1367e-03
 4.5030e+01  2.3538e-03
 4.5180e+01  3.4329e-03
 4.5340e+01  3.5970e-03
 4.5500e+01  6.3456e-03
 4.5660e+01  5.7014e-03
 4.5820e+01  5.6853e-03
 4.5980e+01  5.4236e-03
 4.6140e+01  4.5847e-03
 4.6310e+01  3.9476e-03
 4.6470e+01  4.4272e-03
 4.6640e+01  4.1902e-03
 4.6800e+01  4.0071e-03
 4.6970e+01  3.8690e-03
 4.7140e+01  3.5826e-03
 4.7310e+01  3.5334e-03
 4.7480e+01  3.6753e-03
 4.7650e+01  4.0022e-03
 4.7820e+01  5.1896e-03
 4.8000e+01  3.9093e-03
 4.8170e+01  3.6120e-03
 4.8350e+01  4.0970e-03
 4.8530e+01  3.5876e-03
 4.8700e+01  4.9957e-03
 4.8880e+01  3.9391e-03
 4.9070e+01  3.9099e-03
 4.9250e+01  3.5141e-03
 4.9430e+01  3.3556e-03
 4.9610e+01  2.9071e-03
 4.9800e+01  3.5779e-03
 4.9990e+01  3.7089e-03
 5.0180e+01  4.2060e-03
 5.0360e+01  4.3016e-03
 5.0560e+01  4.1665e-03
 5.0750e+01  3.7727e-03
 5.0940e+01  3.6331e-03
 5.1140e+01  3.6578e-03
 5.1330e+01  3.8640e-03
 5.1530e+01  4.2771e-03
 5.1730e+01  5.6956e-03
 5.1930e+01  6.1251e-03
 5.2130e+01  6.2134e-03
 5.2330e+01  6.1267e-03
 5.2540e+01  5.8636e-03
 5.2740e+01  5.5550e-03
 5.2950e+01  3.9154e-03
 5.3160e+01  4.0896e-03
 5.3370e+01  3.7300e-03
 5.3580e+01  3.5673e-03
 5.3800e+01  3.3918e-03
 5.4010e+01  3.4045e-03
 5.4230e+01  3.2921e-03
 5.4450e+01  3.3647e-03
 5.4670e+01  3.1008e-03
 5.4890e+01  3.2243e-03
 5.5110e+01  3.3883e-03
 5.5340e+01  4.9414e-03
 5.5570e+01  5.4911e-03
 5.5800e+01  5.6331e-03
 5.6030e+01  5.1847e-03
 5.6260e+01  4.0640e-03
 5.6490e+01  5.5548e-03
 5.6730e+01  5.9838e-03
 5.6970e+01  6.3104e-03
 5.7210e+01  6.3664e-03
 5.7450e+01  6.6940e-03
 5.7700e+01  5.1345e-03
 5.7940e+01  4.5440e-03
 5.8190e+01  4.5616e-03
 5.8440e+01  4.3232e-03
 5.8690e+01  4.4056e-03
 5.8950e+01  4.6501e-03
 5.9210e+01  5.3076e-03
 5.9470e+01  4.4746e-03
 5.9730e+01  4.2321e-03
 5.9990e+01  4.1280e-03
 6.0260e+01  4.2530e-03
 6.0530e+01  3.7193e-03
 6.0800e+01  4.5009e-03
 6.1070e+01  4.9191e-03
 6.1350e+01  5.4365e-03
 6.1630e+01  5.6990e-03
 6.1910e+01  5.7002e-03
 6.2200e+01  6.9516e-03
 6.2480e+01  6.3437e-03
 6.2770e+01  5.6951e-03
 6.3060e+01  5.8010e-03
 6.3360e+01  3.3489e-03
 6.3660e+01  3.5808e-03
 6.3960e+01  4.5391e-03
 6.4260e+01  4.5744e-03
 6.4570e+01  5.5995e-03
 6.4880e+01  6.6786e-03
 6.5200e+01  6.9687e-03
 6.5510e+01  5.8032e-03
 6.5830e+01  5.4120e-03
 6.6160e+01  6.1216e-03
 6.6480e+01  5.4266e-03
 6.6820e+01  4.2299e-03
 6.7150e+01  2.6088e-03
 6.7490e+01  4.7117e-03
 6.7830e+01  6.7579e-03
 6.8180e+01  7.6003e-03
 6.8530e+01  8.1948e-03
 6.8880e+01  4.9022e-03
 6.9240e+01  3.6812e-03
 6.9600e+01  3.4257e-03
