#      mass       lower
 8.9907e-03  3.3141e-04
 9.0814e-03  2.7900e-04
 9.1546e-03  3.0539e-04
 9.2284e-03  3.2721e-04
 9.3215e-03  2.9241e-04
 9.3967e-03  2.9786e-04
 9.4724e-03  2.8105e-04
 9.5488e-03  2.7576e-04
 9.6258e-03  2.4770e-04
 9.7034e-03  2.1661e-04
 9.8013e-03  2.3386e-04
 9.8803e-03  2.1120e-04
 9.9599e-03  2.1637e-04
 1.0040e-02  2.1710e-04
 1.0121e-02  1.8273e-04
 1.0182e-02  2.0674e-04
 1.0264e-02  1.5566e-04
 1.0347e-02  1.7810e-04
 1.0431e-02  1.7607e-04
 1.0515e-02  2.2551e-04
 1.0599e-02  2.3542e-04
 1.0663e-02  2.3962e-04
 1.0749e-02  2.2179e-04
 1.0836e-02  2.2559e-04
 1.0923e-02  2.2216e-04
 1.1034e-02  2.3473e-04
 1.1123e-02  2.4429e-04
 1.1235e-02  2.2529e-04
 1.1325e-02  2.2553e-04
 1.1440e-02  2.1734e-04
 1.1532e-02  2.1828e-04
 1.1625e-02  1.9555e-04
 1.1742e-02  1.8007e-04
 1.1837e-02  1.9575e-04
 1.1932e-02  2.1703e-04
 1.2028e-02  2.3451e-04
 1.2125e-02  2.1828e-04
 1.2223e-02  2.2002e-04
 1.2322e-02  2.1159e-04
 1.2421e-02  1.6835e-04
 1.2521e-02  1.8062e-04
 1.2622e-02  1.6841e-04
 1.2724e-02  1.6871e-04
 1.2827e-02  1.7673e-04
 1.2930e-02  2.1067e-04
 1.3034e-02  1.9854e-04
 1.3139e-02  2.1342e-04
 1.3245e-02  1.8445e-04
 1.3325e-02  2.0130e-04
 1.3433e-02  1.7864e-04
 1.3541e-02  1.2979e-04
 1.3623e-02  1.5187e-04
 1.3733e-02  1.4106e-04
 1.3843e-02  1.8079e-04
 1.3927e-02  1.9918e-04
 1.4039e-02  2.3375e-04
 1.4124e-02  2.1862e-04
 1.4238e-02  2.2483e-04
 1.4324e-02  2.0561e-04
 1.4439e-02  2.2519e-04
 1.4527e-02  2.0698e-04
 1.4644e-02  1.7333e-04
 1.4762e-02  1.9072e-04
 1.4881e-02  2.3617e-04
 1.5001e-02  2.7132e-04
 1.5122e-02  2.5401e-04
 1.5244e-02  2.5904e-04
 1.5366e-02  2.4513e-04
 1.5459e-02  2.4820e-04
 1.5584e-02  2.0858e-04
 1.5710e-02  1.7056e-04
 1.5836e-02  1.6792e-04
 1.5964e-02  1.9813e-04
 1.6060e-02  2.1414e-04
 1.6190e-02  1.9602e-04
 1.6320e-02  1.9258e-04
 1.6419e-02  2.1185e-04
 1.6551e-02  2.0997e-04
 1.6685e-02  1.8817e-04
 1.6786e-02  2.0336e-04
 1.6921e-02  2.3737e-04
 1.7023e-02  2.2422e-04
 1.7160e-02  2.1485e-04
 1.7264e-02  3.0194e-04
 1.7403e-02  2.8572e-04
 1.7508e-02  2.5995e-04
 1.7649e-02  2.4996e-04
 1.7756e-02  2.5627e-04
 1.7863e-02  2.2461e-04
 1.8007e-02  1.8118e-04
 1.8116e-02  1.9105e-04
 1.8226e-02  1.9550e-04
 1.8336e-02  2.0658e-04
 1.8483e-02  1.7828e-04
 1.8595e-02  2.3193e-04
 1.8745e-02  2.4380e-04
 1.8896e-02  2.3737e-04
 1.9048e-02  2.8065e-04
 1.9164e-02  2.6088e-04
 1.9318e-02  2.5857e-04
 1.9435e-02  1.9100e-04
 1.9591e-02  2.3949e-04
 1.9749e-02  2.0583e-04
 1.9869e-02  1.7725e-04
 2.0029e-02  1.8075e-04
 2.0150e-02  1.5995e-04
 2.0312e-02  1.6050e-04
 2.0435e-02  1.3555e-04
 2.0558e-02  1.4025e-04
 2.0724e-02  1.5990e-04
 2.0849e-02  1.4772e-04
 2.0975e-02  1.2523e-04
 2.1144e-02  1.5433e-04
 2.1272e-02  1.3676e-04
 2.1401e-02  1.1897e-04
 2.1573e-02  1.2357e-04
 2.1704e-02  1.7912e-04
 2.1835e-02  2.4077e-04
 2.1967e-02  2.2743e-04
 2.2099e-02  2.3949e-04
 2.2233e-02  2.7818e-04
 2.2412e-02  2.8115e-04
 2.2593e-02  2.0004e-04
 2.2729e-02  1.4705e-04
 2.2912e-02  1.5100e-04
 2.3051e-02  1.5757e-04
 2.3237e-02  1.3320e-04
 2.3377e-02  1.2727e-04
 2.3518e-02  1.4215e-04
 2.3708e-02  1.4391e-04
 2.3851e-02  1.3915e-04
 2.3995e-02  1.3013e-04
 2.4189e-02  1.5151e-04
 2.4335e-02  1.5783e-04
 2.4482e-02  1.8561e-04
 2.4679e-02  2.3235e-04
 2.4828e-02  2.1907e-04
 2.4978e-02  2.2987e-04
 2.5129e-02  2.1444e-04
 2.5281e-02  2.2865e-04
 2.5433e-02  1.9756e-04
 2.5638e-02  2.1028e-04
 2.5793e-02  2.0219e-04
 2.5949e-02  2.1103e-04
 2.6106e-02  1.9030e-04
 2.6264e-02  1.7880e-04
 2.6475e-02  1.5981e-04
 2.6635e-02  1.4515e-04
 2.6796e-02  1.3375e-04
 2.7012e-02  1.2681e-04
 2.7175e-02  1.6384e-04
 2.7340e-02  1.4032e-04
 2.7560e-02  1.6297e-04
 2.7726e-02  1.9442e-04
 2.7894e-02  2.0841e-04
 2.8062e-02  2.5627e-04
 2.8232e-02  2.0990e-04
 2.8460e-02  2.3737e-04
 2.8631e-02  1.9476e-04
 2.8804e-02  1.6798e-04
 2.8978e-02  1.9201e-04
 2.9153e-02  1.5122e-04
 2.9330e-02  1.6768e-04
 2.9507e-02  1.9338e-04
 2.9685e-02  2.0915e-04
 2.9864e-02  1.8895e-04
 3.0105e-02  1.4437e-04
 3.0287e-02  1.4775e-04
 3.0470e-02  1.3254e-04
 3.0654e-02  1.2927e-04
 3.0901e-02  1.3956e-04
 3.1088e-02  1.6828e-04
 3.1276e-02  1.8169e-04
 3.1464e-02  1.5727e-04
 3.1655e-02  1.6650e-04
 3.1910e-02  1.9269e-04
 3.2102e-02  2.3864e-04
 3.2296e-02  2.3992e-04
 3.2491e-02  2.3992e-04
 3.2688e-02  2.4207e-04
 3.2885e-02  2.1292e-04
 3.3084e-02  1.7101e-04
 3.3284e-02  1.5176e-04
 3.3485e-02  1.5531e-04
 3.3687e-02  1.1995e-04
 3.3891e-02  1.3468e-04
 3.4095e-02  1.6095e-04
 3.4370e-02  1.8963e-04
 3.4578e-02  1.7848e-04
 3.4787e-02  1.5312e-04
 3.4997e-02  1.5924e-04
 3.5208e-02  1.5339e-04
 3.5421e-02  1.4908e-04
 3.5635e-02  1.3113e-04
 3.5850e-02  1.2699e-04
 3.6139e-02  1.1090e-04
 3.6357e-02  1.5727e-04
 3.6577e-02  1.9756e-04
 3.6798e-02  2.0255e-04
 3.7020e-02  1.9933e-04
 3.7169e-02  2.6229e-04
 3.7394e-02  2.9135e-04
 3.7620e-02  2.9926e-04
 3.7923e-02  2.6276e-04
 3.8152e-02  2.3401e-04
 3.8382e-02  2.4642e-04
 3.8614e-02  2.2302e-04
 3.8847e-02  2.6699e-04
 3.9082e-02  2.5949e-04
 3.9318e-02  2.5041e-04
 3.9556e-02  2.6276e-04
 3.9795e-02  2.5355e-04
 4.0035e-02  2.4555e-04
 4.0277e-02  2.5220e-04
 4.0520e-02  2.6842e-04
 4.0765e-02  2.6417e-04
 4.1011e-02  2.7967e-04
 4.1259e-02  3.2715e-04
 4.1508e-02  2.6370e-04
 4.1759e-02  1.7070e-04
 4.2011e-02  1.4463e-04
 4.2265e-02  1.4567e-04
 4.2520e-02  1.5339e-04
 4.2777e-02  1.6889e-04
 4.3035e-02  2.7917e-04
 4.3295e-02  3.1909e-04
 4.3557e-02  3.1291e-04
 4.3820e-02  3.0683e-04
 4.4085e-02  3.0409e-04
 4.4351e-02  2.5950e-04
 4.4619e-02  2.3152e-04
 4.4889e-02  1.8695e-04
 4.5160e-02  2.2421e-04
 4.5432e-02  2.0916e-04
 4.5707e-02  2.1406e-04
 4.5983e-02  2.3992e-04
 4.6261e-02  2.1216e-04
 4.6540e-02  2.6652e-04
 4.6821e-02  2.5310e-04
 4.7104e-02  2.3695e-04
 4.7389e-02  2.4121e-04
 4.7675e-02  2.3485e-04
 4.7963e-02  2.8674e-04
 4.8253e-02  2.8622e-04
 4.8544e-02  2.8930e-04
 4.8837e-02  2.8878e-04
 4.9034e-02  3.0847e-04
 4.9330e-02  3.1570e-04
 4.9628e-02  2.7769e-04
 4.9928e-02  2.5719e-04
 5.0229e-02  3.2598e-04
 5.0533e-02  3.0902e-04
 5.0838e-02  3.0957e-04
 5.1145e-02  2.3194e-04
 5.1454e-02  1.7944e-04
 5.1765e-02  2.0730e-04
 5.2078e-02  1.7193e-04
 5.2392e-02  1.7223e-04
 5.2709e-02  1.5258e-04
 5.3027e-02  2.1103e-04
 5.3347e-02  2.6136e-04
 5.3670e-02  2.0991e-04
 5.3994e-02  1.6739e-04
 5.4211e-02  1.9792e-04
 5.4539e-02  1.6473e-04
 5.4868e-02  2.2026e-04
 5.5199e-02  1.9477e-04
 5.5533e-02  2.2988e-04
 5.5868e-02  2.4952e-04
 5.6206e-02  2.4381e-04
 5.6545e-02  2.6700e-04
 5.6887e-02  1.9167e-04
 5.7231e-02  1.6709e-04
 5.7576e-02  1.7880e-04
 5.7808e-02  2.4121e-04
 5.8157e-02  2.3402e-04
 5.8508e-02  2.8573e-04
 5.8862e-02  2.8268e-04
 5.9217e-02  3.2598e-04
 5.9575e-02  3.1513e-04
 5.9935e-02  2.3277e-04
 6.0297e-02  2.2907e-04
 6.0540e-02  2.2342e-04
 6.0905e-02  2.8878e-04
 6.1273e-02  2.5537e-04
 6.1643e-02  2.2302e-04
 6.2016e-02  2.4952e-04
 6.2390e-02  2.5950e-04
 6.2767e-02  2.3908e-04
 6.3146e-02  2.9345e-04
 6.3528e-02  2.7571e-04
 6.3783e-02  2.2785e-04
 6.4169e-02  2.2502e-04
 6.4556e-02  2.3865e-04
 6.4946e-02  1.6153e-04
 6.5339e-02  1.2146e-04
 6.5733e-02  1.2564e-04
 6.6130e-02  1.5812e-04
 6.6530e-02  2.0329e-04
 6.6797e-02  1.8496e-04
 6.7201e-02  2.7571e-04
 6.7607e-02  3.1741e-04
 6.8015e-02  3.4637e-04
 6.8426e-02  3.5448e-04
 6.8839e-02  3.6998e-04
 6.9255e-02  4.0374e-04
 6.9534e-02  3.4822e-04
 6.9954e-02  3.1180e-04
 7.0376e-02  3.2312e-04
 7.0802e-02  3.2312e-04
 7.1229e-02  2.9398e-04
 7.1659e-02  2.7376e-04
 7.1948e-02  2.5221e-04
 7.2382e-02  2.6844e-04
 7.2820e-02  2.6559e-04
 7.3260e-02  2.2145e-04
 7.3702e-02  2.5997e-04
 7.4147e-02  2.5583e-04
 7.4595e-02  3.3544e-04
 7.4895e-02  2.9769e-04
 7.5348e-02  3.0035e-04
 7.5803e-02  3.9519e-04
 7.6261e-02  3.5767e-04
 7.6721e-02  3.7330e-04
 7.7185e-02  3.1968e-04
 7.7495e-02  3.6800e-04
 7.7963e-02  3.5511e-04
 7.8434e-02  2.6941e-04
 7.8908e-02  3.2542e-04
 7.9385e-02  3.3724e-04
 7.9704e-02  3.9381e-04
 8.0186e-02  3.8890e-04
 8.0670e-02  3.5386e-04
 8.1157e-02  3.2892e-04
 8.1648e-02  2.5859e-04
 8.1976e-02  2.9662e-04
 8.2471e-02  1.9237e-04
 8.2969e-02  1.8763e-04
 8.3471e-02  1.8796e-04
 8.3975e-02  2.2303e-04
 8.4482e-02  2.4644e-04
 8.4822e-02  2.0006e-04
 8.5334e-02  2.6419e-04
 8.5850e-02  3.0904e-04
 8.6368e-02  3.9452e-04
 8.6716e-02  3.6475e-04
 8.7240e-02  3.3485e-04
 8.7767e-02  3.8411e-04
 8.8297e-02  3.8891e-04
 8.8830e-02  3.9032e-04
 8.9367e-02  3.6605e-04
 8.9726e-02  3.0576e-04
 9.0268e-02  3.8617e-04
 9.0814e-02  4.3204e-04
 9.1362e-02  3.9593e-04
 9.1730e-02  4.4138e-04
 9.2284e-02  3.6087e-04
 9.2841e-02  4.3747e-04
 9.3402e-02  3.7532e-04
 9.3966e-02  4.3515e-04
 9.4344e-02  4.9033e-04
 9.4914e-02  4.5905e-04
 9.5488e-02  5.4956e-04
 9.6064e-02  5.6749e-04
 9.6645e-02  6.6504e-04
 9.7033e-02  6.7942e-04
 9.7620e-02  6.7579e-04
 9.8209e-02  6.8185e-04
 9.8802e-02  6.9411e-04
 9.9200e-02  6.4404e-04
 9.9799e-02  5.7462e-04
 1.0040e-01  5.0542e-04
 1.0101e-01  5.2470e-04
 1.0162e-01  6.1707e-04
 1.0203e-01  5.7462e-04
 1.0264e-01  5.0994e-04
 1.0326e-01  5.3413e-04
 1.0389e-01  5.8809e-04
 1.0431e-01  5.4861e-04
 1.0494e-01  5.9443e-04
 1.0557e-01  7.0034e-04
 1.0621e-01  7.8634e-04
 1.0663e-01  8.7664e-04
 1.0728e-01  9.2810e-04
 1.0793e-01  9.9845e-04
 1.0858e-01  9.8608e-04
 1.0923e-01  1.0477e-03
 1.0967e-01  1.0292e-03
 1.1034e-01  1.0128e-03
 1.1100e-01  1.0627e-03
 1.1167e-01  1.1618e-03
 1.1212e-01  1.2125e-03
 1.1280e-01  1.2104e-03
 1.1348e-01  1.3860e-03
 1.1417e-01  1.3786e-03
 1.1463e-01  1.2191e-03
 1.1532e-01  1.2610e-03
 1.1602e-01  1.4134e-03
 1.1672e-01  1.5562e-03
 1.1719e-01  1.8270e-03
 1.1789e-01  1.3115e-03
 1.1861e-01  2.1834e-03
