#      mass       lower
 2.1410e-01  1.2784e-03
 2.1420e-01  1.2155e-03
 2.1430e-01  9.2673e-04
 2.1450e-01  8.4391e-04
 2.1460e-01  7.9378e-04
 2.1470e-01  9.4196e-04
 2.1490e-01  1.1817e-03
 2.1500e-01  1.4173e-03
 2.1520e-01  1.5166e-03
 2.1530e-01  1.3572e-03
 2.1550e-01  1.3452e-03
 2.1560e-01  1.1351e-03
 2.1580e-01  1.0897e-03
 2.1590e-01  1.1072e-03
 2.1610e-01  1.1736e-03
 2.1620e-01  1.1937e-03
 2.1640e-01  1.4556e-03
 2.1660e-01  1.2973e-03
 2.1670e-01  1.2665e-03
 2.1690e-01  1.3305e-03
 2.1710e-01  1.4023e-03
 2.1730e-01  1.4771e-03
 2.1750e-01  1.6517e-03
 2.1770e-01  1.2995e-03
 2.1780e-01  1.0257e-03
 2.1800e-01  1.2278e-03
 2.1820e-01  1.0371e-03
 2.1840e-01  9.7440e-04
 2.1860e-01  9.6160e-04
 2.1880e-01  1.1725e-03
 2.1910e-01  1.4163e-03
 2.1930e-01  1.5725e-03
 2.1950e-01  1.6409e-03
 2.1970e-01  1.6495e-03
 2.1990e-01  1.6511e-03
 2.2010e-01  1.6498e-03
 2.2040e-01  1.7024e-03
 2.2060e-01  1.7219e-03
 2.2080e-01  1.6142e-03
 2.2110e-01  1.6186e-03
 2.2130e-01  1.6050e-03
 2.2160e-01  1.5124e-03
 2.2180e-01  1.2155e-03
 2.2200e-01  1.4806e-03
 2.2230e-01  1.2600e-03
 2.2260e-01  1.5858e-03
 2.2280e-01  1.5925e-03
 2.2310e-01  1.4728e-03
 2.2330e-01  1.4478e-03
 2.2360e-01  1.3215e-03
 2.2390e-01  1.2763e-03
 2.2410e-01  1.2638e-03
 2.2440e-01  1.3711e-03
 2.2470e-01  1.4068e-03
 2.2500e-01  1.5860e-03
 2.2530e-01  1.7374e-03
 2.2560e-01  1.8385e-03
 2.2590e-01  1.7028e-03
 2.2620e-01  1.5288e-03
 2.2650e-01  1.5653e-03
 2.2680e-01  1.2853e-03
 2.2710e-01  1.2840e-03
 2.2740e-01  1.3833e-03
 2.2770e-01  1.6163e-03
 2.2800e-01  1.4609e-03
 2.2830e-01  1.6115e-03
 2.2860e-01  1.8599e-03
 2.2900e-01  2.0472e-03
 2.2930e-01  1.8935e-03
 2.2960e-01  1.8457e-03
 2.3000e-01  1.7395e-03
 2.3030e-01  1.6698e-03
 2.3060e-01  1.6254e-03
 2.3100e-01  1.6316e-03
 2.3130e-01  1.7213e-03
 2.3170e-01  1.7715e-03
 2.3200e-01  1.7042e-03
 2.3240e-01  1.6475e-03
 2.3270e-01  1.3393e-03
 2.3310e-01  1.2667e-03
 2.3350e-01  1.2798e-03
 2.3380e-01  1.4315e-03
 2.3420e-01  1.6039e-03
 2.3460e-01  1.7631e-03
 2.3500e-01  1.9678e-03
 2.3530e-01  1.8247e-03
 2.3570e-01  1.8426e-03
 2.3610e-01  1.7353e-03
 2.3650e-01  2.0276e-03
 2.3690e-01  2.0620e-03
 2.3730e-01  2.0055e-03
 2.3770e-01  1.7068e-03
 2.3810e-01  1.6812e-03
 2.3850e-01  1.8680e-03
 2.3890e-01  1.9522e-03
 2.3930e-01  1.6898e-03
 2.3980e-01  1.5892e-03
 2.4020e-01  1.5886e-03
 2.4060e-01  1.6366e-03
 2.4100e-01  1.9010e-03
 2.4150e-01  1.8223e-03
 2.4190e-01  1.7202e-03
 2.4230e-01  1.3690e-03
 2.4280e-01  1.5200e-03
 2.4320e-01  1.4291e-03
 2.4370e-01  1.5769e-03
 2.4410e-01  1.8697e-03
 2.4460e-01  1.9965e-03
 2.4500e-01  2.2484e-03
 2.4550e-01  2.1675e-03
 2.4600e-01  2.1641e-03
 2.4640e-01  1.9224e-03
 2.4690e-01  2.1621e-03
 2.4740e-01  2.0216e-03
 2.4780e-01  1.6772e-03
 2.4830e-01  1.9245e-03
 2.4880e-01  1.9411e-03
 2.4930e-01  1.4916e-03
 2.4980e-01  1.4209e-03
 2.5030e-01  1.3880e-03
 2.5080e-01  1.4394e-03
 2.5130e-01  1.7726e-03
 2.5180e-01  1.8104e-03
 2.5230e-01  1.6699e-03
 2.5280e-01  1.5689e-03
 2.5330e-01  1.5090e-03
 2.5380e-01  1.6511e-03
 2.5430e-01  1.8365e-03
 2.5480e-01  2.2157e-03
 2.5540e-01  2.0454e-03
 2.5590e-01  1.9685e-03
 2.5640e-01  1.9318e-03
 2.5700e-01  2.0355e-03
 2.5750e-01  1.6501e-03
 2.5800e-01  1.9616e-03
 2.5860e-01  1.5855e-03
 2.5910e-01  1.7994e-03
 2.5970e-01  1.9053e-03
 2.6020e-01  1.9836e-03
 2.6080e-01  1.9809e-03
 2.6130e-01  1.9467e-03
 2.6190e-01  1.9360e-03
 2.6250e-01  2.1808e-03
 2.6300e-01  2.1694e-03
 2.6360e-01  2.1462e-03
 2.6420e-01  1.7675e-03
 2.6480e-01  1.4265e-03
 2.6530e-01  1.5098e-03
 2.6590e-01  1.5569e-03
 2.6650e-01  2.1157e-03
 2.6710e-01  2.6341e-03
 2.6770e-01  2.3678e-03
 2.6830e-01  2.2106e-03
 2.6890e-01  1.6274e-03
 2.6950e-01  1.5464e-03
 2.7010e-01  1.6960e-03
 2.7070e-01  1.5269e-03
 2.7130e-01  2.0292e-03
 2.7190e-01  2.0752e-03
 2.7260e-01  2.2035e-03
 2.7320e-01  2.2089e-03
 2.7380e-01  2.3092e-03
 2.7440e-01  2.0663e-03
 2.7510e-01  1.9062e-03
 2.7570e-01  1.8340e-03
 2.7630e-01  1.5861e-03
 2.7700e-01  1.4913e-03
 2.7760e-01  1.3631e-03
 2.7830e-01  1.3254e-03
 2.7890e-01  1.8823e-03
 2.7960e-01  2.1683e-03
 2.8020e-01  2.3968e-03
 2.8090e-01  2.8851e-03
 2.8160e-01  2.8581e-03
 2.8220e-01  2.4150e-03
 2.8290e-01  2.1350e-03
 2.8360e-01  1.4591e-03
 2.8420e-01  1.3943e-03
 2.8490e-01  1.5546e-03
 2.8560e-01  1.7458e-03
 2.8630e-01  2.1220e-03
 2.8700e-01  2.4604e-03
 2.8770e-01  2.7801e-03
 2.8830e-01  2.4200e-03
 2.8900e-01  2.4610e-03
 2.8970e-01  2.1789e-03
 2.9040e-01  2.3995e-03
 2.9120e-01  1.8593e-03
 2.9190e-01  1.3726e-03
 2.9260e-01  1.3181e-03
 2.9330e-01  1.4455e-03
 2.9400e-01  1.9249e-03
 2.9470e-01  2.5518e-03
 2.9540e-01  2.9051e-03
 2.9620e-01  2.3424e-03
 2.9690e-01  2.5006e-03
 2.9760e-01  1.9956e-03
 2.9840e-01  1.8319e-03
 2.9910e-01  1.6920e-03
 2.9990e-01  1.3227e-03
 3.0060e-01  1.5890e-03
 3.0140e-01  1.8833e-03
 3.0210e-01  2.3957e-03
 3.0290e-01  2.5906e-03
 3.0360e-01  2.6216e-03
 3.0440e-01  2.6436e-03
 3.0510e-01  2.6498e-03
 3.0590e-01  2.3988e-03
 3.0670e-01  2.3069e-03
 3.0740e-01  2.1299e-03
 3.0820e-01  2.0164e-03
 3.0900e-01  2.2103e-03
 3.0980e-01  1.9501e-03
 3.1060e-01  1.7954e-03
 3.1130e-01  1.9778e-03
 3.1210e-01  2.2530e-03
 3.1290e-01  2.4875e-03
 3.1370e-01  2.2708e-03
 3.1450e-01  1.6238e-03
 3.1530e-01  1.6408e-03
 3.1610e-01  1.4957e-03
 3.1690e-01  1.3773e-03
 3.1780e-01  2.3452e-03
 3.1860e-01  2.6808e-03
 3.1940e-01  2.9385e-03
 3.2020e-01  3.0493e-03
 3.2100e-01  2.9146e-03
 3.2190e-01  2.8934e-03
 3.2270e-01  2.8150e-03
 3.2350e-01  2.6317e-03
 3.2430e-01  1.9905e-03
 3.2520e-01  1.5925e-03
 3.2600e-01  1.4999e-03
 3.2690e-01  1.7050e-03
 3.2770e-01  1.9535e-03
 3.2860e-01  2.4875e-03
 3.2940e-01  3.0144e-03
 3.3030e-01  3.2882e-03
 3.3110e-01  2.7150e-03
 3.3200e-01  2.8544e-03
 3.3280e-01  2.0984e-03
 3.3370e-01  2.0117e-03
 3.3460e-01  1.9769e-03
 3.3550e-01  1.9653e-03
 3.3630e-01  2.0101e-03
 3.3720e-01  1.8772e-03
 3.3810e-01  2.0501e-03
 3.3900e-01  2.5548e-03
 3.3990e-01  2.1221e-03
 3.4080e-01  2.3782e-03
 3.4160e-01  2.4831e-03
 3.4250e-01  1.9583e-03
 3.4340e-01  1.8073e-03
 3.4430e-01  2.0659e-03
 3.4520e-01  1.9245e-03
 3.4620e-01  2.4784e-03
 3.4710e-01  2.7637e-03
 3.4800e-01  3.4434e-03
 3.4890e-01  3.8433e-03
 3.4980e-01  2.9080e-03
 3.5070e-01  2.3820e-03
 3.5170e-01  2.0672e-03
 3.5260e-01  1.9855e-03
 3.5350e-01  1.7531e-03
 3.5440e-01  1.9499e-03
 3.5540e-01  3.1416e-03
 3.5630e-01  4.2942e-03
 3.5730e-01  4.6013e-03
 3.5820e-01  5.0908e-03
 3.5920e-01  4.1361e-03
 3.6010e-01  3.4673e-03
 3.6110e-01  2.9033e-03
 3.6200e-01  2.5311e-03
 3.6300e-01  2.4321e-03
 3.6390e-01  2.2891e-03
 3.6490e-01  2.2790e-03
 3.6590e-01  2.2972e-03
 3.6680e-01  3.3117e-03
 3.6780e-01  2.9051e-03
 3.6880e-01  2.8907e-03
 3.6980e-01  2.5402e-03
 3.7070e-01  2.1869e-03
 3.7170e-01  2.2227e-03
 3.7270e-01  2.3536e-03
 3.7370e-01  2.6609e-03
 3.7470e-01  3.0590e-03
 3.7570e-01  2.9769e-03
 3.7670e-01  2.7349e-03
 3.7770e-01  3.4909e-03
 3.7870e-01  2.7170e-03
 3.7970e-01  3.7385e-03
 3.8070e-01  3.8148e-03
 3.8170e-01  5.3167e-03
 3.8270e-01  4.1136e-03
 3.8380e-01  4.3874e-03
 3.8480e-01  4.4028e-03
 3.8580e-01  2.7402e-03
 3.8680e-01  4.8690e-03
 3.8790e-01  5.2589e-03
 3.8890e-01  4.8967e-03
 3.8990e-01  5.0428e-03
 3.9100e-01  6.0395e-03
 3.9200e-01  4.2653e-03
 3.9310e-01  3.5338e-03
 3.9410e-01  3.2712e-03
 3.9520e-01  2.9277e-03
 3.9620e-01  2.8338e-03
 3.9730e-01  2.9267e-03
 3.9830e-01  3.5764e-03
 3.9940e-01  3.9100e-03
 4.0040e-01  4.6565e-03
 4.0150e-01  4.3814e-03
 4.0260e-01  4.3058e-03
 4.0360e-01  3.3664e-03
 4.0470e-01  5.4352e-03
 4.0580e-01  5.6097e-03
 4.0690e-01  3.3845e-03
 4.0800e-01  3.3775e-03
 4.0900e-01  4.1251e-03
 4.1010e-01  3.7160e-03
 4.1120e-01  3.3814e-03
 4.1230e-01  3.3366e-03
 4.1340e-01  3.6928e-03
 4.1450e-01  5.0929e-03
 4.1560e-01  4.0627e-03
 4.1670e-01  6.2075e-03
 4.1780e-01  3.7536e-03
 4.1890e-01  3.9027e-03
 4.2010e-01  4.5659e-03
 4.2120e-01  5.9211e-03
 4.2230e-01  7.1792e-03
 4.2340e-01  8.0977e-03
 4.2450e-01  8.4682e-03
 4.2570e-01  8.2232e-03
 4.2680e-01  7.7394e-03
 4.2790e-01  6.8079e-03
 4.2910e-01  5.5962e-03
 4.3020e-01  4.5486e-03
 4.3140e-01  3.2012e-03
 4.3250e-01  3.2988e-03
 4.3360e-01  5.9233e-03
 4.3480e-01  6.7148e-03
 4.3600e-01  6.6689e-03
 4.3710e-01  6.4749e-03
 4.3830e-01  7.7076e-03
 4.3940e-01  4.4447e-03
 4.4060e-01  3.8810e-03
 4.4180e-01  3.6519e-03
 4.4290e-01  4.3969e-03
 4.4410e-01  8.9918e-03
 4.4530e-01  9.7804e-03
 4.4650e-01  8.2885e-03
 4.4760e-01  8.8400e-03
 4.4880e-01  9.0052e-03
 4.5000e-01  8.9371e-03
 4.5120e-01  5.9123e-03
 4.5240e-01  5.2855e-03
 4.5360e-01  5.3985e-03
 4.5480e-01  6.6542e-03
 4.5600e-01  7.0049e-03
 4.5720e-01  7.7289e-03
 4.5840e-01  8.7372e-03
 4.5960e-01  9.2659e-03
 4.6080e-01  1.0097e-02
 4.6200e-01  9.9042e-03
 4.6320e-01  8.6452e-03
 4.6450e-01  7.4270e-03
 4.6570e-01  5.7161e-03
 4.6690e-01  8.7242e-03
 4.6810e-01  8.0315e-03
 4.6940e-01  8.0003e-03
 4.7060e-01  7.4116e-03
 4.7180e-01  8.9428e-03
 4.7310e-01  8.6157e-03
 4.7430e-01  1.1914e-02
 4.7560e-01  1.2157e-02
 4.7680e-01  1.3909e-02
 4.7810e-01  1.0960e-02
 4.7930e-01  1.1916e-02
 4.8060e-01  1.0902e-02
 4.8180e-01  8.1515e-03
 4.8310e-01  6.4552e-03
 4.8440e-01  5.7751e-03
 4.8560e-01  7.6913e-03
 4.8690e-01  1.3138e-02
 4.8820e-01  9.2617e-03
 4.8950e-01  1.0722e-02
 4.9070e-01  1.8044e-02
 4.9200e-01  1.7260e-02
 4.9330e-01  1.3509e-02
 4.9460e-01  1.0388e-02
 4.9590e-01  6.6874e-03
 4.9720e-01  7.7915e-03
 4.9850e-01  6.3843e-03
 4.9980e-01  6.7905e-03
 5.0110e-01  6.3655e-03
 5.0240e-01  7.0725e-03
 5.0370e-01  8.5630e-03
 5.0500e-01  1.6767e-02
 5.0630e-01  2.2048e-02
 5.0760e-01  2.1586e-02
 5.0900e-01  1.8413e-02
 5.1030e-01  7.5706e-03
 5.1160e-01  5.6230e-03
 5.1290e-01  6.9813e-03
 5.1430e-01  9.3999e-03
 5.1560e-01  1.1652e-02
 5.1690e-01  1.4935e-02
 5.1830e-01  2.1940e-02
 5.1960e-01  2.2977e-02
 5.2100e-01  1.1124e-02
 5.2230e-01  9.8266e-03
 5.2370e-01  7.8673e-03
 5.3000e-01  1.0000e+05
 5.7270e-01  3.0516e-02
 5.7420e-01  2.7443e-02
 5.7570e-01  3.3617e-02
 5.7710e-01  4.3878e-02
 5.7860e-01  4.2109e-02
 5.8010e-01  2.5715e-02
 5.8150e-01  2.4270e-02
 5.8300e-01  1.8663e-02
 5.8450e-01  1.8506e-02
 5.8590e-01  1.6035e-02
 5.8740e-01  1.9470e-02
 5.8890e-01  2.8734e-02
 5.9040e-01  2.4743e-02
 5.9190e-01  3.8425e-02
 5.9340e-01  3.2902e-02
 5.9490e-01  4.3385e-02
 5.9640e-01  4.8986e-02
 5.9790e-01  4.6852e-02
 5.9940e-01  4.0473e-02
 6.0090e-01  1.5869e-02
 6.0240e-01  1.3077e-02
 6.0390e-01  1.5855e-02
 6.0540e-01  1.7778e-02
 6.0700e-01  3.1703e-02
 6.0850e-01  3.6633e-02
 6.1000e-01  4.5075e-02
 6.1150e-01  5.4098e-02
 6.1310e-01  7.2340e-02
 6.1460e-01  5.6514e-02
 6.1610e-01  4.0006e-02
 6.1770e-01  2.8563e-02
 6.1920e-01  1.4786e-02
 6.2080e-01  1.2095e-02
 6.2230e-01  1.3306e-02
 6.2390e-01  2.4756e-02
 6.2540e-01  4.4384e-02
 6.2700e-01  6.3865e-02
 6.2850e-01  6.7444e-02
 6.3010e-01  7.5428e-02
 6.3170e-01  4.1596e-02
 6.3320e-01  2.9022e-02
 6.3480e-01  2.4928e-02
 6.3640e-01  2.2241e-02
 6.3800e-01  3.5519e-02
 6.3960e-01  4.4128e-02
 6.4110e-01  4.8726e-02
 6.4270e-01  5.4114e-02
 6.4430e-01  5.6754e-02
 6.4590e-01  2.9596e-02
 6.4750e-01  3.8335e-02
 6.4910e-01  3.2314e-02
 6.5070e-01  3.6070e-02
 6.5230e-01  7.3946e-02
 6.5390e-01  6.0137e-02
 6.5560e-01  4.6193e-02
 6.5720e-01  5.1826e-02
 6.5880e-01  4.5635e-02
 6.6040e-01  3.9448e-02
 6.6200e-01  3.2253e-02
 6.6370e-01  3.5964e-02
 6.6530e-01  4.9308e-02
 6.6690e-01  3.6942e-02
 6.6860e-01  4.1548e-02
 6.7020e-01  5.0936e-02
 6.7190e-01  6.4937e-02
 6.7350e-01  6.8758e-02
 6.7520e-01  6.8128e-02
 6.7680e-01  5.2046e-02
 6.7850e-01  7.1793e-02
 6.8010e-01  4.1028e-02
 6.8180e-01  7.0472e-02
 6.8350e-01  5.3695e-02
 6.8510e-01  8.0917e-02
 6.8680e-01  7.6149e-02
 6.8850e-01  6.7369e-02
 6.9010e-01  4.4738e-02
 6.9180e-01  3.5498e-02
 6.9350e-01  4.1450e-02
 6.9520e-01  3.8937e-02
 6.9690e-01  4.6997e-02
 6.9860e-01  4.7227e-02
 7.0030e-01  4.5238e-02
 7.0200e-01  4.1728e-02
 7.0370e-01  5.0981e-02
 7.0540e-01  6.0922e-02
 7.0710e-01  6.0651e-02
 7.0880e-01  7.4695e-02
 7.1050e-01  5.3015e-02
 7.1230e-01  6.3611e-02
 7.1400e-01  8.9848e-02
 7.1570e-01  8.8041e-02
 7.1740e-01  1.0659e-01
 7.1920e-01  6.8105e-02
 7.2090e-01  1.1206e-01
 7.2260e-01  8.4217e-02
 7.2440e-01  6.2307e-02
 7.2610e-01  5.4202e-02
 7.2790e-01  5.7400e-02
 7.2960e-01  7.0592e-02
 7.3140e-01  6.1923e-02
 7.3310e-01  1.0149e-01
 7.3490e-01  1.4520e-01
 7.3670e-01  1.4639e-01
 7.3840e-01  1.3871e-01
 7.4020e-01  1.3478e-01
 7.5000e-01  1.0000e+05
 8.2750e-01  1.2250e-01
 8.2940e-01  2.9137e-01
 8.3140e-01  2.5618e-01
 8.3330e-01  2.2665e-01
 8.3530e-01  1.6213e-01
 8.3720e-01  1.0574e-01
 8.3920e-01  1.0002e-01
 8.4110e-01  1.0801e-01
 8.4310e-01  9.4353e-02
 8.4500e-01  1.0511e-01
 8.4700e-01  2.4155e-01
 8.4890e-01  2.7254e-01
 8.5090e-01  2.8040e-01
 8.5290e-01  2.3068e-01
 8.5490e-01  1.6924e-01
 8.5680e-01  1.7750e-01
 8.5880e-01  2.1044e-01
 8.6080e-01  1.8571e-01
 8.6280e-01  1.9549e-01
 8.6480e-01  1.4536e-01
 8.6680e-01  2.2245e-01
 8.6880e-01  2.2825e-01
 8.7080e-01  2.6156e-01
 8.7280e-01  2.2127e-01
 8.7480e-01  1.6838e-01
 8.7680e-01  2.0410e-01
 8.7890e-01  1.1846e-01
 8.8090e-01  2.0971e-01
 8.8290e-01  1.4767e-01
 8.8490e-01  1.4784e-01
 8.8700e-01  1.5521e-01
 8.8900e-01  2.0524e-01
 8.9100e-01  1.8775e-01
 8.9310e-01  2.1315e-01
 8.9510e-01  2.2777e-01
 8.9720e-01  1.4516e-01
 8.9920e-01  1.5390e-01
 9.0130e-01  2.0032e-01
 9.0330e-01  1.1863e-01
 9.0540e-01  2.4288e-01
 9.0750e-01  3.1521e-01
 9.0960e-01  3.7646e-01
 9.1160e-01  2.5756e-01
 9.1370e-01  2.2414e-01
 9.1580e-01  1.2544e-01
 9.1790e-01  9.4118e-02
 9.2000e-01  2.6432e-01
 9.2210e-01  3.6735e-01
 9.2420e-01  4.0535e-01
 9.2630e-01  2.7052e-01
 9.2840e-01  2.8036e-01
 9.3050e-01  1.1773e-01
 9.3260e-01  7.7946e-02
 9.3470e-01  2.5933e-01
 9.3680e-01  2.4972e-01
 9.3890e-01  9.6436e-02
 9.4110e-01  2.5395e-01
 9.4320e-01  4.2332e-01
 9.4530e-01  4.8694e-01
 9.4750e-01  4.4645e-01
 9.4960e-01  3.8336e-01
 9.5180e-01  2.2565e-01
 9.5390e-01  1.3846e-01
 9.5610e-01  3.3937e-01
 9.5820e-01  3.7030e-01
 9.6000e-01  1.0000e+05
 1.1620e+00  4.9961e-01
 1.1650e+00  5.1280e-01
 1.1670e+00  5.5283e-01
 1.1700e+00  5.2116e-01
 1.1720e+00  5.0580e-01
 1.1750e+00  5.6848e-01
 1.1780e+00  6.7368e-01
 1.1800e+00  6.2638e-01
 1.1830e+00  5.2234e-01
 1.1850e+00  3.5645e-01
 1.1880e+00  3.6051e-01
 1.1900e+00  5.8992e-01
 1.1930e+00  6.0965e-01
 1.1950e+00  6.6949e-01
 1.1980e+00  6.7791e-01
 1.2000e+00  6.4867e-01
 1.2030e+00  5.5433e-01
 1.2060e+00  4.4802e-01
 1.2080e+00  3.7893e-01
 1.2110e+00  3.7370e-01
 1.2130e+00  5.0446e-01
 1.2160e+00  3.7554e-01
 1.2190e+00  3.5617e-01
 1.2210e+00  3.7272e-01
 1.2240e+00  4.8189e-01
 1.2260e+00  5.6830e-01
 1.2290e+00  5.0698e-01
 1.2320e+00  6.0048e-01
 1.2340e+00  4.3948e-01
 1.2370e+00  6.8287e-01
 1.2400e+00  6.1592e-01
 1.2420e+00  6.3521e-01
 1.2450e+00  6.7631e-01
 1.2470e+00  6.9860e-01
 1.2500e+00  7.2488e-01
 1.2530e+00  7.4402e-01
 1.2550e+00  7.3072e-01
 1.2580e+00  7.0668e-01
 1.2610e+00  7.0928e-01
 1.2630e+00  4.9417e-01
 1.2660e+00  4.2173e-01
 1.2690e+00  3.7097e-01
 1.2710e+00  3.2502e-01
 1.2740e+00  2.8285e-01
 1.2770e+00  3.7223e-01
 1.2800e+00  5.1159e-01
 1.2820e+00  6.1609e-01
 1.2850e+00  7.0782e-01
 1.2880e+00  7.8744e-01
 1.2900e+00  7.2098e-01
 1.2930e+00  6.5238e-01
 1.2960e+00  4.6922e-01
 1.2990e+00  3.2186e-01
 1.3010e+00  3.6574e-01
 1.3040e+00  7.3812e-01
 1.3070e+00  6.9436e-01
 1.3100e+00  6.3006e-01
 1.3120e+00  5.9712e-01
 1.3150e+00  6.7555e-01
 1.3180e+00  3.7051e-01
 1.3210e+00  3.6100e-01
 1.3230e+00  3.3808e-01
 1.3260e+00  2.7014e-01
 1.3290e+00  3.0823e-01
 1.3320e+00  3.5540e-01
 1.3350e+00  3.6654e-01
 1.3370e+00  4.1252e-01
 1.3400e+00  4.4565e-01
 1.3430e+00  5.0617e-01
 1.3460e+00  4.2854e-01
 1.3490e+00  6.3531e-01
 1.3510e+00  7.9382e-01
 1.3540e+00  5.3796e-01
 1.3570e+00  4.8961e-01
 1.3600e+00  4.9332e-01
 1.3630e+00  6.4294e-01
 1.3660e+00  5.2135e-01
 1.3680e+00  5.0136e-01
 1.3710e+00  7.2731e-01
 1.3740e+00  6.4510e-01
 1.3770e+00  8.1349e-01
 1.3800e+00  8.2483e-01
 1.3830e+00  3.2141e-01
 1.3860e+00  3.3603e-01
 1.3890e+00  3.4239e-01
 1.3910e+00  4.4044e-01
 1.3940e+00  4.9691e-01
 1.3970e+00  6.6980e-01
 1.4000e+00  7.4529e-01
 1.4030e+00  8.1015e-01
 1.4060e+00  8.1145e-01
 1.4090e+00  8.1576e-01
 1.4120e+00  5.1886e-01
 1.4150e+00  4.1185e-01
 1.4180e+00  4.3238e-01
 1.4210e+00  3.4130e-01
 1.4230e+00  5.7778e-01
 1.4260e+00  3.7873e-01
 1.4290e+00  5.1329e-01
 1.4320e+00  5.0287e-01
 1.4350e+00  5.6785e-01
 1.4380e+00  5.5104e-01
 1.4410e+00  4.8634e-01
 1.4440e+00  5.0350e-01
 1.4470e+00  4.5243e-01
 1.4500e+00  4.9230e-01
 1.4530e+00  6.3801e-01
 1.4560e+00  6.7698e-01
 1.4590e+00  8.0961e-01
 1.4620e+00  9.0009e-01
 1.4650e+00  8.5454e-01
 1.4680e+00  8.9880e-01
 1.4710e+00  6.3657e-01
 1.4740e+00  5.7371e-01
 1.4770e+00  6.6440e-01
 1.4800e+00  5.7817e-01
 1.4830e+00  6.6800e-01
 1.4860e+00  6.3361e-01
 1.4890e+00  4.6674e-01
 1.4920e+00  5.2238e-01
 1.4960e+00  5.6324e-01
 1.4990e+00  7.3576e-01
 1.5020e+00  7.5250e-01
 1.5050e+00  7.2861e-01
 1.5080e+00  7.0929e-01
 1.5110e+00  7.7906e-01
 1.5140e+00  7.1618e-01
 1.5170e+00  5.6548e-01
 1.5200e+00  4.2538e-01
 1.5230e+00  4.0959e-01
 1.5260e+00  4.2488e-01
 1.5300e+00  4.3656e-01
 1.5330e+00  4.9429e-01
 1.5360e+00  4.9115e-01
 1.5390e+00  6.1249e-01
 1.5420e+00  8.8519e-01
 1.5450e+00  9.9024e-01
 1.5480e+00  8.2605e-01
 1.5510e+00  8.6397e-01
 1.5550e+00  6.5009e-01
 1.5580e+00  6.7416e-01
 1.5610e+00  8.4054e-01
 1.5640e+00  8.1712e-01
 1.5670e+00  7.9978e-01
 1.5700e+00  6.8200e-01
 1.5740e+00  6.1063e-01
 1.5770e+00  5.1691e-01
 1.5800e+00  4.7762e-01
 1.5830e+00  5.2739e-01
 1.5860e+00  8.9818e-01
 1.5900e+00  5.2852e-01
 1.5930e+00  6.4397e-01
 1.5960e+00  1.0060e+00
 1.5990e+00  1.0550e+00
 1.6030e+00  1.1534e+00
 1.6060e+00  8.5653e-01
 1.6090e+00  7.4851e-01
 1.6120e+00  7.6344e-01
 1.6160e+00  7.8422e-01
 1.6190e+00  8.2676e-01
 1.6220e+00  9.1026e-01
 1.6250e+00  6.1109e-01
 1.6290e+00  8.0936e-01
 1.6320e+00  7.8466e-01
 1.6350e+00  8.6311e-01
 1.6390e+00  7.2289e-01
 1.6420e+00  6.6887e-01
 1.6450e+00  6.1686e-01
 1.6480e+00  5.9576e-01
 1.6520e+00  5.3732e-01
 1.6550e+00  5.1979e-01
 1.6580e+00  6.2645e-01
 1.6620e+00  7.6019e-01
 1.6650e+00  5.9509e-01
 1.6680e+00  1.3085e+00
 1.6720e+00  9.5822e-01
 1.6750e+00  1.1772e+00
 1.6790e+00  1.0763e+00
 1.6820e+00  8.1644e-01
 1.6850e+00  9.0039e-01
 1.6890e+00  7.7826e-01
 1.6920e+00  5.7167e-01
 1.6950e+00  4.6446e-01
 1.6990e+00  8.2141e-01
 1.7020e+00  7.0056e-01
 1.7060e+00  5.9761e-01
 1.7090e+00  5.6185e-01
 1.7120e+00  4.9823e-01
 1.7160e+00  6.7807e-01
 1.7190e+00  7.7643e-01
 1.7230e+00  6.5625e-01
 1.7260e+00  7.3195e-01
 1.7300e+00  9.3838e-01
 1.7330e+00  9.6447e-01
 1.7370e+00  1.1289e+00
 1.7400e+00  1.1078e+00
 1.7430e+00  4.5325e-01
 1.7470e+00  3.4373e-01
 1.7500e+00  3.1906e-01
 1.7540e+00  3.5734e-01
 1.7570e+00  1.0926e+00
 1.7610e+00  1.1445e+00
 1.7640e+00  1.1584e+00
 1.7680e+00  1.2091e+00
 1.7710e+00  1.0128e+00
 1.7750e+00  8.4907e-01
 1.7780e+00  5.3024e-01
 1.7820e+00  4.3779e-01
 1.7860e+00  4.7110e-01
 1.7890e+00  4.8532e-01
 1.7930e+00  5.4255e-01
 1.7960e+00  7.6845e-01
 1.8000e+00  6.7422e-01
 1.8030e+00  7.0300e-01
 1.8070e+00  7.3475e-01
 1.8100e+00  5.7029e-01
 1.8140e+00  4.6283e-01
 1.8180e+00  4.2176e-01
 1.8210e+00  5.0687e-01
 1.8250e+00  7.3041e-01
 1.8280e+00  9.8871e-01
 1.8320e+00  1.0024e+00
 1.8360e+00  8.3615e-01
 1.8390e+00  7.3103e-01
 1.8430e+00  5.5278e-01
 1.8470e+00  5.6476e-01
 1.8500e+00  7.1500e-01
 1.8540e+00  8.4095e-01
 1.8570e+00  8.8496e-01
 1.8610e+00  6.9808e-01
 1.8650e+00  6.4058e-01
 1.8680e+00  7.3613e-01
 1.8720e+00  7.6982e-01
 1.8760e+00  7.3597e-01
 1.8800e+00  7.7300e-01
 1.8830e+00  6.8073e-01
 1.8870e+00  6.3295e-01
 1.8910e+00  5.2791e-01
 1.8940e+00  6.2342e-01
 1.8980e+00  4.8273e-01
 1.9020e+00  9.0182e-01
 1.9060e+00  1.0018e+00
 1.9090e+00  9.9248e-01
 1.9130e+00  1.0506e+00
 1.9170e+00  9.5650e-01
 1.9210e+00  1.0007e+00
 1.9240e+00  1.0140e+00
 1.9280e+00  9.6793e-01
 1.9320e+00  9.5828e-01
 1.9360e+00  8.8659e-01
 1.9390e+00  9.4958e-01
 1.9430e+00  6.8945e-01
 1.9470e+00  6.3253e-01
 1.9510e+00  7.2430e-01
 1.9550e+00  7.6137e-01
 1.9580e+00  7.7079e-01
 1.9620e+00  7.9648e-01
 1.9660e+00  8.9687e-01
 1.9700e+00  7.4137e-01
 1.9740e+00  7.2720e-01
 1.9780e+00  8.2229e-01
 1.9820e+00  7.4239e-01
 1.9850e+00  6.5379e-01
 1.9890e+00  4.8384e-01
 1.9930e+00  7.7522e-01
 1.9970e+00  5.7222e-01
 2.0010e+00  7.6371e-01
 2.0050e+00  7.4820e-01
 2.0090e+00  7.0002e-01
 2.0130e+00  5.4960e-01
 2.0170e+00  5.5524e-01
 2.0200e+00  7.0509e-01
 2.0240e+00  1.0057e+00
 2.0280e+00  6.9067e-01
 2.0320e+00  9.1624e-01
 2.0360e+00  8.7950e-01
 2.0400e+00  7.8963e-01
 2.0440e+00  5.8748e-01
 2.0480e+00  5.2805e-01
 2.0520e+00  6.9958e-01
 2.0560e+00  7.7220e-01
 2.0600e+00  8.6951e-01
 2.0640e+00  9.0153e-01
 2.0680e+00  7.2574e-01
 2.0720e+00  8.1269e-01
 2.0760e+00  6.1581e-01
 2.0800e+00  6.0320e-01
 2.0840e+00  7.2046e-01
 2.0880e+00  5.7965e-01
 2.0920e+00  9.1783e-01
 2.0960e+00  4.5764e-01
 2.1000e+00  6.1507e-01
 2.1040e+00  6.1615e-01
 2.1080e+00  5.5917e-01
 2.1120e+00  8.4897e-01
 2.1170e+00  6.9500e-01
 2.1210e+00  1.0427e+00
 2.1250e+00  1.0851e+00
 2.1290e+00  1.0638e+00
 2.1330e+00  9.9288e-01
 2.1370e+00  6.7544e-01
 2.1410e+00  7.2172e-01
 2.1450e+00  6.9650e-01
 2.1490e+00  7.9312e-01
 2.1540e+00  9.4578e-01
 2.1580e+00  1.2179e+00
 2.1620e+00  8.5253e-01
 2.1660e+00  4.5854e-01
 2.1700e+00  4.7698e-01
 2.1740e+00  4.6752e-01
 2.1780e+00  5.5756e-01
 2.1830e+00  6.4940e-01
 2.1870e+00  1.0004e+00
 2.1910e+00  1.1353e+00
 2.1950e+00  1.1746e+00
 2.1990e+00  1.1386e+00
 2.2040e+00  1.0642e+00
 2.2080e+00  9.7160e-01
 2.2120e+00  5.3844e-01
 2.2160e+00  6.8635e-01
 2.2210e+00  6.8863e-01
 2.2250e+00  5.9433e-01
 2.2290e+00  6.0287e-01
 2.2330e+00  6.3031e-01
 2.2380e+00  6.6111e-01
 2.2420e+00  6.7768e-01
 2.2460e+00  5.9940e-01
 2.2510e+00  5.7992e-01
 2.2550e+00  8.4791e-01
 2.2590e+00  8.9128e-01
 2.2640e+00  9.4096e-01
 2.2680e+00  8.6668e-01
 2.2720e+00  8.5117e-01
 2.2770e+00  1.0420e+00
 2.2810e+00  7.1634e-01
 2.2850e+00  6.5917e-01
 2.2900e+00  1.0276e+00
 2.2940e+00  9.4870e-01
 2.2980e+00  9.1330e-01
 2.3030e+00  8.1846e-01
 2.3070e+00  6.0082e-01
 2.3110e+00  5.2911e-01
 2.3160e+00  5.5248e-01
 2.3200e+00  5.2032e-01
 2.3250e+00  5.5281e-01
 2.3290e+00  5.1343e-01
 2.3340e+00  5.7448e-01
 2.3380e+00  9.6846e-01
 2.3420e+00  6.8921e-01
 2.3470e+00  8.7306e-01
 2.3510e+00  8.4560e-01
 2.3560e+00  5.9211e-01
 2.3600e+00  4.7189e-01
 2.3650e+00  8.6095e-01
 2.3690e+00  6.5599e-01
 2.3740e+00  8.4261e-01
 2.3780e+00  9.4311e-01
 2.3830e+00  9.7504e-01
 2.3870e+00  9.6358e-01
 2.3920e+00  9.3050e-01
 2.3960e+00  9.3214e-01
 2.4010e+00  7.4608e-01
 2.4050e+00  9.1332e-01
 2.4100e+00  1.2306e+00
 2.4150e+00  8.0025e-01
 2.4190e+00  7.1687e-01
 2.4240e+00  5.6642e-01
 2.4280e+00  5.6638e-01
 2.4330e+00  7.2888e-01
 2.4380e+00  6.0155e-01
 2.4420e+00  1.0884e+00
 2.4470e+00  1.3172e+00
 2.4510e+00  8.8742e-01
 2.4560e+00  7.9098e-01
 2.4610e+00  6.7280e-01
 2.4650e+00  8.5314e-01
 2.4700e+00  5.8777e-01
 2.4750e+00  7.0874e-01
 2.4790e+00  7.7267e-01
 2.4840e+00  8.4850e-01
 2.4890e+00  7.4580e-01
 2.4930e+00  7.8287e-01
 2.4980e+00  7.4575e-01
 2.5030e+00  8.1652e-01
 2.5070e+00  8.1533e-01
 2.5120e+00  1.0664e+00
 2.5170e+00  1.1308e+00
 2.5220e+00  1.1251e+00
 2.5260e+00  1.0909e+00
 2.5310e+00  9.4998e-01
 2.5360e+00  8.0387e-01
 2.5410e+00  8.3923e-01
 2.5450e+00  5.9905e-01
 2.5500e+00  6.9543e-01
 2.5550e+00  5.6469e-01
 2.5600e+00  8.4258e-01
 2.5650e+00  7.1991e-01
 2.5690e+00  7.3357e-01
 2.5740e+00  8.5966e-01
 2.5790e+00  1.0325e+00
 2.5840e+00  1.0980e+00
 2.5890e+00  9.0239e-01
 2.5940e+00  5.7837e-01
 2.5980e+00  6.0919e-01
 2.6030e+00  9.9587e-01
 2.6080e+00  8.6925e-01
 2.6130e+00  1.0267e+00
 2.6180e+00  8.4019e-01
 2.6230e+00  9.8159e-01
 2.6280e+00  5.2521e-01
 2.6330e+00  5.6053e-01
 2.6380e+00  9.8098e-01
 2.6430e+00  5.8913e-01
 2.6480e+00  6.5872e-01
 2.6520e+00  6.6497e-01
 2.6570e+00  9.6267e-01
 2.6620e+00  1.0585e+00
 2.6670e+00  1.2204e+00
 2.6720e+00  1.2311e+00
 2.6770e+00  1.2409e+00
 2.6820e+00  1.0384e+00
 2.6870e+00  1.1137e+00
 2.6920e+00  1.0242e+00
 2.6970e+00  7.3842e-01
 2.9000e+00  1.0000e+05
 3.3000e+00  8.1156e-01
 3.3070e+00  8.4466e-01
 3.3140e+00  1.2116e+00
 3.3210e+00  1.2281e+00
 3.3290e+00  1.1556e+00
 3.3360e+00  8.8740e-01
 3.3440e+00  7.7039e-01
 3.3510e+00  7.4812e-01
 3.3580e+00  7.8803e-01
 3.3660e+00  9.8489e-01
 3.3730e+00  8.4962e-01
 3.3810e+00  7.6744e-01
 3.3880e+00  7.2748e-01
 3.3950e+00  9.8829e-01
 3.4030e+00  1.3107e+00
 3.4100e+00  1.2422e+00
 3.4180e+00  1.2347e+00
 3.4250e+00  1.2051e+00
 3.4330e+00  1.3026e+00
 3.4400e+00  8.1647e-01
 3.4480e+00  6.1447e-01
 3.4560e+00  5.3533e-01
 3.4630e+00  5.2281e-01
 3.4710e+00  1.1204e+00
 3.4780e+00  1.1740e+00
 3.4860e+00  1.1165e+00
 3.4940e+00  1.2540e+00
 3.5010e+00  1.3236e+00
 3.5090e+00  1.3503e+00
 3.5170e+00  1.2824e+00
 3.5240e+00  1.1997e+00
 3.5320e+00  1.4769e+00
 3.6000e+00  1.0000e+05
 3.9340e+00  1.4405e+00
 3.9430e+00  9.8529e-01
 3.9510e+00  8.9648e-01
 3.9600e+00  8.2326e-01
 3.9680e+00  1.1201e+00
 3.9770e+00  8.7379e-01
 3.9850e+00  6.8812e-01
 3.9940e+00  7.2886e-01
 4.0030e+00  8.8042e-01
 4.0110e+00  1.5751e+00
 4.0200e+00  1.2468e+00
 4.0280e+00  1.3519e+00
 4.0370e+00  1.6628e+00
 4.0460e+00  1.8772e+00
 4.0540e+00  1.5478e+00
 4.0630e+00  1.3336e+00
 4.0720e+00  1.4137e+00
 4.0800e+00  1.1287e+00
 4.0890e+00  1.0109e+00
 4.0980e+00  9.8799e-01
 4.1060e+00  9.8128e-01
 4.1150e+00  1.3028e+00
 4.1240e+00  1.8699e+00
 4.1330e+00  1.4174e+00
 4.1420e+00  6.0506e-01
 4.1510e+00  5.2681e-01
 4.1590e+00  5.2480e-01
 4.1680e+00  5.2926e-01
 4.1770e+00  5.4449e-01
 4.1860e+00  1.0288e+00
 4.1950e+00  1.2924e+00
 4.2040e+00  1.0946e+00
 4.2130e+00  1.0993e+00
 4.2220e+00  1.1118e+00
 4.2310e+00  9.4742e-01
 4.2400e+00  9.1682e-01
 4.2490e+00  1.3057e+00
 4.2580e+00  8.8484e-01
 4.2670e+00  9.8036e-01
 4.2760e+00  9.0695e-01
 4.2850e+00  9.2488e-01
 4.2940e+00  9.5788e-01
 4.3030e+00  1.0073e+00
 4.3120e+00  1.1337e+00
 4.3220e+00  1.2775e+00
 4.3310e+00  1.1705e+00
 4.3400e+00  1.1309e+00
 4.3490e+00  6.5175e-01
 4.3580e+00  5.4976e-01
 4.3680e+00  6.3821e-01
 4.3770e+00  9.2115e-01
 4.3860e+00  8.7832e-01
 4.3950e+00  8.4575e-01
 4.4050e+00  1.1765e+00
 4.4140e+00  1.2754e+00
 4.4230e+00  1.2656e+00
 4.4330e+00  1.3181e+00
 4.4420e+00  1.3052e+00
 4.4520e+00  1.4439e+00
 4.4610e+00  1.2729e+00
 4.4700e+00  1.3270e+00
 4.4800e+00  8.8289e-01
 4.4890e+00  8.1314e-01
 4.4990e+00  7.5816e-01
 4.5080e+00  1.1161e+00
 4.5180e+00  1.0628e+00
 4.5270e+00  1.1722e+00
 4.5370e+00  9.8808e-01
 4.5470e+00  1.2984e+00
 4.5560e+00  1.1308e+00
 4.5660e+00  1.1950e+00
 4.5750e+00  1.2448e+00
 4.5850e+00  8.5676e-01
 4.5950e+00  7.1685e-01
 4.6040e+00  5.0524e-01
 4.6140e+00  5.0659e-01
 4.6240e+00  7.1819e-01
 4.6340e+00  7.3889e-01
 4.6430e+00  9.4857e-01
 4.6530e+00  9.6808e-01
 4.6630e+00  9.9565e-01
 4.6730e+00  1.0656e+00
 4.6830e+00  1.0852e+00
 4.6920e+00  1.1068e+00
 4.7020e+00  9.3532e-01
 4.7120e+00  6.4857e-01
 4.7220e+00  8.7879e-01
 4.7320e+00  9.3027e-01
 4.7420e+00  1.1800e+00
 4.7520e+00  1.2983e+00
 4.7620e+00  1.4488e+00
 4.7720e+00  1.4870e+00
 4.7820e+00  1.5547e+00
 4.7920e+00  1.3036e+00
 4.8020e+00  6.1044e-01
 4.8120e+00  5.2959e-01
 4.8220e+00  5.4670e-01
 4.8330e+00  7.0889e-01
 4.8430e+00  8.8968e-01
 4.8530e+00  1.5151e+00
 4.8630e+00  1.3174e+00
 4.8730e+00  1.2611e+00
 4.8830e+00  1.2360e+00
 4.8940e+00  1.0574e+00
 4.9040e+00  9.8197e-01
 4.9140e+00  7.0746e-01
 4.9250e+00  7.2435e-01
 4.9350e+00  6.9362e-01
 4.9450e+00  6.6122e-01
 4.9560e+00  7.3752e-01
 4.9660e+00  8.6140e-01
 4.9760e+00  8.7612e-01
 4.9870e+00  7.0820e-01
 4.9970e+00  6.9914e-01
 5.0080e+00  5.9162e-01
 5.0180e+00  6.8583e-01
 5.0290e+00  8.2670e-01
 5.0390e+00  7.6942e-01
 5.0500e+00  1.0002e+00
 5.0600e+00  1.2136e+00
 5.0710e+00  1.0637e+00
 5.0820e+00  7.4388e-01
 5.0920e+00  6.1833e-01
 5.1030e+00  9.2061e-01
 5.1140e+00  7.9879e-01
 5.1240e+00  7.4004e-01
 5.1350e+00  7.8601e-01
 5.1460e+00  1.2056e+00
 5.1570e+00  1.0130e+00
 5.1670e+00  1.1653e+00
 5.1780e+00  1.1410e+00
 5.1890e+00  8.3875e-01
 5.2000e+00  9.5984e-01
 5.2110e+00  9.5932e-01
 5.2220e+00  1.0053e+00
 5.2320e+00  1.0873e+00
 5.2430e+00  1.1237e+00
 5.2540e+00  1.1543e+00
 5.2650e+00  1.1014e+00
 5.2760e+00  1.0590e+00
 5.2870e+00  8.3314e-01
 5.2980e+00  9.2352e-01
 5.3090e+00  8.6950e-01
 5.3210e+00  9.8006e-01
 5.3320e+00  7.4836e-01
 5.3430e+00  7.0335e-01
 5.3540e+00  7.3245e-01
 5.3650e+00  7.8845e-01
 5.3760e+00  9.7884e-01
 5.3880e+00  1.0676e+00
 5.3990e+00  1.0257e+00
 5.4100e+00  1.0036e+00
 5.4210e+00  5.5937e-01
 5.4330e+00  6.3183e-01
 5.4440e+00  1.2133e+00
 5.4550e+00  1.2095e+00
 5.4670e+00  1.0996e+00
 5.4780e+00  9.7109e-01
 5.4900e+00  7.8336e-01
 5.5010e+00  6.1159e-01
 5.5120e+00  5.6874e-01
 5.5240e+00  6.7282e-01
 5.5350e+00  6.5169e-01
 5.5470e+00  7.2405e-01
 5.5590e+00  8.3658e-01
 5.5700e+00  8.7889e-01
 5.5820e+00  8.4871e-01
 5.5930e+00  9.5549e-01
 5.6050e+00  9.7022e-01
 5.6170e+00  9.5059e-01
 5.6280e+00  1.1393e+00
 5.6400e+00  1.1165e+00
 5.6520e+00  1.1682e+00
 5.6640e+00  1.0097e+00
 5.6750e+00  1.2173e+00
 5.6870e+00  8.5958e-01
 5.6990e+00  1.2316e+00
 5.7110e+00  7.6553e-01
 5.7230e+00  1.2330e+00
 5.7350e+00  1.2542e+00
 5.7470e+00  1.1886e+00
 5.7590e+00  1.4405e+00
 5.7710e+00  1.1320e+00
 5.7830e+00  1.1145e+00
 5.7950e+00  7.8595e-01
 5.8070e+00  9.6821e-01
 5.8190e+00  9.5442e-01
 5.8310e+00  8.8305e-01
 5.8430e+00  8.6831e-01
 5.8550e+00  9.3112e-01
 5.8670e+00  8.3972e-01
 5.8800e+00  7.4620e-01
 5.8920e+00  5.6773e-01
 5.9040e+00  6.4479e-01
 5.9160e+00  6.6587e-01
 5.9290e+00  6.3422e-01
 5.9410e+00  5.9828e-01
 5.9530e+00  5.6180e-01
 5.9660e+00  6.2413e-01
 5.9780e+00  1.1268e+00
 5.9910e+00  1.2096e+00
 6.0030e+00  1.0538e+00
 6.0150e+00  9.5299e-01
 6.0280e+00  8.3523e-01
 6.0410e+00  8.3623e-01
 6.0530e+00  8.6690e-01
 6.0660e+00  7.0742e-01
 6.0780e+00  1.0104e+00
 6.0910e+00  6.0968e-01
 6.1040e+00  6.3609e-01
 6.1160e+00  8.2824e-01
 6.1290e+00  1.0034e+00
 6.1420e+00  1.4411e+00
 6.1540e+00  1.4753e+00
 6.1670e+00  1.4351e+00
 6.1800e+00  9.2890e-01
 6.1930e+00  1.0292e+00
 6.2060e+00  9.1309e-01
 6.2190e+00  5.5204e-01
 6.2320e+00  1.0074e+00
 6.2450e+00  9.5526e-01
 6.2580e+00  6.1694e-01
 6.2710e+00  7.5886e-01
 6.2840e+00  8.1009e-01
 6.2970e+00  1.0803e+00
 6.3100e+00  9.9999e-01
 6.3230e+00  1.0052e+00
 6.3360e+00  8.3746e-01
 6.3490e+00  7.0814e-01
 6.3620e+00  8.4529e-01
 6.3760e+00  8.9274e-01
 6.3890e+00  1.0854e+00
 6.4020e+00  4.6057e-01
 6.4150e+00  4.4720e-01
 6.4290e+00  6.8111e-01
 6.4420e+00  8.1674e-01
 6.4560e+00  9.4808e-01
 6.4690e+00  1.0784e+00
 6.4820e+00  1.3885e+00
 6.4960e+00  1.4213e+00
 6.5090e+00  1.1021e+00
 6.5230e+00  1.0060e+00
 6.5360e+00  7.1161e-01
 6.5500e+00  6.0350e-01
 6.5640e+00  5.2858e-01
 6.5770e+00  6.3986e-01
 6.5910e+00  7.1156e-01
 6.6050e+00  5.8178e-01
 6.6180e+00  1.2475e+00
 6.6320e+00  1.0196e+00
 6.6460e+00  1.0259e+00
 6.6600e+00  6.8828e-01
 6.6740e+00  6.0813e-01
 6.6870e+00  5.3745e-01
 6.7010e+00  5.5430e-01
 6.7150e+00  5.1900e-01
 6.7290e+00  8.8446e-01
 6.7430e+00  9.6673e-01
 6.7570e+00  6.6397e-01
 6.7710e+00  6.6447e-01
 6.7850e+00  5.5006e-01
 6.8000e+00  5.2152e-01
 6.8140e+00  4.9243e-01
 6.8280e+00  8.1786e-01
 6.8420e+00  1.0014e+00
 6.8560e+00  1.1042e+00
 6.8710e+00  1.1179e+00
 6.8850e+00  1.2038e+00
 6.8990e+00  1.1795e+00
 6.9130e+00  1.0388e+00
 6.9280e+00  9.2591e-01
 6.9420e+00  5.9476e-01
 6.9570e+00  6.5432e-01
 6.9710e+00  9.5227e-01
 6.9860e+00  1.1194e+00
 7.0000e+00  1.4405e+00
 7.0150e+00  1.3165e+00
 7.0290e+00  7.1916e-01
 7.0440e+00  5.9630e-01
 7.0590e+00  5.9733e-01
 7.0730e+00  4.4785e-01
 7.0880e+00  4.6194e-01
 7.1030e+00  7.2281e-01
 7.1180e+00  1.2658e+00
 7.1320e+00  1.4898e+00
 7.1470e+00  1.6189e+00
 7.1620e+00  1.0754e+00
 7.1770e+00  6.3524e-01
 7.1920e+00  6.4734e-01
 7.2070e+00  3.9451e-01
 7.2220e+00  8.4285e-01
 7.2370e+00  9.4727e-01
 7.2520e+00  1.2519e+00
 7.2670e+00  1.2598e+00
 7.2820e+00  1.0800e+00
 7.2980e+00  9.8730e-01
 7.3130e+00  1.0526e+00
 7.3280e+00  4.9373e-01
 7.3430e+00  9.7615e-01
 7.3590e+00  1.0810e+00
 7.3740e+00  1.1928e+00
 7.3890e+00  1.1211e+00
 7.4050e+00  1.1827e+00
 7.4200e+00  1.0920e+00
 7.4360e+00  8.7863e-01
 7.4510e+00  6.9521e-01
 7.4670e+00  5.9821e-01
 7.4820e+00  4.8461e-01
 7.4980e+00  5.1220e-01
 7.5130e+00  5.3654e-01
 7.5290e+00  7.8369e-01
 7.5450e+00  1.8577e+00
 7.5610e+00  8.7905e-01
 7.5760e+00  6.9463e-01
 7.5920e+00  5.7446e-01
 7.6080e+00  4.4474e-01
 7.6240e+00  7.0827e-01
 7.6400e+00  8.3262e-01
 7.6560e+00  1.2095e+00
 7.6720e+00  1.2817e+00
 7.6880e+00  1.1910e+00
 7.7040e+00  1.1182e+00
 7.7200e+00  9.5963e-01
 7.7360e+00  5.0695e-01
 7.7520e+00  5.6070e-01
 7.7680e+00  5.7649e-01
 7.7850e+00  6.2389e-01
 7.8010e+00  7.4038e-01
 7.8170e+00  1.0165e+00
 7.8340e+00  8.4891e-01
 7.8500e+00  8.7417e-01
 7.8660e+00  9.1532e-01
 7.8830e+00  8.8476e-01
 7.8990e+00  6.9502e-01
 7.9160e+00  9.2527e-01
 7.9320e+00  8.9784e-01
 7.9490e+00  7.6826e-01
 7.9660e+00  9.0053e-01
 7.9820e+00  6.2439e-01
 7.9990e+00  7.4556e-01
 8.0160e+00  6.4181e-01
 8.0320e+00  9.0526e-01
 8.0490e+00  9.5739e-01
 8.0660e+00  9.5580e-01
 8.0830e+00  8.5987e-01
 8.1000e+00  6.0436e-01
 8.1170e+00  6.9394e-01
 8.1340e+00  6.6495e-01
 8.1510e+00  7.0181e-01
 8.1680e+00  7.0711e-01
 8.1850e+00  7.8352e-01
 8.2020e+00  7.7928e-01
 8.2190e+00  8.2193e-01
 8.2370e+00  8.4245e-01
 8.2540e+00  9.4365e-01
 8.2710e+00  9.7054e-01
 8.2890e+00  1.1265e+00
 8.3060e+00  9.7838e-01
 8.3230e+00  9.5789e-01
 8.3410e+00  8.5253e-01
 8.3580e+00  9.1308e-01
 8.3760e+00  9.8311e-01
 8.3930e+00  1.2465e+00
 8.4110e+00  1.2355e+00
 8.4290e+00  1.1939e+00
 8.4460e+00  1.2213e+00
 8.4640e+00  7.9289e-01
 8.4820e+00  9.4993e-01
 8.5000e+00  8.0771e-01
 8.5180e+00  5.9535e-01
 8.5350e+00  5.9216e-01
 8.5530e+00  7.5342e-01
 8.5710e+00  1.0785e+00
 8.5890e+00  1.2060e+00
 8.6070e+00  1.2328e+00
 8.6260e+00  1.2417e+00
 8.6440e+00  1.2739e+00
 8.6620e+00  9.4094e-01
 8.6800e+00  1.0478e+00
 8.6980e+00  1.5019e+00
 8.7170e+00  1.9114e+00
 8.7350e+00  1.0995e+00
 8.7530e+00  4.6666e-01
 8.7720e+00  3.4980e-01
 8.7900e+00  3.8444e-01
 8.8090e+00  4.6337e-01
 8.8270e+00  1.5110e+00
 9.1000e+00  1.0000e+05
 1.0690e+01  9.1287e-01
 1.0710e+01  1.4431e+00
 1.0740e+01  1.2238e+00
 1.0760e+01  8.8199e-01
 1.0780e+01  5.9186e-01
 1.0810e+01  6.7811e-01
 1.0830e+01  7.7384e-01
 1.0850e+01  1.0601e+00
 1.0880e+01  1.4541e+00
 1.0900e+01  1.6070e+00
 1.0920e+01  1.4049e+00
 1.0950e+01  1.3517e+00
 1.0970e+01  1.1181e+00
 1.0990e+01  8.3787e-01
 1.1020e+01  8.7168e-01
 1.1040e+01  3.6083e-01
 1.1060e+01  1.0143e+00
 1.1090e+01  9.3997e-01
 1.1110e+01  1.0164e+00
 1.1140e+01  1.2565e+00
 1.1160e+01  1.3956e+00
 1.1180e+01  1.2865e+00
 1.1210e+01  9.0275e-01
 1.1230e+01  7.6718e-01
 1.1260e+01  7.0510e-01
 1.1280e+01  6.1148e-01
 1.1310e+01  8.6186e-01
 1.1330e+01  8.2662e-01
 1.1350e+01  7.0602e-01
 1.1380e+01  7.0621e-01
 1.1400e+01  5.2945e-01
 1.1430e+01  5.4539e-01
 1.1450e+01  4.4233e-01
 1.1480e+01  4.3897e-01
 1.1500e+01  9.6442e-01
 1.1530e+01  1.1789e+00
 1.1550e+01  1.0633e+00
 1.1580e+01  8.9824e-01
 1.1600e+01  4.8756e-01
 1.1630e+01  6.8872e-01
 1.1650e+01  4.0211e-01
 1.1680e+01  3.9627e-01
 1.1710e+01  4.7845e-01
 1.1730e+01  8.0087e-01
 1.1760e+01  6.9974e-01
 1.1780e+01  1.0521e+00
 1.1810e+01  8.8740e-01
 1.1830e+01  1.1161e+00
 1.1860e+01  1.0262e+00
 1.1880e+01  5.3855e-01
 1.1910e+01  4.7394e-01
 1.1940e+01  4.4748e-01
 1.1960e+01  5.0110e-01
 1.1990e+01  4.6635e-01
 1.2020e+01  4.9464e-01
 1.2040e+01  5.8690e-01
 1.2070e+01  7.8283e-01
 1.2090e+01  1.0404e+00
 1.2120e+01  1.2886e+00
 1.2150e+01  1.3400e+00
 1.2170e+01  1.5322e+00
 1.2200e+01  1.0654e+00
 1.2230e+01  6.7487e-01
 1.2250e+01  4.5557e-01
 1.2280e+01  4.5436e-01
 1.2310e+01  4.7322e-01
 1.2330e+01  6.0695e-01
 1.2360e+01  5.9129e-01
 1.2390e+01  1.2250e+00
 1.2420e+01  1.1345e+00
 1.2440e+01  9.2116e-01
 1.2470e+01  7.2318e-01
 1.2500e+01  5.5287e-01
 1.2530e+01  4.6054e-01
 1.2550e+01  4.3082e-01
 1.2580e+01  6.4132e-01
 1.2610e+01  5.4180e-01
 1.2640e+01  1.0995e+00
 1.2660e+01  9.9499e-01
 1.2690e+01  8.6490e-01
 1.2720e+01  1.0045e+00
 1.2750e+01  9.5923e-01
 1.2780e+01  9.4631e-01
 1.2800e+01  6.8107e-01
 1.2830e+01  5.0192e-01
 1.2860e+01  5.4846e-01
 1.2890e+01  8.2674e-01
 1.2920e+01  5.6116e-01
 1.2950e+01  8.7892e-01
 1.2980e+01  9.9761e-01
 1.3000e+01  1.0769e+00
 1.3030e+01  1.1050e+00
 1.3060e+01  9.8319e-01
 1.3090e+01  7.5971e-01
 1.3120e+01  6.1040e-01
 1.3150e+01  5.3608e-01
 1.3180e+01  5.5292e-01
 1.3210e+01  6.8313e-01
 1.3240e+01  5.8962e-01
 1.3270e+01  5.9824e-01
 1.3300e+01  6.3776e-01
 1.3320e+01  7.8572e-01
 1.3350e+01  7.5609e-01
 1.3380e+01  7.9557e-01
 1.3410e+01  7.9107e-01
 1.3440e+01  6.8776e-01
 1.3470e+01  8.7124e-01
 1.3500e+01  6.7139e-01
 1.3530e+01  1.0212e+00
 1.3560e+01  1.0596e+00
 1.3590e+01  1.1803e+00
 1.3620e+01  1.2479e+00
 1.3650e+01  9.6508e-01
 1.3690e+01  9.4630e-01
 1.3720e+01  9.8300e-01
 1.3750e+01  8.6415e-01
 1.3780e+01  7.7499e-01
 1.3810e+01  9.5236e-01
 1.3840e+01  5.7009e-01
 1.3870e+01  5.0561e-01
 1.3900e+01  6.0417e-01
 1.3930e+01  6.2767e-01
 1.3960e+01  9.9515e-01
 1.3990e+01  1.2093e+00
 1.4030e+01  1.1751e+00
 1.4060e+01  4.9362e-01
 1.4090e+01  4.8393e-01
 1.4120e+01  6.2750e-01
 1.4150e+01  5.7717e-01
 1.4180e+01  5.5378e-01
 1.4220e+01  4.7383e-01
 1.4250e+01  6.1339e-01
 1.4280e+01  5.6544e-01
 1.4310e+01  6.0201e-01
 1.4340e+01  8.7415e-01
 1.4380e+01  1.0147e+00
 1.4410e+01  1.0194e+00
 1.4440e+01  1.0796e+00
 1.4470e+01  1.2058e+00
 1.4510e+01  1.2872e+00
 1.4540e+01  1.1739e+00
 1.4570e+01  1.2404e+00
 1.4610e+01  1.0909e+00
 1.4640e+01  7.8661e-01
 1.4670e+01  6.7547e-01
 1.4710e+01  5.5888e-01
 1.4740e+01  5.0948e-01
 1.4770e+01  7.3696e-01
 1.4810e+01  1.1134e+00
 1.4840e+01  1.1267e+00
 1.4870e+01  1.0762e+00
 1.4910e+01  8.5830e-01
 1.4940e+01  7.2524e-01
 1.4970e+01  5.1880e-01
 1.5010e+01  5.1876e-01
 1.5040e+01  5.6160e-01
 1.5080e+01  6.1989e-01
 1.5110e+01  7.5199e-01
 1.5150e+01  1.4450e+00
 1.5180e+01  1.5806e+00
 1.5210e+01  1.0978e+00
 1.5250e+01  1.0382e+00
 1.5280e+01  8.9190e-01
 1.5320e+01  4.3058e-01
 1.5350e+01  6.2724e-01
 1.5390e+01  6.3021e-01
 1.5420e+01  6.5265e-01
 1.5460e+01  7.0789e-01
 1.5490e+01  1.1125e+00
 1.5530e+01  1.1718e+00
 1.5570e+01  8.6322e-01
 1.5600e+01  6.4375e-01
 1.5640e+01  4.9851e-01
 1.5670e+01  6.3983e-01
 1.5710e+01  7.5888e-01
 1.5740e+01  7.9977e-01
 1.5780e+01  8.3956e-01
 1.5820e+01  1.0472e+00
 1.5850e+01  1.1335e+00
 1.5890e+01  1.2695e+00
 1.5930e+01  6.8683e-01
 1.5960e+01  9.3997e-01
 1.6000e+01  5.7153e-01
 1.6040e+01  5.7597e-01
 1.6070e+01  1.2901e+00
 1.6110e+01  1.2378e+00
 1.6150e+01  1.1648e+00
 1.6190e+01  1.1598e+00
 1.6220e+01  1.0234e+00
 1.6260e+01  8.4617e-01
 1.6300e+01  6.7471e-01
 1.6340e+01  6.3621e-01
 1.6370e+01  6.2702e-01
 1.6410e+01  5.3095e-01
 1.6450e+01  1.0711e+00
 1.6490e+01  8.3626e-01
 1.6530e+01  1.3530e+00
 1.6560e+01  1.1790e+00
 1.6600e+01  1.3070e+00
 1.6640e+01  1.1585e+00
 1.6680e+01  7.3341e-01
 1.6720e+01  6.5564e-01
 1.6760e+01  3.3068e-01
 1.6800e+01  4.7819e-01
 1.6840e+01  6.9556e-01
 1.6880e+01  8.0566e-01
 1.6910e+01  1.4581e+00
 1.6950e+01  1.5131e+00
 1.6990e+01  1.2607e+00
 1.7030e+01  8.9005e-01
 1.7070e+01  6.9815e-01
 1.7110e+01  4.3623e-01
 1.7150e+01  4.4109e-01
 1.7190e+01  4.6845e-01
 1.7230e+01  5.8015e-01
 1.7270e+01  7.9817e-01
 1.7310e+01  1.2988e+00
 1.7360e+01  1.4869e+00
 1.7400e+01  1.4744e+00
 1.7440e+01  7.8163e-01
 1.7480e+01  6.7901e-01
 1.7520e+01  4.7915e-01
 1.7560e+01  4.1247e-01
 1.7600e+01  5.6877e-01
 1.7640e+01  7.1326e-01
 1.7680e+01  1.2390e+00
 1.7730e+01  1.2548e+00
 1.7770e+01  1.3194e+00
 1.7810e+01  1.3542e+00
 1.7850e+01  1.3347e+00
 1.7890e+01  1.2296e+00
 1.7940e+01  1.0952e+00
 1.7980e+01  4.6197e-01
 1.8020e+01  4.5693e-01
 1.8060e+01  7.0455e-01
 1.8110e+01  5.2188e-01
 1.8150e+01  1.2904e+00
 1.8190e+01  9.2248e-01
 1.8240e+01  1.2270e+00
 1.8280e+01  7.9145e-01
 1.8320e+01  7.2332e-01
 1.8370e+01  6.8990e-01
 1.8410e+01  7.8067e-01
 1.8450e+01  6.8020e-01
 1.8500e+01  1.1073e+00
 1.8540e+01  1.1097e+00
 1.8590e+01  1.1410e+00
 1.8630e+01  6.9137e-01
 1.8680e+01  7.4404e-01
 1.8720e+01  9.0195e-01
 1.8770e+01  9.2054e-01
 1.8810e+01  9.4141e-01
 1.8860e+01  5.7694e-01
 1.8900e+01  6.2175e-01
 1.8950e+01  8.5956e-01
 1.8990e+01  1.0389e+00
 1.9040e+01  1.5411e+00
 1.9080e+01  1.2126e+00
 1.9130e+01  1.0704e+00
 1.9170e+01  1.0085e+00
 1.9220e+01  8.3966e-01
 1.9270e+01  6.7944e-01
 1.9310e+01  6.5230e-01
 1.9360e+01  8.5901e-01
 1.9410e+01  9.2219e-01
 1.9450e+01  1.0814e+00
 1.9500e+01  1.0346e+00
 1.9550e+01  7.7300e-01
 1.9600e+01  6.7748e-01
 1.9640e+01  6.8969e-01
 1.9690e+01  6.8745e-01
 1.9740e+01  6.9847e-01
 1.9790e+01  8.5375e-01
 1.9830e+01  8.4977e-01
 1.9880e+01  7.2529e-01
 1.9930e+01  5.9965e-01
 1.9980e+01  6.5240e-01
 2.0030e+01  5.8292e-01
 2.0080e+01  1.0367e+00
 2.0130e+01  1.0710e+00
 2.0170e+01  1.1875e+00
 2.0220e+01  1.1859e+00
 2.0270e+01  1.1593e+00
 2.0320e+01  9.0785e-01
 2.0370e+01  7.6468e-01
 2.0420e+01  7.5951e-01
 2.0470e+01  8.9873e-01
 2.0520e+01  9.2312e-01
 2.0570e+01  1.3442e+00
 2.0620e+01  9.5925e-01
 2.0670e+01  9.6513e-01
 2.0720e+01  8.5675e-01
 2.0780e+01  9.5595e-01
 2.0830e+01  7.8780e-01
 2.0880e+01  7.6814e-01
 2.0930e+01  7.7222e-01
 2.0980e+01  8.2508e-01
 2.1030e+01  7.4856e-01
 2.1080e+01  1.0358e+00
 2.1140e+01  1.2402e+00
 2.1190e+01  1.1840e+00
 2.1240e+01  1.1963e+00
 2.1290e+01  1.1907e+00
 2.1350e+01  1.2603e+00
 2.1400e+01  1.0746e+00
 2.1450e+01  9.5514e-01
 2.1510e+01  8.9884e-01
 2.1560e+01  8.3446e-01
 2.1610e+01  7.9157e-01
 2.1670e+01  7.1377e-01
 2.1720e+01  9.7580e-01
 2.1780e+01  1.1200e+00
 2.1830e+01  1.4941e+00
 2.1880e+01  1.4994e+00
 2.1940e+01  9.3590e-01
 2.1990e+01  9.8880e-01
 2.2050e+01  9.1975e-01
 2.2100e+01  8.3965e-01
 2.2160e+01  5.9912e-01
 2.2210e+01  8.8738e-01
 2.2270e+01  8.7637e-01
 2.2330e+01  8.5669e-01
 2.2380e+01  5.7387e-01
 2.2440e+01  9.4109e-01
 2.2500e+01  1.1853e+00
 2.2550e+01  6.5052e-01
 2.2610e+01  6.9356e-01
 2.2670e+01  6.4997e-01
 2.2720e+01  6.8720e-01
 2.2780e+01  6.4421e-01
 2.2840e+01  8.0590e-01
 2.2900e+01  8.0012e-01
 2.2950e+01  8.1119e-01
 2.3010e+01  7.3622e-01
 2.3070e+01  9.3574e-01
 2.3130e+01  1.2359e+00
 2.3190e+01  1.2255e+00
 2.3250e+01  1.2999e+00
 2.3310e+01  1.2622e+00
 2.3370e+01  1.0104e+00
 2.3430e+01  1.1332e+00
 2.3490e+01  1.1164e+00
 2.3550e+01  1.1885e+00
 2.3610e+01  1.1757e+00
 2.3670e+01  1.1810e+00
 2.3730e+01  1.1448e+00
 2.3790e+01  1.1280e+00
 2.3850e+01  1.0635e+00
 2.3910e+01  9.7980e-01
 2.3970e+01  9.3910e-01
 2.4030e+01  1.2429e+00
 2.4090e+01  9.0197e-01
 2.4160e+01  8.0779e-01
 2.4220e+01  1.0377e+00
 2.4280e+01  8.8290e-01
 2.4340e+01  8.3230e-01
 2.4410e+01  8.3874e-01
 2.4470e+01  8.7255e-01
 2.4530e+01  9.5534e-01
 2.4600e+01  1.1970e+00
 2.4660e+01  1.0713e+00
 2.4720e+01  8.8614e-01
 2.4790e+01  8.8098e-01
 2.4850e+01  1.0744e+00
 2.4920e+01  1.0599e+00
 2.4980e+01  1.1158e+00
 2.5050e+01  1.1922e+00
 2.5110e+01  1.4509e+00
 2.5180e+01  1.3677e+00
 2.5240e+01  1.3596e+00
 2.5310e+01  1.2654e+00
 2.5380e+01  1.1163e+00
 2.5440e+01  5.7207e-01
 2.5510e+01  6.4212e-01
 2.5580e+01  7.9775e-01
 2.5640e+01  1.0420e+00
 2.5710e+01  1.1849e+00
 2.5780e+01  1.2229e+00
 2.5850e+01  1.7191e+00
 2.5920e+01  1.1147e+00
 2.5980e+01  1.0290e+00
 2.6050e+01  9.9348e-01
 2.6120e+01  9.6617e-01
 2.6190e+01  7.8660e-01
 2.6260e+01  7.9019e-01
 2.6330e+01  8.1475e-01
 2.6400e+01  7.6291e-01
 2.6470e+01  1.2482e+00
 2.6540e+01  1.2763e+00
 2.6610e+01  1.2192e+00
 2.6680e+01  1.2730e+00
 2.6750e+01  6.5288e-01
 2.6830e+01  6.1267e-01
 2.6900e+01  6.0455e-01
 2.6970e+01  8.5663e-01
 2.7040e+01  9.5298e-01
 2.7110e+01  7.9493e-01
 2.7190e+01  1.5245e+00
 2.7260e+01  1.1598e+00
 2.7330e+01  1.2147e+00
 2.7410e+01  1.3619e+00
 2.7480e+01  1.3795e+00
 2.7550e+01  1.3561e+00
 2.7630e+01  1.2762e+00
 2.7700e+01  7.3684e-01
 2.7780e+01  1.0872e+00
 2.7850e+01  1.1731e+00
 2.7930e+01  8.6900e-01
 2.8010e+01  8.3866e-01
 2.8080e+01  8.0831e-01
 2.8160e+01  8.6322e-01
 2.8230e+01  9.5377e-01
 2.8310e+01  1.2640e+00
 2.8390e+01  1.4206e+00
 2.8470e+01  1.4580e+00
 2.8540e+01  1.3032e+00
 2.8620e+01  1.3225e+00
 2.8700e+01  1.3197e+00
 2.8780e+01  1.1925e+00
 2.8860e+01  1.3118e+00
 2.8940e+01  1.3218e+00
 2.9020e+01  1.3516e+00
 2.9100e+01  1.1021e+00
 2.9180e+01  1.5785e+00
 2.9260e+01  1.6071e+00
 2.9340e+01  1.7264e+00
 2.9420e+01  1.4208e+00
 2.9500e+01  1.4559e+00
 2.9580e+01  1.1672e+00
 2.9670e+01  1.0177e+00
 2.9750e+01  8.7857e-01
 2.9830e+01  8.0146e-01
 2.9910e+01  8.1848e-01
 3.0000e+01  8.0865e-01
 3.0080e+01  8.6306e-01
 3.0170e+01  1.0970e+00
 3.0250e+01  1.1953e+00
 3.0340e+01  1.1561e+00
 3.0420e+01  1.6854e+00
 3.0510e+01  1.3024e+00
 3.0590e+01  1.2025e+00
 3.0680e+01  9.4402e-01
 3.0770e+01  8.4987e-01
 3.0850e+01  9.2009e-01
 3.0940e+01  8.7100e-01
 3.1030e+01  7.0375e-01
 3.1110e+01  1.0565e+00
 3.1200e+01  1.1689e+00
 3.1290e+01  1.3380e+00
 3.1380e+01  2.0922e+00
 3.1470e+01  1.7519e+00
 3.1560e+01  8.7428e-01
 3.1650e+01  8.5265e-01
 3.1740e+01  7.4911e-01
 3.1830e+01  7.4151e-01
 3.1920e+01  7.2045e-01
 3.2010e+01  7.6380e-01
 3.2110e+01  8.4285e-01
 3.2200e+01  1.0343e+00
 3.2290e+01  1.4037e+00
 3.2380e+01  1.5765e+00
 3.2480e+01  1.5958e+00
 3.2570e+01  1.5215e+00
 3.2670e+01  7.8099e-01
 3.2760e+01  8.5301e-01
 3.2860e+01  1.1229e+00
 3.2950e+01  1.2740e+00
 3.3050e+01  1.5493e+00
 3.3140e+01  1.5704e+00
 3.3240e+01  1.4404e+00
 3.3340e+01  1.4217e+00
 3.3440e+01  1.0897e+00
 3.3530e+01  6.5880e-01
 3.3630e+01  6.2192e-01
 3.3730e+01  9.1478e-01
 3.3830e+01  9.6527e-01
 3.3930e+01  9.8814e-01
 3.4030e+01  1.4222e+00
 3.4130e+01  1.4767e+00
 3.4230e+01  1.2723e+00
 3.4330e+01  1.2548e+00
 3.4440e+01  1.1294e+00
 3.4540e+01  1.0059e+00
 3.4640e+01  1.0580e+00
 3.4750e+01  1.4548e+00
 3.4850e+01  1.5733e+00
 3.4950e+01  1.9108e+00
 3.5060e+01  1.4838e+00
 3.5160e+01  1.3220e+00
 3.5270e+01  9.3179e-01
 3.5380e+01  1.5056e+00
 3.5480e+01  1.3749e+00
 3.5590e+01  1.0397e+00
 3.5700e+01  1.4342e+00
 3.5800e+01  1.6429e+00
 3.5910e+01  1.8094e+00
 3.6020e+01  2.0152e+00
 3.6130e+01  1.8078e+00
 3.6240e+01  1.2779e+00
 3.6350e+01  1.3184e+00
 3.6460e+01  1.1057e+00
 3.6580e+01  1.0383e+00
 3.6690e+01  1.4850e+00
 3.6800e+01  1.1021e+00
 3.6910e+01  1.2282e+00
 3.7030e+01  1.6317e+00
 3.7140e+01  1.3725e+00
 3.7260e+01  1.4633e+00
 3.7370e+01  1.1802e+00
 3.7490e+01  1.0218e+00
 3.7610e+01  1.2598e+00
 3.7720e+01  2.1016e+00
 3.7840e+01  1.9134e+00
 3.7960e+01  1.5294e+00
 3.8080e+01  1.7305e+00
 3.8200e+01  1.7403e+00
 3.8320e+01  7.7900e-01
 3.8440e+01  8.0246e-01
 3.8560e+01  1.2596e+00
 3.8680e+01  1.4084e+00
 3.8800e+01  1.6552e+00
 3.8930e+01  1.3087e+00
 3.9050e+01  1.1380e+00
 3.9170e+01  9.4107e-01
 3.9300e+01  1.0529e+00
 3.9420e+01  9.1401e-01
 3.9550e+01  1.0487e+00
 3.9680e+01  1.1054e+00
 3.9800e+01  1.1042e+00
 3.9930e+01  9.8346e-01
 4.0060e+01  8.8852e-01
 4.0190e+01  9.2766e-01
 4.0320e+01  1.0915e+00
 4.0450e+01  1.1214e+00
 4.0580e+01  2.3257e+00
 4.0710e+01  2.2681e+00
 4.0850e+01  1.9254e+00
 4.0980e+01  9.5522e-01
 4.1110e+01  1.3707e+00
 4.1250e+01  1.2775e+00
 4.1380e+01  1.2909e+00
 4.1520e+01  1.6711e+00
 4.1660e+01  1.6456e+00
 4.1800e+01  1.7210e+00
 4.1930e+01  1.4786e+00
 4.2070e+01  1.4363e+00
 4.2210e+01  1.1649e+00
 4.2350e+01  1.5600e+00
 4.2500e+01  1.6789e+00
 4.2640e+01  1.6764e+00
 4.2780e+01  1.6255e+00
 4.2920e+01  1.5002e+00
 4.3070e+01  1.3673e+00
 4.3220e+01  1.2322e+00
 4.3360e+01  1.1748e+00
 4.3510e+01  1.1425e+00
 4.3660e+01  1.1231e+00
 4.3810e+01  1.1205e+00
 4.3950e+01  1.7765e+00
 4.4110e+01  1.2831e+00
 4.4260e+01  1.7013e+00
 4.4410e+01  1.7897e+00
 4.4560e+01  1.6576e+00
 4.4720e+01  1.2151e+00
 4.4870e+01  1.1315e+00
 4.5030e+01  8.4906e-01
 4.5180e+01  1.2384e+00
 4.5340e+01  1.2976e+00
 4.5500e+01  2.2892e+00
 4.5660e+01  2.0568e+00
 4.5820e+01  2.0511e+00
 4.5980e+01  1.9568e+00
 4.6140e+01  1.6542e+00
 4.6310e+01  1.4244e+00
 4.6470e+01  1.5974e+00
 4.6640e+01  1.5120e+00
 4.6800e+01  1.4460e+00
 4.6970e+01  1.3962e+00
 4.7140e+01  1.2929e+00
 4.7310e+01  1.2752e+00
 4.7480e+01  1.3264e+00
 4.7650e+01  1.4445e+00
 4.7820e+01  1.8732e+00
 4.8000e+01  1.4111e+00
 4.8170e+01  1.3038e+00
 4.8350e+01  1.4790e+00
 4.8530e+01  1.2952e+00
 4.8700e+01  1.8036e+00
 4.8880e+01  1.4222e+00
 4.9070e+01  1.4118e+00
 4.9250e+01  1.2689e+00
 4.9430e+01  1.2117e+00
 4.9610e+01  1.0498e+00
 4.9800e+01  1.2922e+00
 4.9990e+01  1.3396e+00
 5.0180e+01  1.5192e+00
 5.0360e+01  1.5538e+00
 5.0560e+01  1.5051e+00
 5.0750e+01  1.3630e+00
 5.0940e+01  1.3126e+00
 5.1140e+01  1.3217e+00
 5.1330e+01  1.3963e+00
 5.1530e+01  1.5457e+00
 5.1730e+01  2.0585e+00
 5.1930e+01  2.2139e+00
 5.2130e+01  2.2459e+00
 5.2330e+01  2.2148e+00
 5.2540e+01  2.1198e+00
 5.2740e+01  2.0084e+00
 5.2950e+01  1.4157e+00
 5.3160e+01  1.4789e+00
 5.3370e+01  1.3490e+00
 5.3580e+01  1.2902e+00
 5.3800e+01  1.2269e+00
 5.4010e+01  1.2316e+00
 5.4230e+01  1.1911e+00
 5.4450e+01  1.2175e+00
 5.4670e+01  1.1221e+00
 5.4890e+01  1.1669e+00
 5.5110e+01  1.2264e+00
 5.5340e+01  1.7887e+00
 5.5570e+01  1.9879e+00
 5.5800e+01  2.0395e+00
 5.6030e+01  1.8774e+00
 5.6260e+01  1.4717e+00
 5.6490e+01  2.0119e+00
 5.6730e+01  2.1676e+00
 5.6970e+01  2.2862e+00
 5.7210e+01  2.3068e+00
 5.7450e+01  2.4259e+00
 5.7700e+01  1.8609e+00
 5.7940e+01  1.6471e+00
 5.8190e+01  1.6536e+00
 5.8440e+01  1.5674e+00
 5.8690e+01  1.5974e+00
 5.8950e+01  1.6863e+00
 5.9210e+01  1.9250e+00
 5.9470e+01  1.6230e+00
 5.9730e+01  1.5353e+00
 5.9990e+01  1.4977e+00
 6.0260e+01  1.5434e+00
 6.0530e+01  1.3499e+00
 6.0800e+01  1.6338e+00
 6.1070e+01  1.7860e+00
 6.1350e+01  1.9741e+00
 6.1630e+01  2.0696e+00
 6.1910e+01  2.0703e+00
 6.2200e+01  2.5250e+00
 6.2480e+01  2.3045e+00
 6.2770e+01  2.0691e+00
 6.3060e+01  2.1078e+00
 6.3360e+01  1.2170e+00
 6.3660e+01  1.3015e+00
 6.3960e+01  1.6500e+00
 6.4260e+01  1.6632e+00
 6.4570e+01  2.0362e+00
 6.4880e+01  2.4291e+00
 6.5200e+01  2.5352e+00
 6.5510e+01  2.1115e+00
 6.5830e+01  1.9693e+00
 6.6160e+01  2.2278e+00
 6.6480e+01  1.9750e+00
 6.6820e+01  1.5397e+00
 6.7150e+01  9.4970e-01
 6.7490e+01  1.7155e+00
 6.7830e+01  2.4608e+00
 6.8180e+01  2.7680e+00
 6.8530e+01  2.9851e+00
 6.8880e+01  1.7861e+00
 6.9240e+01  1.3415e+00
 6.9600e+01  1.2488e+00
