#      mass       lower
 8.9907e-03  5.4674e-03
 9.0814e-03  4.9717e-03
 9.1546e-03  5.1958e-03
 9.2284e-03  5.3630e-03
 9.3215e-03  5.0356e-03
 9.3967e-03  5.0649e-03
 9.4724e-03  4.8941e-03
 9.5488e-03  4.8269e-03
 9.6258e-03  4.5369e-03
 9.7034e-03  4.1853e-03
 9.8013e-03  4.3581e-03
 9.8803e-03  4.0926e-03
 9.9599e-03  4.1385e-03
 1.0040e-02  4.1330e-03
 1.0121e-02  3.7055e-03
 1.0182e-02  3.9922e-03
 1.0264e-02  3.3088e-03
 1.0347e-02  3.6161e-03
 1.0431e-02  3.5791e-03
 1.0515e-02  4.1406e-03
 1.0599e-02  4.2246e-03
 1.0663e-02  4.2534e-03
 1.0749e-02  4.0626e-03
 1.0836e-02  4.0861e-03
 1.0923e-02  4.0373e-03
 1.1034e-02  4.1405e-03
 1.1123e-02  4.2131e-03
 1.1235e-02  4.0165e-03
 1.1325e-02  4.0041e-03
 1.1440e-02  3.9065e-03
 1.1532e-02  3.9013e-03
 1.1625e-02  3.6572e-03
 1.1742e-02  3.4710e-03
 1.1837e-02  3.6308e-03
 1.1932e-02  3.8286e-03
 1.2028e-02  3.9729e-03
 1.2125e-02  3.8116e-03
 1.2223e-02  3.8132e-03
 1.2322e-02  3.7208e-03
 1.2421e-02  3.2596e-03
 1.2521e-02  3.3854e-03
 1.2622e-02  3.2393e-03
 1.2724e-02  3.2320e-03
 1.2827e-02  3.3092e-03
 1.2930e-02  3.6290e-03
 1.3034e-02  3.5035e-03
 1.3139e-02  3.6258e-03
 1.3245e-02  3.3419e-03
 1.3325e-02  3.4930e-03
 1.3433e-02  3.2627e-03
 1.3541e-02  2.6781e-03
 1.3623e-02  2.9530e-03
 1.3733e-02  2.8130e-03
 1.3843e-02  3.2399e-03
 1.3927e-02  3.4015e-03
 1.4039e-02  3.6774e-03
 1.4124e-02  3.5442e-03
 1.4238e-02  3.5807e-03
 1.4324e-02  3.4113e-03
 1.4439e-02  3.5589e-03
 1.4527e-02  3.3995e-03
 1.4644e-02  3.0861e-03
 1.4762e-02  3.2340e-03
 1.4881e-02  3.5910e-03
 1.5001e-02  3.8342e-03
 1.5122e-02  3.6949e-03
 1.5244e-02  3.7164e-03
 1.5366e-02  3.6007e-03
 1.5459e-02  3.6123e-03
 1.5584e-02  3.2969e-03
 1.5710e-02  2.9611e-03
 1.5836e-02  2.9257e-03
 1.5964e-02  3.1743e-03
 1.6060e-02  3.2914e-03
 1.6190e-02  3.1352e-03
 1.6320e-02  3.0950e-03
 1.6419e-02  3.2378e-03
 1.6551e-02  3.2106e-03
 1.6685e-02  3.0257e-03
 1.6786e-02  3.1373e-03
 1.6921e-02  3.3767e-03
 1.7023e-02  3.2719e-03
 1.7160e-02  3.1899e-03
 1.7264e-02  3.7706e-03
 1.7403e-02  3.6532e-03
 1.7508e-02  3.4740e-03
 1.7649e-02  3.3929e-03
 1.7756e-02  3.4252e-03
 1.7863e-02  3.1969e-03
 1.8007e-02  2.8586e-03
 1.8116e-02  2.9272e-03
 1.8226e-02  2.9524e-03
 1.8336e-02  3.0260e-03
 1.8483e-02  2.7990e-03
 1.8595e-02  3.1841e-03
 1.8745e-02  3.2515e-03
 1.8896e-02  3.1954e-03
 1.9048e-02  3.4609e-03
 1.9164e-02  3.3265e-03
 1.9318e-02  3.2985e-03
 1.9435e-02  2.8261e-03
 1.9591e-02  3.1523e-03
 1.9749e-02  2.9106e-03
 1.9869e-02  2.6924e-03
 2.0029e-02  2.7081e-03
 2.0150e-02  2.5389e-03
 2.0312e-02  2.5332e-03
 2.0435e-02  2.3164e-03
 2.0558e-02  2.3510e-03
 2.0724e-02  2.5035e-03
 2.0849e-02  2.3978e-03
 2.0975e-02  2.1946e-03
 2.1144e-02  2.4347e-03
 2.1272e-02  2.2826e-03
 2.1401e-02  2.1153e-03
 2.1573e-02  2.1505e-03
 2.1704e-02  2.5899e-03
 2.1835e-02  2.9940e-03
 2.1967e-02  2.9010e-03
 2.2099e-02  2.9681e-03
 2.2233e-02  3.1893e-03
 2.2412e-02  3.1935e-03
 2.2593e-02  2.6827e-03
 2.2729e-02  2.2924e-03
 2.2912e-02  2.3140e-03
 2.3051e-02  2.3569e-03
 2.3237e-02  2.1569e-03
 2.3377e-02  2.1011e-03
 2.3518e-02  2.2158e-03
 2.3708e-02  2.2207e-03
 2.3851e-02  2.1769e-03
 2.3995e-02  2.0981e-03
 2.4189e-02  2.2561e-03
 2.4335e-02  2.2960e-03
 2.4482e-02  2.4825e-03
 2.4679e-02  2.7665e-03
 2.4828e-02  2.6782e-03
 2.4978e-02  2.7352e-03
 2.5129e-02  2.6338e-03
 2.5281e-02  2.7116e-03
 2.5433e-02  2.5129e-03
 2.5638e-02  2.5821e-03
 2.5793e-02  2.5244e-03
 2.5949e-02  2.5712e-03
 2.6106e-02  2.4343e-03
 2.6264e-02  2.3524e-03
 2.6475e-02  2.2150e-03
 2.6635e-02  2.1046e-03
 2.6796e-02  2.0140e-03
 2.7012e-02  1.9530e-03
 2.7175e-02  2.2138e-03
 2.7340e-02  2.0424e-03
 2.7560e-02  2.1924e-03
 2.7726e-02  2.3875e-03
 2.7894e-02  2.4645e-03
 2.8062e-02  2.7249e-03
 2.8232e-02  2.4585e-03
 2.8460e-02  2.6040e-03
 2.8631e-02  2.3516e-03
 2.8804e-02  2.1773e-03
 2.8978e-02  2.3209e-03
 2.9153e-02  2.0534e-03
 2.9330e-02  2.1558e-03
 2.9507e-02  2.3082e-03
 2.9685e-02  2.3933e-03
 2.9864e-02  2.2679e-03
 3.0105e-02  1.9743e-03
 3.0287e-02  1.9913e-03
 3.0470e-02  1.8803e-03
 3.0654e-02  1.8514e-03
 3.0901e-02  1.9160e-03
 3.1088e-02  2.0977e-03
 3.1276e-02  2.1731e-03
 3.1464e-02  2.0157e-03
 3.1655e-02  2.0678e-03
 3.1910e-02  2.2157e-03
 3.2102e-02  2.4585e-03
 3.2296e-02  2.4577e-03
 3.2491e-02  2.4503e-03
 3.2688e-02  2.4539e-03
 3.2885e-02  2.2944e-03
 3.3084e-02  2.0499e-03
 3.3284e-02  1.9252e-03
 3.3485e-02  1.9418e-03
 3.3687e-02  1.7012e-03
 3.3891e-02  1.7973e-03
 3.4095e-02  1.9590e-03
 3.4370e-02  2.1179e-03
 3.4578e-02  2.0485e-03
 3.4787e-02  1.8916e-03
 3.4997e-02  1.9233e-03
 3.5208e-02  1.8819e-03
 3.5421e-02  1.8497e-03
 3.5635e-02  1.7295e-03
 3.5850e-02  1.6968e-03
 3.6139e-02  1.5793e-03
 3.6357e-02  1.8752e-03
 3.6577e-02  2.0956e-03
 3.6798e-02  2.1155e-03
 3.7020e-02  2.0923e-03
 3.7169e-02  2.3956e-03
 3.7394e-02  2.5174e-03
 3.7620e-02  2.5436e-03
 3.7923e-02  2.3738e-03
 3.8152e-02  2.2333e-03
 3.8382e-02  2.2850e-03
 3.8614e-02  2.1671e-03
 3.8847e-02  2.3642e-03
 3.9082e-02  2.3238e-03
 3.9318e-02  2.2758e-03
 3.9556e-02  2.3243e-03
 3.9795e-02  2.2763e-03
 4.0035e-02  2.2334e-03
 4.0277e-02  2.2566e-03
 4.0520e-02  2.3212e-03
 4.0765e-02  2.2958e-03
 4.1011e-02  2.3551e-03
 4.1259e-02  2.5398e-03
 4.1508e-02  2.2731e-03
 4.1759e-02  1.8231e-03
 4.2011e-02  1.6730e-03
 4.2265e-02  1.6739e-03
 4.2520e-02  1.7126e-03
 4.2777e-02  1.7917e-03
 4.3035e-02  2.2971e-03
 4.3295e-02  2.4487e-03
 4.3557e-02  2.4175e-03
 4.3820e-02  2.3867e-03
 4.4085e-02  2.3689e-03
 4.4351e-02  2.1815e-03
 4.4619e-02  2.0543e-03
 4.4889e-02  1.8402e-03
 4.5160e-02  2.0094e-03
 4.5432e-02  1.9349e-03
 4.5707e-02  1.9516e-03
 4.5983e-02  2.0600e-03
 4.6261e-02  1.9313e-03
 4.6540e-02  2.1583e-03
 4.6821e-02  2.0969e-03
 4.7104e-02  2.0227e-03
 4.7389e-02  2.0347e-03
 4.7675e-02  2.0017e-03
 4.7963e-02  2.2054e-03
 4.8253e-02  2.1967e-03
 4.8544e-02  2.2019e-03
 4.8837e-02  2.1933e-03
 4.9034e-02  2.2625e-03
 4.9330e-02  2.2820e-03
 4.9628e-02  2.1336e-03
 4.9928e-02  2.0471e-03
 5.0229e-02  2.2981e-03
 5.0533e-02  2.2307e-03
 5.0838e-02  2.2260e-03
 5.1145e-02  1.9206e-03
 5.1454e-02  1.6840e-03
 5.1765e-02  1.8048e-03
 5.2078e-02  1.6385e-03
 5.2392e-02  1.6350e-03
 5.2709e-02  1.5342e-03
 5.3027e-02  1.7992e-03
 5.3347e-02  1.9965e-03
 5.3670e-02  1.7836e-03
 5.3994e-02  1.5878e-03
 5.4211e-02  1.7232e-03
 5.4539e-02  1.5672e-03
 5.4868e-02  1.8070e-03
 5.5199e-02  1.6941e-03
 5.5533e-02  1.8350e-03
 5.5868e-02  1.9062e-03
 5.6206e-02  1.8786e-03
 5.6545e-02  1.9601e-03
 5.6887e-02  1.6554e-03
 5.7231e-02  1.5409e-03
 5.7576e-02  1.5892e-03
 5.7808e-02  1.8425e-03
 5.8157e-02  1.8093e-03
 5.8508e-02  1.9935e-03
 5.8862e-02  1.9769e-03
 5.9217e-02  2.1168e-03
 5.9575e-02  2.0749e-03
 5.9935e-02  1.7775e-03
 6.0297e-02  1.7580e-03
 6.0540e-02  1.7327e-03
 6.0905e-02  1.9644e-03
 6.1273e-02  1.8415e-03
 6.1643e-02  1.7156e-03
 6.2016e-02  1.8094e-03
 6.2390e-02  1.8397e-03
 6.2767e-02  1.7604e-03
 6.3146e-02  1.9448e-03
 6.3528e-02  1.8794e-03
 6.3783e-02  1.7048e-03
 6.4169e-02  1.6891e-03
 6.4556e-02  1.7344e-03
 6.4946e-02  1.4223e-03
 6.5339e-02  1.2294e-03
 6.5733e-02  1.2467e-03
 6.6130e-02  1.3945e-03
 6.6530e-02  1.5766e-03
 6.6797e-02  1.5008e-03
 6.7201e-02  1.8274e-03
 6.7607e-02  1.9551e-03
 6.8015e-02  2.0364e-03
 6.8426e-02  2.0539e-03
 6.8839e-02  2.0922e-03
 6.9255e-02  2.1792e-03
 6.9534e-02  2.0194e-03
 6.9954e-02  1.9050e-03
 7.0376e-02  1.9335e-03
 7.0802e-02  1.9277e-03
 7.1229e-02  1.8330e-03
 7.1659e-02  1.7634e-03
 7.1948e-02  1.6891e-03
 7.2382e-02  1.7375e-03
 7.2820e-02  1.7230e-03
 7.3260e-02  1.5683e-03
 7.3702e-02  1.6944e-03
 7.4147e-02  1.6758e-03
 7.4595e-02  1.9137e-03
 7.4895e-02  1.7989e-03
 7.5348e-02  1.8016e-03
 7.5803e-02  2.0610e-03
 7.6261e-02  1.9546e-03
 7.6721e-02  1.9910e-03
 7.7185e-02  1.8366e-03
 7.7495e-02  1.9669e-03
 7.7963e-02  1.9262e-03
 7.8434e-02  1.6722e-03
 7.8908e-02  1.8327e-03
 7.9385e-02  1.8602e-03
 7.9704e-02  2.0065e-03
 8.0186e-02  1.9880e-03
 8.0670e-02  1.8904e-03
 8.1157e-02  1.8169e-03
 8.1648e-02  1.6057e-03
 8.1976e-02  1.7166e-03
 8.2471e-02  1.3777e-03
 8.2969e-02  1.3565e-03
 8.3471e-02  1.3536e-03
 8.3975e-02  1.4703e-03
 8.4482e-02  1.5410e-03
 8.4822e-02  1.3854e-03
 8.5334e-02  1.5877e-03
 8.5850e-02  1.7123e-03
 8.6368e-02  1.9296e-03
 8.6716e-02  1.8514e-03
 8.7240e-02  1.7684e-03
 8.7767e-02  1.8887e-03
 8.8297e-02  1.8948e-03
 8.8830e-02  1.8925e-03
 8.9367e-02  1.8271e-03
 8.9726e-02  1.6661e-03
 9.0268e-02  1.8674e-03
 9.0814e-02  1.9697e-03
 9.1362e-02  1.8796e-03
 9.1730e-02  1.9810e-03
 9.2284e-02  1.7852e-03
 9.2841e-02  1.9604e-03
 9.3402e-02  1.8099e-03
 9.3966e-02  1.9434e-03
 9.4344e-02  2.0594e-03
 9.4914e-02  1.9864e-03
 9.5488e-02  2.1677e-03
 9.6064e-02  2.1964e-03
 9.6645e-02  2.3716e-03
 9.7033e-02  2.3925e-03
 9.7620e-02  2.3789e-03
 9.8209e-02  2.3825e-03
 9.8802e-02  2.3968e-03
 9.9200e-02  2.3036e-03
 9.9799e-02  2.1687e-03
 1.0040e-01  2.0272e-03
 1.0101e-01  2.0595e-03
 1.0162e-01  2.2277e-03
 1.0203e-01  2.1450e-03
 1.0264e-01  2.0140e-03
 1.0326e-01  2.0553e-03
 1.0389e-01  2.1507e-03
 1.0431e-01  2.0727e-03
 1.0494e-01  2.1515e-03
 1.0557e-01  2.3296e-03
 1.0621e-01  2.4622e-03
 1.0663e-01  2.5958e-03
 1.0728e-01  2.6635e-03
 1.0793e-01  2.7554e-03
 1.0858e-01  2.7300e-03
 1.0923e-01  2.8065e-03
 1.0967e-01  2.7758e-03
 1.1034e-01  2.7452e-03
 1.1100e-01  2.8044e-03
 1.1167e-01  2.9250e-03
 1.1212e-01  2.9831e-03
 1.1280e-01  2.9715e-03
 1.1348e-01  3.1733e-03
 1.1417e-01  3.1553e-03
 1.1463e-01  2.9587e-03
 1.1532e-01  3.0010e-03
 1.1602e-01  3.1703e-03
 1.1672e-01  3.3194e-03
 1.1719e-01  3.5948e-03
 1.1789e-01  3.0282e-03
 1.1861e-01  3.9146e-03
